000000100000 
000001000000 
000001000001 
000001000011 
000001000110 
000001001100 
000001011000 
000001110000 
000010000001 
000010000010 
000010000011 
000010000101 
000010000110 
000010000111 
000010001010 
000010001100 
000010001101 
000010001111 
000010010100 
000010011000 
000010011001 
000010011011 
000010011110 
000010101000 
000010110000 
000010110001 
000010110011 
000010110110 
000010111100 
000011010000 
000011100000 
000011100001 
000011100011 
000011100110 
000011101100 
000011111000 
000100000010 
000100000100 
000100000101 
000100000111 
000100001001 
000100001010 
000100001011 
000100001101 
000100001110 
000100001111 
000100010010 
000100010100 
000100010101 
000100010111 
000100011001 
000100011010 
000100011011 
000100011101 
000100011110 
000100011111 
000100100100 
000100101000 
000100101001 
000100101011 
000100101110 
000100110001 
000100110010 
000100110011 
000100110101 
000100110110 
000100110111 
000100111010 
000100111100 
000100111101 
000100111111 
000101001000 
000101010000 
000101010001 
000101010011 
000101010110 
000101011100 
000101100001 
000101100010 
000101100011 
000101100101 
000101100110 
000101100111 
000101101010 
000101101100 
000101101101 
000101101111 
000101110100 
000101111000 
000101111001 
000101111011 
000101111110 
000110010000 
000110100000 
000110100001 
000110100011 
000110100110 
000110101100 
000110111000 
000111000001 




000111000010 
000111000011 
000111000101 
000111000110 
000111000111 
000111001010 
000111001100 
000111001101 
000111001111 
000111010100 
000111011000 
000111011001 
000111011011 
000111011110 
000111101000 
000111110000 
000111110001 
000111110011 
000111110110 
000111111100 
001000000100 
001000001000 
001000001001 
001000001011 
001000001110 
001000010001 
001000010010 
001000010011 
001000010101 
001000010110 
001000010111 
001000011010 
001000011100 
001000011101 
001000011111 
001000100010 
001000100100 
001000100101 
001000100111 
001000101001 
001000101010 
001000101011 
001000101101 
001000101110 
001000101111 
001000110010 
001000110100 
001000110101 
001000110111 
001000111001 
001000111010 
001000111011 
001000111101 
001000111110 
001000111111 
001001000100 
001001001000 
001001001001 
001001001011 
001001001110 
001001010001 
001001010010 
001001010011 
001001010101 
001001010110 
001001010111 
001001011010 
001001011100 
001001011101 
001001011111 
001001100010 
001001100100 
001001100101 
001001100111 
001001101001 
001001101010 
001001101011 
001001101101 
001001101110 
001001101111 
001001110010 
001001110100 
001001110101 
001001110111 
001001111001 
001001111010 
001001111011 
001001111101 
001001111110 
001001111111 
001010001000 
001010010000 
001010010001 
001010010011 
001010010110 
001010011100 
001010100001 
001010100010 
001010100011 
001010100101 
001010100110 
001010100111 
001010101010 
001010101100 
001010101101 
001010101111 
001010110100 
001010111000 
001010111001 
001010111011 
001010111110 
001011000010 
001011000100 
001011000101 
001011000111 
001011001001 
001011001010 
001011001011 
001011001101 
001011001110 
001011001111 
001011010010 
001011010100 
001011010101 
001011010111 
001011011001 
001011011010 
001011011011 
001011011101 
001011011110 
001011011111 
001011100100 
001011101000 
001011101001 
001011101011 
001011101110 
001011110001 
001011110010 
001011110011 
001011110101 
001011110110 
001011110111 
001011111010 
001011111100 
001011111101 
001011111111 
001100010000 
001100100000 
001100100001 
001100100011 
001100100110 
001100101100 
001100111000 
001101000001 
001101000010 
001101000011 
001101000101 
001101000110 
001101000111 
001101001010 
001101001100 
001101001101 
001101001111 
001101010100 
001101011000 
001101011001 
001101011011 
001101011110 
001101101000 
001101110000 
001101110001 
001101110011 
001101110110 
001101111100 
001110000010 
001110000100 
001110000101 
001110000111 
001110001001 
001110001010 
001110001011 
001110001101 
001110001110 
001110001111 
001110010010 
001110010100 
001110010101 
001110010111 
001110011001 
001110011010 
001110011011 
001110011101 
001110011110 
001110011111 
001110100100 
001110101000 
001110101001 
001110101011 
001110101110 
001110110001 
001110110010 
001110110011 
001110110101 
001110110110 
001110110111 
001110111010 
001110111100 
001110111101 
001110111111 
001111001000 
001111010000 
001111010001 
001111010011 
001111010110 
001111011100 
001111100001 
001111100010 
001111100011 
001111100101 
001111100110 
001111100111 
001111101010 
001111101100 
001111101101 
001111101111 
001111110100 
001111111000 
001111111001 
001111111011 
001111111110 
010000001000 
010000010000 
010000010001 
010000010011 
010000010110 
010000011100 
010000100001 
010000100010 
010000100011 
010000100101 
010000100110 
010000100111 
010000101010 
010000101100 
010000101101 
010000101111 
010000110100 
010000111000 
010000111001 
010000111011 
010000111110 
010001000010 
010001000100 
010001000101 
010001000111 
010001001001 
010001001010 
010001001011 
010001001101 
010001001110 
010001001111 
010001010010 
010001010100 
010001010101 
010001010111 
010001011001 
010001011010 
010001011011 
010001011101 
010001011110 
010001011111 
010001100100 
010001101000 
010001101001 
010001101011 
010001101110 
010001110001 
010001110010 
010001110011 
010001110101 
010001110110 
010001110111 
010001111010 
010001111100 
010001111101 
010001111111 
010010000100 
010010001000 
010010001001 
010010001011 
010010001110 
010010010001 
010010010010 
010010010011 
010010010101 
010010010110 
010010010111 
010010011010 
010010011100 
010010011101 