1000
661308062
391636490
203853016
194143686
989479334
707514312
295513969
158210328
813432937
897908602
61048097
347348877
722027058
42315593
516888107
869622571
254202442
83900723
274667891
459945358
979723567
879656614
425268045
255357709
847394975
248468703
277214402
700922247
693046486
667480947
550248978
378448246
338115987
484930039
504599345
386967581
670606619
607003925
193778519
606707596
18006512
409622948
529456534
346086391
435538594
116356507
554167839
635941485
661628101
920713151
734851106
628269197
683212257
689632108
991224293
530245401
754277781
190988414
889081413
724643498
634124634
668462260
81856439
819303656
225471760
466866333
749901530
761563370
8861177
380428631
556018143
899777855
488998170
324956705
772665351
888528154
404307681
918397946
178670519
355167163
139909892
966600414
92588975
908746081
407733570
417378159
48688889
969541987
539408616
763911432
845935125
748133940
784255540
999076930
789240510
634050861
906355232
943700493
798486063
272122323
428790428
181208394
688095123
742871463
581980365
397061671
860019782
400828857
617963574
184525651
228014179
227460275
281009865
677876959
23441029
976992392
294518401
305130826
911984350
468234373
144385540
208808370
870519859
102792764
397723617
697702189
914606559
257434615
507408178
208248242
645891262
984781032
926266701
931135350
395039101
695960583
932821784
416848757
773756568
144837117
549962261
172851956
408335434
592157476
152589306
921880666
519915471
669936647
357772627
480983480
868530564
61069408
467541574
808233499
593015754
306798739
968541059
881720883
537924672
504680482
405318110
279100760
664519636
783156750
749194651
15170426
34758276
762823785
278332047
459387900
468380492
649270902
413163544
417365882
4083323
335130712
939040848
872662634
627260434
130508663
760279815
119102539
207634703
851062695
622526885
664717953
683364740
268850727
344940247
945085798
709770321
258352475
446492079
667838018
89592061
435355514
52142457
210547096
138898258
752333345
994906114
322200524
502455224
508490489
892765913
765906859
648798591
544040952
24632496
99659252
75534759
389510236
240308796
759319814
923997923
454654075
720551555
816978260
633347005
537205839
697522198
856426577
176151036
218532869
748797807
580799289
370474476
97305661
514788196
486109035
318033067
18037739
830043132
643349719
768613616
714518553
555911488
504628266
954120219
156911252
142823859
521857813
532004684
729626288
521689659
876321573
955522953
891954147
748406605
438361232
797749634
704051787
7020314
275803059
447058577
917068867
111448861
95331026
335982401
420617752
385913352
720980532
914232807
147632694
718191559
383356757
601222853
766411060
865311564
283896578
154475731
812050551
469520407
612974686
917014158
523570850
969303105
883808676
632789353
243898779
416103765
604802269
413321481
868752901
677965065
230618273
813093103
738660212
785421563
736151536
597441824
941186133
973283062
587069175
217546052
206350794
136802519
765169063
243922165
545184248
761896323
918747410
251344296
784289619
927583116
897050074
139897733
122127617
193342365
202432148
942109391
265213636
866609619
839033182
778433016
166953447
500720313
42934601
963936401
107976521
334934842
693276812
532986873
172518926
880294386
356093855
323761333
644043212
433650081
31865645
987175106
43456501
1661895
871870724
960735117
869969807
283824261
783515599
68742913
818583952
383925536
456885009
436358528
570997535
911485664
445203405
736955124
564729065
711254298
122403273
819116871
979853844
339211608
17592610
516067013
257076703
302726789
710588782
963261270
212704071
367201554
161531422
312046843
843084866
643245244
916493849
455083566
446770200
757125272
498201076
48672299
576304934
896511988
417830716
827184425
193619189
482246848
939129462
244175406
572842967
639695969
885329345
872888220
978008540
85174572
370857342
883514057
145459224
639582723
300256821
88646370
832490040
588515332
509258227
425797928
850151379
581060330
377054342
407168212
108782681
748843939
961239569
61820853
152436218
272727860
771315119
181032084
105297104
382492546
924295357
746775606
554396571
423820782
867994047
236025677
356107952
538143689
847219714
617418438
442545168
199901628
374596201
842781192
198415902
132421462
976199221
865162121
566677688
795117614
752016803
576801611
880486399
83320356
735624514
276820454
924084082
161144080
686581745
987489235
974820708
599187789
571352700
311836217
608852704
490186337
850975938
605195585
861566275
573497531
328137006
404573983
787379936
449141624
56922971
263236928
149319929
887416275
967956545
614591702
988514115
734706623
936883945
449386245
120566051
146508570
305802777
416201166
833412416
248197045
903261078
568363128
587833602
731853068
127155195
522870603
911636740
66541222
411857429
963455285
292682501
306119043
310104685
977786323
377846722
93926958
888550924
14840105
53160539
893893837
141716446
666929325
324409523
748894069
198258698
253021598
208095930
73447810
352521289
959366913
355869330
415370996
227068361
738273045
969689068
401998870
935585009
846019035
632974304
224373087
734578928
842821338
807961595
671391055
693995357
30768038
401866247
871782307
110432417
95969977
485320430
164022787
185721717
726423969
953538274
843456388
462375530
575100623
720137567
156940626
715645165
518604645
335434208
251648022
231374620
724222249
323398665
676875450
302938185
394426124
863353227
523063087
938275606
320638795
843248473
776341381
938765464
717349186
77927989
510674026
188236058
988841545
418224891
859176436
192991403
357047995
61309729
123009059
866586322
551366052
482044007
253226871
37738058
176141690
945564850
259228956
809441985
683680299
103817692
301272958
686258426
75956256
20828930
871086731
744694373
887992779
921717428
997566214
254214508
606104210
462141715
35854675
899957178
313117020
804187789
765724814
519181351
784134879
411414829
534197864
484418891
964930036
660549896
985362201
550805249
145554799
10404493
783106205
587830081
831678990
68738306
483097952
653785158
590381339
686093806
185319504
162111974
778697738
200072196
33264946
366034220
108787080
268329794
411625632
218867143
421800664
813465328
737599500
201703317
274155251
313873305
525312771
552593131
237074091
722676873
986580980
781422602
345583127
643209572
840346123
465668591
401511022
908799733
925818370
777171913
125777658
570363192
735618251
821228729
288804334
372415370
201377266
22071562
130545027
555074614
928023723
844842277
588113884
474768091
980840965
199116048
281976363
824122145
834208557
174401061
824187240
40788048
590242399
489338385
608715659
780312546
806370189
974853057
885849134
53485597
585412922
189610537
209656526
67304956
260941039
884390914
623555415
295553305
378790002
611606921
934404271
431615135
679722802
379917684
978737719
996912247
901611263
983371996
377179707
292967917
157564210
535609383
433422497
934151909
999354485
327908678
350499135
424693410
281779098
463063361
599253788
141885089
816378554
77915478
443308529
229488230
684686197
188619496
450843149
968287377
978681011
446225535
501515931
601603248
72569490
755945336
948064852
492458570
273747822
876121000
235888087
600010850
641539688
195862325
282107914
843016610
726949465
307953534
788981873
961639551
322019196
90748059
109375183
138168724
946235786
429688204
969299414
626908433
815014960
468670209
3961062
851034413
67027317
25361422
478873128
717110362
842027896
561328974
168118043
196857801
266703376
171438153
819235240
985551696
31142301
977448347
589628647
884222337
864968605
678156634
117040691
125019061
593571273
860092415
795907101
18228943
774867235
511871734
427799638
522445281
627185906
819122494
826607939
272518437
296006721
74358171
1403345
630952883
659704596
270214442
296544400
236794480
44437209
81108980
410953386
104998390
345446894
401333166
903569963
119827204
110366465
903700919
854510946
117227432
210491866
627806737
754258340
476458946
25364720
976995101
739285466
506474924
385713043
144141773
766977687
207785857
585189104
171157489
848598579
443430600
126310236
62174753
814157969
199700643
211200141
48822167
163683506
131626306
805757624
15143288
488844512
847070983
947611923
424985217
585136230
991558814
153462987
893760089
870300817
125611012
587749040
852847211
225747972
410013654
995631378
60544402
742644223
627995726
568301582
995687739
222084978
729253267
214354793
661462442
949358404
760659721
555546907
138876691
135080505
389948991
876139335
545745127
539409359
740530758
851323789
531876877
838264817
235243018
806268213
91355686
691756293
594183138
715516513
924837514
52915016
353781222
482360138
644554952
590769532
320449215
975012044
278260722
5782418
725350095
890137879
597692811
89556830
583230295
14719387
983526666
356392559
523313126
804004272
626924152
235897863
225470063
482120590
659211504
900626834
843308185
429018742
120664582
48983361
67142634
37005866
80124212
526159805
841750118
848131351
713826885
975594941
754115026
442381719
238361044
593335724
938512180
586626574
78640474
288660186
478398601
383395667
423020285
633532825
921718856
669913040
329285881
617780557
8600965
53429068
417597724
848944598
845645352
456086832
663942317
885124851
223306329
519031511
395831775
651468699
893187735
653799469
366829020
288752605
595475146
374040489
103777086
428348625
918795877
550255854
406837873
158552171
411751332
168115296
107569666
665359280
304426632
873473342
851910895
196235301
968593619
732811035
252789628
4265132
779024861
19219494
545584207
736643894
786508074
957941481
381337374
969079893
542828465
959075965
884250057
51809915
606256299
589520276
940225471
242855817
124874318
874045352
371403194
519027550
611530862
284396558
227481788
67868866
766685635
154098764
558038029
152375507
205662338
161154046
7059452
635256848
199375861
94006513
693899656
435142162
274548433
799215736
318523725
66656291
143166274
795122540
901865302
323200417
695867291
826887753
690884296
896690589
908547335
868192836
125004756
152974219
940971559
