2000
173337604
383178560
151781547
695255077
768126203
312498945
280167633
596920
476154315
825301914
576245494
371834354
542624750
326367018
90473122
65843588
512634885
48783232
650271671
559737383
392220617
355408619
559061811
697087344
602068669
479419205
257964343
692676902
873705499
230716752
938910433
608036956
108770040
229622893
68134804
963588026
990021697
175342370
6089037
315184201
129157414
505863702
918524466
959014145
606049553
890536100
619232418
20447458
174968882
715612757
634918198
548211701
568969889
729419024
514949900
573756057
28611426
146090706
84987943
505062546
65739216
79959935
553927756
264738021
125270835
814813267
720013227
794936026
29180802
979748248
230332723
49593232
735519212
410336602
140134980
900713632
882815356
967481510
749225025
988626114
949156678
583685525
993164414
10094026
970142786
717913233
204366293
677910687
317262208
392612827
726675974
283240657
846940114
437082759
346637603
885234340
235465003
845092412
745054475
54704574
829754381
672703232
778399309
615718203
403152084
396345763
313960080
415387029
298169918
48389634
313137813
204895032
4532154
891109954
314745778
470548834
744161644
872004313
448861412
297417466
138701769
432088228
939142018
239449129
496285260
167830568
277260252
299241303
891827027
64854307
22244233
971159000
994920524
791151678
486720402
692757943
146786025
856258328
325177171
792754347
982215382
678561430
4699539
140979974
498636238
954929449
709297613
297811477
925011267
229588328
642248689
364839245
327348070
891833225
531164258
491514329
852078640
590353352
971084071
727202179
700879537
868655381
830401514
978133804
279093366
82028233
24999843
979763411
253895482
397617573
71677767
368047909
402915720
928731956
349693613
663084018
145873536
672770333
175960987
129112974
769643631
67608051
232783454
189935821
515897255
816691867
409019330
963276644
204806787
521189098
565171076
656169009
387254604
624031529
298626692
816803468
363828081
281425758
545088022
652998790
704365793
795099600
930895085
715411422
353930481
562102668
811607681
158740726
668803022
990630867
760643418
68639399
960236696
999122863
993380952
461473224
50736934
327536038
494215177
514352979
249137379
821048102
999244708
400173918
228753605
76898397
755507021
703632039
787440788
874532451
480592959
939096049
811157458
226700306
975482627
319270198
670233986
740645627
739624434
520375675
218642628
946644070
835527524
140982599
713127908
67421892
859192111
146756286
6946473
243467553
450750313
868583182
232615589
382206873
816063262
785840505
463071188
889343362
419842324
241532290
213110167
651032252
602590739
548652167
549825697
879464388
847661819
810142254
702591058
718665386
450624732
350141693
484317647
359792364
296862731
243280779
57182874
230358997
191697988
759850745
882729181
458684222
141231263
639530078
556866981
754595210
612234543
725123595
957540625
396775175
201665067
797325716
300816802
784788608
547002580
720354286
116386793
218203916
536533128
403809543
512424616
634371995
625202515
576107501
118680513
26767747
492725434
529006147
145099775
747460002
571204152
119414514
315418481
63991471
482499471
846229871
157876757
754750636
762175592
609779245
256833930
888225496
340723717
685960008
582623491
889710261
988765134
327778456
878926193
558523349
990527819
194443525
710729689
675842451
944271662
686999443
325472332
516994367
886837001
864158678
343801181
283486672
628794299
206794184
399371255
588302217
115546238
397856340
474701134
467690629
520522686
754695531
11529865
396184987
274845471
231575339
461537990
421913028
118578101
348346936
459460765
46454125
764728285
459714641
293341224
812810296
974373900
333396202
253001533
257406896
716744329
751280392
710033696
932649662
855872328
236588391
14197909
560924440
134714778
261812364
512121469
139620514
706559686
455094899
387806122
300581964
210528783
767094555
927890091
448512898
349884233
726039186
376855354
599518755
827330373
36338172
251646125
293381545
989985177
186938497
143777060
138620073
703613190
903225599
977830913
727134630
394376062
699649365
625409779
360091210
877526539
788428167
154804114
768347974
145822191
284835905
673780764
909180561
733488170
517192265
664530241
308371856
573256938
750115825
945381753
420947785
315766341
791184959
276598859
232077130
955430372
551348518
516495765
149297849
923542276
20436035
268185295
851441466
877931504
133593066
832085280
49299201
423118812
815348931
529881257
703391989
846606365
490832829
83689795
330380209
134397388
871668096
182018195
8400545
913825979
152960036
278409994
476917885
790187917
8132602
517061141
827497763
208187023
109757405
929512662
533331310
839008071
46331804
978633387
883525757
537630187
541732474
615607866
29159186
890471390
661460529
645714228
898575853
913857829
847603244
553278234
289176625
925459990
511011605
430274830
125907672
61162344
767117497
733422406
379961437
658483706
347338845
472749606
504378561
835618514
95743550
982593069
57142227
533449394
154612146
3175221
398729546
830260797
594636652
693403822
976535768
621801198
748580825
255612487
945458420
958607764
921856686
806385403
610688288
326864754
642215690
300468539
288630847
463413011
767513636
928268135
833824785
304691069
44847467
925533367
99954754
435288894
410631048
555764538
802332777
931059590
788934401
424320276
333535332
987336108
711368330
740920188
597238372
521315383
77202948
613489477
789579277
382774054
89109530
588551170
99889977
877960819
487505227
388545453
549115359
819129676
630411927
323893328
841084493
252108401
159227882
585679131
922819605
450210918
210425096
154689289
150375950
158195481
516380520
532638888
362749503
819207596
987352812
562905138
760114705
574005495
649074756
451914822
445212388
32831705
263686707
599160619
77757628
472016648
499229421
696464123
364124604
968365592
136969183
646826521
846321727
210866967
608275113
102335144
91723871
181786723
836704193
567143547
110616157
701004071
335105714
720067356
666897261
134557858
304728268
439453401
452108361
824310581
100800700
695439416
40587766
928148364
428054265
637459253
40597206
188494225
848355304
197555415
900855520
521703998
82166956
142756961
498475439
684258774
51537699
76902542
167931741
643136883
910175507
27234819
856284765
342339348
993480896
576400816
230584897
756873982
32401591
859013711
919349769
92593938
210566818
151406834
267071653
114218343
160690131
526433581
637209090
52404323
117787073
477001903
111999391
189840383
656651707
554023436
852674246
540590659
47551530
435027169
742902018
934457271
41298985
538497323
137943025
626476683
103100615
851691407
447303285
165556450
458041481
297073147
628682063
234984758
619085078
912769210
355052724
330977888
370125098
370787377
23133011
503205285
449798361
220267580
813445948
581913080
316980867
776962790
343247878
65040575
326547800
194925652
611100429
348407156
854609866
676722936
370394580
258629487
603571729
120023402
652412739
805039294
363761497
705386209
929643141
385177417
106872917
59116334
445637774
407832687
454087113
936341600
467908773
599322916
570022157
687871424
745501035
784450524
50063668
3677357
14774114
416819913
429826489
447488122
513768492
494605499
70064473
214678793
551837906
783707319
14479823
614216174
466503340
613780221
991390878
998065107
801942619
877778109
744923901
474322373
65013107
439747666
391965733
461659059
477739597
905259581
640164564
514218428
244810144
959090871
445063312
826354760
645570339
18496431
730300203
244581234
22186458
42744031
849020004
319206656
384541656
641376208
118964150
512121764
231298431
586498737
866977009
251030675
302697858
295831395
658537148
954165012
469715150
804015054
152160060
937054597
72520402
977845059
958440328
158694925
980692768
911939805
448987990
78486224
104576061
936303101
900177274
972626208
212440756
789311349
675528035
825465214
200138818
207437884
865331939
5682377
745800099
313662557
590602732
768157039
590569117
474898498
857349499
86583733
170895117
1487909
220071822
108031717
399424244
922620257
157612278
234950608
119975344
653512262
759030446
632141770
10488800
833187916
183171966
488502844
629455780
731681594
539264471
195673956
677552123
747157262
471656308
974067445
848324316
49490436
455471118
531548566
74997829
781292549
117309673
903882349
840979766
873608507
354033995
887405277
171520637
14929786
988927029
809989228
646028663
856575050
832679761
955912212
194981395
688559351
84086949
21539185
84136305
71141595
821225051
277876354
873672480
18897005
481217323
775335489
390688289
788665429
724541619
633039094
660144708
171789604
520438061
849947392
566838489
527298930
912045132
611567663
720911582
700024955
738802322
233025292
572816605
849721715
336655039
417921910
938939547
777746061
576794446
150757563
711812571
498218133
766576750
91679549
111437265
101550027
415088948
407307995
974701601
693384512
631862656
295763814
349513684
663658512
56139721
192533603
17740768
44072102
435948547
754772411
939582608
950227383
334412341
387593025
430126303
458070001
230321067
488384347
573857418
455230121
907654703
501680680
276690146
482900795
215509300
731611988
31001966
541155360
249649880
103062826
960660777
982289662
877291675
190336159
630547002
17139327
137572355
545054882
167996765
443246615
153729104
733021958
240635178
184048019
109643220
676746048
874943853
396803183
625372945
167693688
673292165
851653616
151349801
451479849
679772230
734651328
493581591
613970870
727898836
302972903
275629579
475065536
216347630
167998760
238124540
687035211
840083107
43530271
271091829
928212169
862729286
656429492
994704233
722363452
821323415
668618019
90608373
305642420
862783812
911830266
112155575
536772556
486051186
673701791
494149911
396364569
760129839
405623520
934905403
277026729
88021228
819131150
847429383
533614940
852720105
100866933
922823936
577147236
906004667
64668607
584398280
328494811
263656707
259731765
949773818
226202672
341771950
115563940
817686481
356881815
980849220
497840791
917997593
51122468
316120234
811765791
687666783
819677870
868176421
238883253
545474910
487899600
974755627
130446885
484454728
998499825
588252048
370519911
312487724
597493846
992202980
707923478
338840272
3492367
68381530
659004926
243743292
138068437
879827945
232854546
282412483
76247097
68084186
96549967
264523643
786556278
443778896
782029929
615577271
997484070
103396903
511834293
663927004
568916958
843670380
20079582
456127910
378540898
343539434
28238117
789995047
460649187
406835842
503826597
780392880
150834617
973730417
821063368
427571627
4206080
950618398
251015225
706161922
888224642
468284252
465289408
790237889
420665132
848655952
265404723
961403961
38585589
617458712
904971817
671672372
650367554
521578073
567763951
341725814
621513069
210820658
167860270
960678211
774429471
651316154
498386488
519149075
558501956
215932376
352517927
191881463
305309766
15718656
646748643
606209236
204304675
380870019
365601379
637179884
862405844
681001257
416081253
344775647
626948002
418491990
760805141
279842911
729618645
853070796
76860663
37833665
475854861
519964678
628362059
507741617
748352644
79617530
658015529
430812435
339771938
39903107
968601294
652025865
8364105
379189885
272772108
372846174
279467399
709516796
870048326
821221385
237410022
951975687
808088715
301598421
738599047
326078474
217702960
186321695
865870782
681816317
629506118
729347568
342426371
848568749
483160913
102346711
988593927
859872358
808181158
525181217
945193875
19938039
676743198
316621267
318565203
598412682
676676171
521857257
949151683
900800055
562029046
86933106
681060589
528882498
955187090
819408976
624264233
558062774
8490890
92816575
559075329
759410474
244902402
261981195
433888319
274109258
739796700
508125531
510601121
717245948
170000538
911851702
649645231
235262237
596176652
427169990
220781487
90448974
502551260
569720741
521292343
315034035
151226894
397919427
728745968
388324912
894431585
274134772
93635021
805930901
857815888
212618568
909093057
186387956
942862003
88337548
199110822
743676417
912224643
822951247
420152486
478948217
752724012
221460894
325546134
235935446
339021440
171688539
838773184
768311171
880655105
17656710
752272106
359708789
156165694
934940918
59093263
676858305
735001932
515155291
808520650
403786124
963422545
950571198
339658389
695523436
575495143
545230955
571830482
380331960
175724390
709440985
640711451
455209522
3670003
995229895
669741379
636900717
24447471
719015564
451757113
283932893
11315317
986667850
36205170
260242305
793126655
751137883
715124714
669785217
268304890
307889211
585565428
756246094
392322323
109900991
612018712
523462537
995530709
714284325
801532964
561316453
898731546
53886614
635169915
944980054
394826154
45893622
922473792
206212881
708156141
776066009
616408288
486266419
799673152
354473896
55358877
768702034
695348563
685116097
207906352
191400410
978464625
796798981
49858510
628660094
165147525
984045144
604010819
320589992
583810102
500068549
822831528
91196184
691112664
659149478
998995126
199723309
119958893
574774920
947662236
461718549
383623140
932519938
320036558
114442940
417392761
496285382
376188164
6222107
63976909
382216899
440283950
159085997
977878563
995162198
394957923
269376502
149921828
252035854
6930399
811998856
55772692
861488220
677523463
946751655
656232811
846062469
15386656
823927876
847847912
226224359
750323204
308416165
406783509
160616928
938817590
828344328
664842581
863398381
984035118
179620605
384316699
920578674
936366051
127983210
355427019
795774655
50047731
288835482
846363727
946905631
932471137
379394921
728122975
968481440
761161616
470410955
319272397
907037727
755541084
476278982
738727455
913520464
945963898
723814797
785912193
760296640
71143245
938421423
412957318
924426132
85981837
882355771
437073999
818080010
900086542
405909521
601507869
591864253
375369128
893753473
414712550
262739533
480462057
949332214
346653721
15921570
877153463
201440638
531761552
793312871
108892568
103492920
38516569
863982768
711327161
994121750
584520965
472627993
80093578
540486212
546837181
111463397
203881491
411944349
130863801
180047188
277615408
899204187
605704382
61980220
842328141
89408943
885584462
421472499
925721293
824051151
211255596
45495438
121308806
328764052
324807705
875053239
497259348
542932115
429902100
967031797
801064986
256757546
953766138
701787296
443383119
933139384
479012512
294604978
152219562
574332065
785918306
308644434
482693683
996944295
587783613
35672964
572131263
589887613
852072390
676590838
580795987
259099627
548200221
253935183
296653229
802391133
873778221
545013757
748118332
852585320
565290743
791356448
365935466
917563037
1317454
52107549
553238321
774472315
361310973
370608239
592806559
796385231
986850919
84732721
86677858
352786475
707186831
847869779
245322122
173596866
862354936
459910338
553260590
712610307
848391022
502522082
673332799
407008719
334758
18398634
458616991
993287621
290190210
62790098
652859303
211394999
518622650
909879171
524832744
330581770
174590390
436491542
229104273
346148618
588149591
925651945
198650399
631279156
692121820
725633186
314277138
2257831
327168588
432425842
52928343
797691275
799939858
921854122
891736335
605191338
826429153
191441611
817079664
78243978
887112284
633229464
448811238
218563815
909400583
942215908
263497703
373030892
767417923
371614451
849985899
221007786
278372300
728887394
879761879
486438912
256050655
734229669
2758441
648285865
362489251
278953476
517215463
318407264
726019517
990042869
598969852
615118938
112954851
724832725
783926481
117016427
976068241
299688604
533001546
525607891
679857376
457095704
698050307
678329477
816370482
670046870
150041693
420227032
859621685
689466046
443571936
138221759
834314030
517410343
225704733
644167328
805708758
867756731
703821146
254253514
940010476
173278236
798538418
473270787
363172583
109527543
483731402
376090681
980684980
384874928
111989991
899924092
783404093
504485918
900057986
135972512
618443105
510034863
997795597
843435614
225352502
912976596
781506026
602521053
250198416
445024739
359615178
93687814
595291569
113662127
693885198
762755480
615061230
124186721
6579057
863669614
792121280
621787985
813049945
213766686
22757487
989788781
684161000
795046702
638945172
829447356
104052793
259380048
951746937
877758574
934764767
305910346
519586496
48100879
308664109
354682662
613553517
139763764
91951301
290209111
720482580
450922931
765759457
541138418
618913493
384696826
590979532
240390554
495205218
802213828
763703507
952852901
686658627
880062295
441169089
452288624
409432066
313342340
116305508
501516830
461481509
7028855
97495695
761888665
908443259
309930302
369011650
37225518
996129285
922139041
344335467
588397259
539313232
815611729
129146147
145673138
552191218
609837883
745744770
657821253
501791857
470467227
115153249
537803184
988682987
118517233
475986902
402728277
389759009
115163267
65804609
243625189
965913055
753161507
855560365
475146358
144568788
520570243
849711879
807173186
82607318
371930724
346994450
326338394
192747571
744626059
485281605
44179468
376335154
217906890
967066635
917319370
538000611
845394282
299562435
866890407
225321311
301517042
709020663
502936937
638601353
1923917
706154601
851881208
972740566
140827953
60991368
577021141
527006814
983587690
194719985
878187
248455687
477686204
369124291
400166842
663432208
187211489
674268476
879516660
561784616
611474517
854373527
339067173
196583543
934526002
455754938
675967899
196138727
851904966
660797593
592585998
620284322
934359184
484934789
524258815
750288226
804681628
566534053
381945719
974275849
197501778
115678890
45769765
772472070
920428786
636530598
180141203
157081410
153229993
502208980
157637273
101166959
731194260
792082455
922232009
812165324
685244176
271904880
554844081
327356241
193568515
295518469
304127106
100571151
83171428
908956398
740595732
92329046
246298256
246593295
337886358
741481512
967902259
177434088
435034794
414945438
410186759
978285447
999722598
356224804
154486142
70315364
314096484
833352138
298246822
63044476
388851035
232621359
668019858
884941851
979046064
858223712
28190596
615180426
547463266
681628868
463384736
737072017
650708520
840809697
451505540
372778027
663914810
254414221
190298591
576662046
400311514
486432984
798695792
131828873
678156445
278679908
212162968
117202514
864521005
107389108
215283545
103901408
177857331
351054788
766466886
452622691
262239150
34193918
590828026
162327010
136747118
984747547
871429296
712102932
13296266
377147886
552994315
185411363
139969944
76108490
290299223
5460370
358375029
949894822
445395456
137366909
317841521
497237474
161197165
40682724
655402315
33243538
667327373
711812235
446709893
832187229
602861532
982324181
960522959
159590676
48696935
115622655
65547099
269784175
464350281
264806372
577080896
84836607
958614642
269344008
237002631
910152506
776518768
293612286
453763643
605819449
733234115
254787730
89939045
402961391
986218681
822899708
887472952
959504383
256030577
875536377
359986824
825477598
401683312
180699886
961067140
116302984
726247363
299437043
474911681
925492379
730009338
571319476
506298420
13212557
953411064
643376319
122162732
247832202
350633813
150398407
141448731
61207998
313611352
253915924
878041334
762327468
822727959
477282101
266734030
446838313
427279621
222899908
883924958
909436704
617216526
572032298
942237004
175333750
569408917
18547411
4510861
847608406
439189775
301062197
562274442
463303251
65555760
256406024
869633129
263793944
92402386
378639307
835417970
172776270
954360449
162444689
677042166
151941196
159894129
484561923
6786750
181660743
882939499
941657925
557510199
569314074
566451667
119188462
402171245
314712849
76420678
853151513
849005863
609347706
59638699
424941252
812116699
151731784
24397428
469614804
45704852
893690445
901541015
753979668
914570270
150308281
743723484
561302898
961523638
70982348
508761631
