3000
917859924
927366200
275624660
674431492
517356383
656332980
669055013
781040984
710504899
14924697
931703686
688480391
288957561
770229517
985326676
53927338
685264805
441066733
464159359
54564694
124004459
785033056
57608418
278585600
901112933
932870526
57036050
839890940
418595393
936147148
489386729
253567289
486766271
260864937
254936842
619998402
90378616
86768085
204995534
387353343
206133692
990783277
174821648
428541991
491125848
221701119
879430655
515472206
70801346
289204361
183353588
5372483
774231636
903126105
967341694
235994521
236629952
526515104
940119903
141302124
159991943
642724236
970959489
203671264
129968302
556669377
509382772
823346785
511062661
627769863
416673570
471826088
728680651
406116318
287675339
106042727
517966753
186798046
532757960
265598633
265687068
224109454
274587393
817050868
871024482
239102203
46728224
14359517
763114049
872573127
983879266
900268805
486851708
348674768
305442593
286747188
348532563
847513309
298647013
369268752
966516082
669890041
28779935
390406524
159808968
218583116
54063277
960068263
576409226
754517700
573200282
689258374
186114275
230811359
990336030
503416801
963759315
123311040
888229482
415271298
436476261
354366404
765246645
167301641
176629403
248897814
474441271
407888586
723672717
976670915
628360310
641464358
129470315
619354367
1745817
289443183
81840811
858204723
250711600
238575902
995366742
254346017
628661309
969587861
982078844
520523412
884491749
487877710
348346817
968776772
157123183
134974607
833503375
786782389
710506646
774712214
535805800
710018292
460748967
614379920
487521253
985368772
585237671
200641502
248341230
481298246
261581792
840484489
257410248
927843634
615489076
641216907
981247175
41498589
821556010
609906999
395897940
392807108
653919532
905383876
376115362
799296362
503237314
819291852
85685668
391829789
132320966
741286891
760238464
815007271
500773199
762693043
119170573
918683506
421283609
482817472
319112208
187064246
79869207
231523621
649614801
346562574
759431998
764005989
31523630
421414715
791975638
721253966
41979006
634999215
534988035
887671834
711755615
392258931
722076022
903011250
408952588
71555666
686202694
681712689
125168653
524523271
959932006
129552329
652554668
558056720
846145048
557548156
468300423
768455525
254481030
210561063
538505568
837048994
665764529
204415019
194612163
648275926
405717105
964166621
524178058
748948314
679120525
850955153
109752947
109060404
504236955
914454326
925514315
40007931
945970890
402519347
81893190
955766457
708427448
731455779
235906162
631196293
474528663
698632632
139146496
648061178
333912980
658030328
694476742
938564234
907764111
403051379
383085219
934435762
87286164
140085378
356618717
545006285
465302048
936346840
374700971
560355710
577895636
706247449
67117464
225548075
442083565
782382044
578924382
5900303
452345891
762528609
938467964
769771138
16193943
532011173
994894571
471850255
176768797
401387279
440911557
412220245
125041833
967999572
870615175
603966237
356628137
306665609
924168601
837251688
66300301
660535922
91784918
411239479
958858686
686685611
211652186
802335662
626243129
162607069
912800686
718010448
839313247
523915706
486834365
946387073
341115104
378353786
717776868
320756617
31763843
142452362
918615097
92575660
357914100
529037923
526667675
237190571
835495459
932825458
619671929
487431081
912395462
944659098
92174916
865052630
188016090
379043342
637705898
907751257
729601892
566066851
505817028
484974365
282675479
966808661
436816500
889607767
742454405
860469765
671200951
272998776
685681981
925444046
633006109
894538919
986907409
318631403
672587391
479704789
79270691
443229268
371510526
98064454
32500908
499826225
668718961
680292743
373327131
456915748
757273910
122705345
267840972
230145077
3159963
767691030
532968111
307936329
866394007
64879639
320682281
305076749
982590128
18486023
978456821
855170886
94883498
827201137
296027376
32225248
794675790
879791403
95981768
245561632
418362632
955709453
174581641
582223624
718697620
116910833
852402117
734095442
613810496
158927731
245603002
534642782
218767010
142390140
125323202
586160427
9983486
777773365
774032249
513857778
440282099
266921379
79322149
174716228
268183484
769088323
145018922
476690719
166303094
840895677
458951425
174187877
912874768
908621861
113080059
78840868
627793273
624448732
982455688
878553997
139671442
789082672
121363872
85237065
126592314
154072538
889143651
628711932
138440544
67193501
294907146
887398191
364420120
639024013
930117501
62237248
954305239
985957088
709779949
223014111
876764224
378606118
936413676
800491050
743132137
587883253
346564585
440616024
16469260
674958168
710295839
514447044
684807322
246765941
96047669
391658672
681064294
224172579
381522182
205990027
834338644
875655225
155866567
685453972
226479951
314857598
451451394
294717813
275832037
470440650
634498144
113344781
234619503
635902536
623146101
732963686
629239759
873897083
2538783
107420644
927578936
846945122
27201972
354567961
373401112
146693539
902072955
855922551
631808167
519597808
484217744
978363687
80798906
829950957
564492081
28273440
499801570
755058142
953712302
736318331
576789431
529563753
247966000
74153122
306270586
750235163
165902117
534606169
731123026
577324388
302594782
65456215
485757766
155451867
393098323
550095393
914781040
731809540
338729413
770375862
983869951
582426113
425124277
696109629
3235920
603073548
255313750
713990970
219040269
896109862
557269321
497061598
931409235
195981505
236270441
338371189
150671118
957706622
473362450
731032947
171864340
497763535
627485063
4144365
596496482
813430180
303757165
519699429
937575139
550450793
862400152
325784129
278154810
333854913
330397748
876205873
255226552
745485974
630589759
109622226
8667842
741996708
920067339
210359494
296235270
162449102
948212366
422690582
236635202
670725922
707304269
818223556
174833934
901976919
516856053
592205935
918774918
637511961
280262822
368277257
536871211
538714864
656349471
85371291
147715833
819221866
212028779
253284781
441750369
352208220
303592608
438619475
588769708
92576602
539459423
286581649
730978312
337557043
406359343
60882850
765531634
119338891
314608133
483150174
56268950
906970979
299540750
623288836
190210654
140595561
264210941
617251642
878295063
552088204
128246662
984186832
631478236
364953245
590076154
911737154
393891910
98503630
689532626
569224593
375952392
123067696
759244940
198324789
604776311
786919088
81029495
760719606
551438435
672492678
430012408
873710867
597293596
453352284
132472526
228323033
844399451
882783730
317309182
6820574
282989565
148503388
985897552
182815659
831527742
60691171
228773819
758949249
151657095
334580619
827445
343516400
304496741
222742934
131826178
566328361
775999525
533218204
112738532
70125080
823360988
93747203
24292572
896497144
639042394
79396502
76507888
697892102
908979772
918501465
113696844
360965303
685238346
61679693
170262020
854022015
7993710
598075456
934441865
149464315
747786187
565056406
458963411
879931497
657456769
641589463
348745932
583034699
21045069
810742985
667358310
748569891
828654836
308714309
447334897
638753403
991739456
630277364
168807096
39459870
34495744
854578140
748012386
454083926
379301205
193385141
747245556
934284740
361157455
76862939
341732467
751676441
562631588
32505815
2214464
106496719
579827741
426291571
18678559
488580485
253322406
815400364
280672740
519915401
380790333
528917500
536873836
861233558
769814478
540652049
55696733
785168867
512350284
989562940
143488879
365419474
343539498
929980623
571121743
641873424
797146299
540123131
790106614
686330688
238995639
234441478
424506733
321358491
499260187
357130920
421542636
698178693
358097119
943686790
219172577
519513212
949546716
272288920
900955423
405603520
178466742
324508663
382455447
291434332
850551356
633467677
500323143
547009087
442871357
257673458
487212054
853873827
893715525
336199119
636505246
700457144
468491976
403855073
421520467
891470738
24907336
234018873
260395133
574053250
947732975
714074373
516311460
11114931
661666177
428028184
309609165
910760970
892589773
542671779
354977170
676151760
466271130
16815211
890470676
442773488
824154606
717871170
456760298
63620157
354382792
519527273
784698748
61510061
277057842
719128695
193852870
859350823
454417836
950183741
526464388
181595996
195712499
710447920
186080396
704779639
390272284
29005951
886985909
171403170
524356284
832204471
795655425
995677945
257853376
510609326
509828242
502261227
466096903
579419728
285831493
60952044
751216371
862137690
565258094
339224058
938554437
264163606
28652958
332097481
827006868
706082555
521135110
575051716
126435956
461121284
32336170
187369504
826124268
732960833
620192624
631739846
236933687
101124873
497242908
401284090
518275493
823274320
558083908
980672243
142570852
173490410
424361634
580404741
316099737
654088840
414534721
954764749
162384553
58180059
846897948
795821737
334378269
538758501
588349231
113866651
188914552
890037083
554528773
320973579
369162679
213968157
354298483
872449800
125368538
695114307
153373999
246956407
473435137
177551187
380537800
826424072
100635365
507447277
968361631
240707260
668974636
495959207
899355132
893242520
556021766
386867591
630473420
752083397
159287304
964928292
435357295
37065238
515060351
48841692
856436175
248054430
941330053
630964590
502246060
892319946
569863026
718167009
969355006
777240142
429032967
915674265
399117101
407164435
144527423
613207808
65400671
114282868
702588399
728321927
433764030
42446962
485555365
15587199
90738525
916539547
3708253
362994755
296802842
140004920
813480948
321687542
851605025
813583759
376482145
166214257
147542505
776432480
511737443
519497943
547616764
917568534
340393279
439416414
428861200
81630952
468433901
318218029
442414618
853392414
897443709
492819956
391457802
498146355
624310312
294530732
455219114
992700803
667231857
583837041
519314439
695618089
824478278
925729986
901473417
554267907
472596035
657276290
335447133
562784757
394076990
843081231
204738384
370250048
123289520
293528334
49806640
415952454
460797937
508589430
392113267
851662547
357714956
74786489
588342543
50319358
940702937
768897329
420903738
311178669
785305590
552823787
922235387
32174946
781811813
953961758
635857568
537722511
929301084
404719796
546519594
472529712
145127640
972410482
250166673
256433193
829597221
475750078
29951987
82761391
903645460
168852070
643246819
246239530
723554486
596884935
534771724
322525607
642772680
678034879
528228137
227031679
420216610
371053514
478431231
172363182
239145673
560196219
941876901
292236240
466004427
267977251
662353701
103588327
80743267
640614983
851863513
789851811
907424141
356156473
984326976
540908112
769382862
631592616
5437277
919430672
534198062
813977304
997045729
452569468
521635189
629372761
394805193
926916721
777675264
685077252
389603880
805337193
538254368
873917980
174210598
425734921
952066941
567798623
916129330
710535604
476568914
174177693
419127332
757964654
415956654
745774092
230564830
825792948
201672350
300101409
589531531
286828035
908801300
505692012
326059618
801447435
40073104
363221790
230808573
603837644
6493434
725602555
987427064
790339355
13932418
368614565
514303736
668689278
587156063
219435821
909809512
205172583
245309576
150817185
265907121
375373865
911744885
752930539
817094186
847969891
108832063
836110059
494171743
723909868
140858433
563996413
1471007
773195820
562446007
630696326
550860675
838412810
89888051
963843492
794846802
456047717
361587560
194038594
809827853
930647348
992482626
780989003
285453744
808101153
808183093
768206235
610715208
493877653
93291216
885859537
23947856
759407838
610807437
209313545
79526615
131305587
716685330
105729579
942923100
826088183
271361373
848513063
430577530
567226987
208585342
218533283
177771448
71539926
101768875
797387630
729457584
300305251
83408964
708718780
49400588
803719264
358859664
513142408
252687829
254498328
343131152
617939328
833989566
708210561
581238808
811561866
359517435
156353930
693419332
216106979
741081250
529606228
269443050
799179424
358293402
242808529
523927109
309168586
166069131
278561436
836557844
320694961
147996901
833504401
578058647
503343672
598582420
61028434
122365383
796848446
619076616
744965054
355348212
292698800
619349516
487010638
981058665
730356450
36433688
801291424
682644150
70094308
442371636
831410811
644127834
322597963
811534958
898935235
843294906
463680602
932522451
522285789
696363917
348226243
995198544
95290046
875430508
429247768
591416051
953436024
317398372
501206773
501998221
71555631
127537274
208186818
400506859
898105440
839841961
87250860
996048073
592333945
71325079
953965929
10267082
378294491
272434591
109473364
339271036
630429109
450196343
679589538
951151468
150944396
659136728
680510296
73445423
826220094
365014052
947252478
863794804
108447340
452346412
998653018
150308128
753673622
599820147
270156946
942473361
656082856
552195403
479759815
358134197
298358365
294344637
110553038
728901406
403498582
389678949
663628960
389476540
450321139
295043140
938708548
550742638
887207809
549769027
241007060
240421975
944222073
619228027
494214295
890567520
13418690
948343682
520972509
538269799
124721608
7387793
502803571
560224070
14998533
478705589
2300703
25560719
640018870
241229266
668507334
417710788
27744582
846618630
932655148
727782703
799249471
1107197
286137638
971635591
541687569
944313268
506527409
340649879
154372742
108356208
553217413
662297513
772830986
522154089
653875358
961729025
807806610
425545842
784093464
860114951
159057651
349228576
23832617
545405707
194285899
979988537
28737577
382721919
606723834
273409492
50499977
317008878
312660056
170259612
932659921
446737302
5732630
106421799
710155921
904237885
197900084
333191064
404235465
991349270
644539039
838821170
159526798
598171602
893630723
257506523
581066767
793790702
964871817
9949776
169924270
477992048
920751558
44181262
238907567
869554641
761572163
944569441
591515928
169624028
292854050
451652618
708483865
790554842
328073393
87776586
414181443
299567016
975584041
602519046
140101805
877283173
296885675
670402642
333074073
499127998
83974270
311368802
487521468
684606105
524801646
188470309
330326988
504795730
610350067
433878392
369950939
433250371
756960847
767486613
973450681
251430300
295821790
96044775
858917391
514277723
484152605
837644199
529980868
70723792
457200712
743950483
871492380
917592688
165602168
7747942
263368847
491007897
694167898
606892358
359337734
307208156
485834974
602291189
318704964
325291050
91600783
714285193
240720783
973451893
508285685
479912685
723320712
717697536
305892574
743772151
705593161
522614952
222933863
663373697
85342459
994879250
791957469
58564841
434700553
921342349
929137245
233180293
466055571
524465643
44686246
984546237
232819025
110281006
327835972
469631641
83516558
811638679
228559675
271479723
581680889
562041593
280245459
798110655
929630607
796974006
321163926
420280441
338758851
965515382
947881727
399998383
475671185
703203441
28681508
361040907
755209426
633630594
811691853
153128486
955230054
960135886
271123235
71953844
769124393
146247007
794544400
496014982
495813489
572511172
364992277
53214278
329092484
141734878
331050588
476896306
867148351
330452662
656033261
978018592
384059979
608195355
687753232
911602024
138313817
843970503
373701858
341412878
882350502
513566705
302187524
285555344
453689286
676172331
129648278
823355306
582831831
252474154
651812087
41083801
262665444
770746229
333332886
91454521
492583388
879395846
914882627
283940716
690239268
533654191
587272127
864014396
37525748
801020410
262056043
87422499
51459592
658676343
65704256
15419005
885903917
988606954
364000025
652634627
919149454
150407352
601373106
865805511
844506463
726944893
871854260
529896058
377247758
742260601
204100357
812457719
463193122
13159402
125005381
606733737
931805920
219665145
778993611
535134297
624307991
428448484
751574260
502676621
249461125
443256581
177409258
823800848
797719998
996967407
835486822
900491573
255085568
713483561
209889908
980712424
316633216
371194789
499643920
202574630
369173733
895829253
147356997
154963358
64442591
575794713
927535896
158133928
102370589
237194644
285735964
243618754
730754164
415015651
762046051
22954831
985025520
14073156
127281801
427091213
510975500
95278795
353426070
897483254
161126997
111070179
670541189
478862638
615878005
189751983
739947547
939556037
969070555
379859102
184864525
462623918
326516574
950663717
13334885
907219933
215263328
748247350
141563536
338979326
3291226
842347191
148589615
953312964
929105947
322589056
590827168
27832117
189745579
701977606
570754157
430256688
151726798
334720106
974011337
933308620
489162404
104455891
573178732
925543612
172744794
445997603
146034183
649590201
365504152
622580812
663085116
165937173
470914604
627063428
920160032
654198485
306374535
458618492
98490652
624375810
713124048
638484913
185013056
490522604
616446643
996984347
590046428
208527325
662600504
426274780
64939053
956272920
87154461
800798147
842592882
194264287
584272402
577485361
762362506
970168220
618122861
712639087
908199414
97793803
338915388
972241743
706795792
784315687
383327641
59723363
683486829
631807862
236385773
111242618
907058067
216450390
806217549
821812771
642444275
226927083
219615767
628181890
232823821
763798744
570599237
234744095
320416471
211198437
759877317
774507997
60857931
269106571
765629859
213019835
944092297
462260343
715932616
161439736
474478783
802990374
89742808
337438661
147635980
433926149
835354817
535001077
913529667
560094618
833363809
544873119
896150213
935026272
813765874
536641779
531061283
572070645
563247437
896083075
597689714
293072813
242064777
63878568
686243626
950605541
167541862
146146324
962113236
347899179
534621070
169325669
284568841
431708448
368475303
396123626
126098267
580465211
577520596
752700747
457401927
342400963
459571204
666429193
986710312
88562864
435446292
104009367
598138697
922603718
623295038
361330086
75842495
783319532
613175074
170436492
752139121
678916190
476083964
194879759
359967370
519413353
670671283
352413133
439478073
43216122
246607275
587149546
418678476
633403287
695907523
205736903
343226597
583421465
356619383
193355232
841389212
378518675
769808476
545927502
434259090
689227484
662443861
322464923
109582155
296708119
355636814
370371840
481539100
735202542
839890322
378115452
665215082
743465087
780073630
264603979
122668514
127217020
921702347
465301354
770416243
415743956
397412467
793316153
742171326
302075879
884820382
805511581
13499249
68741642
13808914
457254809
287769176
239975451
144409273
972157313
356758041
983579231
240943830
47681031
814513667
544303061
386088791
767345603
427820108
17286716
199189481
226005488
566064536
202552933
670318938
246091778
842874355
950474725
656859632
114864699
856155144
995394399
697514278
631217106
639394425
165212124
459187500
78999505
266185327
293055240
31790718
316413089
802199834
400841132
253446149
22441073
622374417
728262391
235297770
47471700
733484374
597651230
922475843
314081577
112915387
641668918
837510656
499962091
472102949
349609157
709632764
385383777
969508536
810006532
517902873
235521576
349440275
931288487
129485981
312636398
951877455
927075069
706714097
217823418
115405536
699505623
931801849
241413688
536284299
286179548
822787001
104213288
440314776
283283965
680863765
464227465
210418942
452274558
359271617
988954068
714185203
900436461
956185443
557850804
739824462
539459575
992213055
839927056
730235125
867645960
239271930
473561368
614944182
338484065
937770312
495698829
763631504
316580742
576842209
703955383
30313554
232651696
519818437
612102901
780333827
390640240
955726346
689350018
879341494
845529714
521297593
655813319
487225360
675228244
901467748
130935106
477737927
156310431
300056592
948847757
253027193
512452545
400861975
165524241
685970186
627933115
507424017
565342763
348148359
240456233
314060175
744453284
31341458
642628730
596790904
763251804
429365262
916683894
705515922
841869223
853782580
990422975
649661337
921609049
550885360
132733877
448180242
555297341
939370055
812658765
353539489
112025717
871960154
458133540
852380046
96955251
485631647
432147797
714944984
734971753
126972470
9464471
598328684
771931515
246063865
686786281
414619416
493947154
156066049
895230967
539225553
855884585
795504080
196308598
587897247
370414707
191803058
263437297
788314044
515162614
375636761
120952296
46832812
297851431
877058952
682051575
990451211
558134827
385711118
348972045
423246855
75594083
940289879
923309266
78172201
742297365
614121013
459809343
440743710
599452603
382377509
189412151
697164502
689682670
436966981
938617058
397959007
205331413
981364371
258911445
10609500
904325080
415270116
191889210
751117056
134262990
206947666
8938395
376130216
144725537
240943073
247845822
375563914
874310300
379058607
817207013
217085391
719184428
682111749
389131682
331392321
835774226
892816360
507322667
536403915
929266830
463600453
884914916
880163345
588452640
985786072
279709892
524896737
489853443
87378637
104867158
232405541
235222679
402557008
163049636
514927646
423049317
161121967
526545843
380180758
306504746
340752893
796758250
550607061
299105088
204192420
273988597
738688486
634452366
878878716
293174695
921716521
497594060
5171119
382256932
181424264
277626312
491378567
924610934
848051665
943974448
395939737
211025572
27760531
657536282
495556055
784139727
355420818
292033213
527135478
630043835
335667788
871605333
49204683
768405629
824046226
733510930
153368502
498811364
821518174
111634914
918686977
53840752
343857724
760962030
910475688
386224846
27442167
809811876
13466059
819089013
247117241
625777081
439627342
983976371
833393281
170608421
834822950
999136797
428403448
84188327
124044253
220535501
590381667
306536113
436924116
859456694
415585792
854859371
3526644
142983953
31355928
966427321
760166768
51007721
849223711
444587739
697089116
945205461
34467943
244221847
274837476
176354074
300976720
580847884
169949569
850360367
194753892
429970794
410483680
335747368
910295133
258575752
89254444
606156036
308347824
269844859
399009846
163723686
541629585
409102704
98884337
109703848
85675366
348783157
687048641
905795715
960274792
777395746
876677740
1499131
894868937
218017506
534863294
541502851
840399213
606205974
774317000
510612549
935270679
696037125
398136533
906026304
849363123
804012
109831944
166720937
663706249
532830965
87780626
717414566
508402055
898173067
990516557
8201874
800894235
753885669
209312428
900046435
511984914
210386441
731172693
24186412
556670171
402816687
638168927
708934011
34533470
389086084
370805405
629554820
648000735
633468890
695960170
19402541
320698067
727147350
682244704
688525074
923848132
124057378
497905541
508437603
237826019
686493774
632411512
748451576
239068966
129950312
639065808
847812807
167001183
577102819
342335510
596824184
383743534
458944873
467589560
664870377
185357341
895733538
929751316
329052889
668316250
577107638
474400644
903668239
666497063
148291950
142572016
213101034
359142162
865388680
939128178
981695721
378888634
292935223
41711888
238306232
860589824
696875189
952095269
18936216
595858736
692765789
104045108
255516634
357038888
794479944
516379317
868970573
305648867
849272663
158677505
714114446
949918800
316508573
658763189
895966508
749710344
448497950
63666262
966186329
457019653
655494679
709594856
588186131
933441037
170502730
28815438
426064473
472675227
689978473
638656708
710603686
527748458
238488950
207351756
127540449
274677526
952550667
341937051
579312481
352099833
748159910
993320913
692436487
965848014
862733586
615216991
965997365
690564919
938563545
309448234
137402310
423613421
992218089
626604024
953547822
229464574
385626778
441882396
414164467
796877255
675721234
800628267
523525088
458751788
110886475
757940897
733993984
288075246
994146408
355490672
288530642
395421903
987217045
683142878
291435923
286872423
799101230
968644823
894240142
386751939
258247829
853053712
552198965
255443742
418892615
6957591
574086617
598799745
100238054
669440317
740308604
917261804
134081399
808123644
222728851
745039859
676160309
290204341
496266531
551107355
422971359
269666535
612972197
755214568
80588297
181142105
533001267
102634274
38657190
293521007
332859682
980677940
268267538
686996098
157407246
891118780
487652953
748941103
383286976
264782977
974828213
867687233
125832578
662390736
307806448
144547504
511855167
354947965
838433972
154568852
171634176
598544402
670873843
712049403
331268870
691469737
356118923
290590326
936499371
810480660
579088605
195170205
589821752
484182869
246474916
996839586
101529886
760238532
572575814
445646612
753782215
622451393
840478553
790623283
371616222
245993882
155206519
873487296
531413897
114929634
432270644
958848464
196645359
774852709
33397501
70929089
831152222
31710488
322545432
63791636
717384100
82927538
432902929
944372546
961510288
488548425
955825868
176694961
2329058
968001749
600136071
576260279
354376866
342176663
69452904
815665008
890604045
696416043
414002545
79562483
19789067
24775375
349127426
935234401
814742062
665300082
275676616
223905207
351524154
132505766
547994898
637148805
596145730
220201090
695620634
77682312
808584251
620709245
704054822
920467501
998254468
545278494
100457375
47298108
830730367
517374113
678691059
830855997
257321871
241621210
953296146
575669820
488613022
379820256
346511803
235211973
139108060
868863560
516492624
946151025
68081770
89390037
959358347
791685523
299490407
513713141
605474544
634513993
791314009
575756073
589519100
514913243
702803191
802358499
887912435
526739321
200821583
35003209
471688374
562311672
431417767
778092991
442740563
849465452
899126393
549629726
593013101
920366124
831983404
583343025
666432825
621448617
201070741
552197807
99816029
255334064
402492124
469986529
887811367
176518354
618132251
486464614
160826440
995369025
859870448
614659213
395529969
909034922
663745317
242910374
824084602
892162159
89395374
748467583
866156430
835768106
562810956
330528014
378445201
778908817
515598900
992956654
704228223
52917948
217507990
608958545
479384170
613598921
729753821
761746953
805656848
989671690
702996650
539612637
353402813
610219570
779744638
623386199
30283015
209263517
605356883
428921486
718861180
779702580
790390377
306558005
630910623
731056688
42266282
42989343
261665375
585298084
982112379
131710047
187107453
978624758
585712746
848339913
824731502
516204347
605298844
718270916
407988740
202066910
347823780
271751396
131844304
154022085
70908802
703694400
900754230
63832284
134119999
933149844
881352883
563662774
926588831
684292007
483578626
323829177
231888132
882277975
963374473
909490766
827268618
960768063
12024882
776618014
323910384
900863978
169304556
291931862
150235364
405273772
240186702
809734341
242753818
754905986
877994040
278723289
371492399
378440038
848922136
481826105
339004514
597361582
960800561
207166786
313687675
193291353
10035254
871072172
701477197
146414326
149008702
930333666
997925851
72433063
537759091
942281850
582727202
565197848
278773737
540480068
126638720
796396480
637565019
143847476
327318809
726784393
28248711
693512412
816035405
905856477
655639169
952280123
709098534
761109216
477638553
920270301
11391160
702596453
122129000
676332544
121942546
179676086
949145792
879202364
874653394
599088036
829895527
511689802
428318619
86276188
782647134
767115041
179305933
879389825
788776292
687008939
531285691
773933449
609864579
598520492
735069469
444434360
945909984
447990210
50108451
556789732
514231203
172307294
988785804
682734582
292273733
184991284
638276429
780675121
62725492
438879015
8731198
743291027
432198335
978320784
539396990
454220471
909989317
625889423
900647226
589400538
781877456
608591287
230058686
897579513
424076127
625108877
648912037
94119136
389114342
339667577
863838260
535613493
362186353
905706885
40412411
394161496
127267069
431378093
288135462
593221572
564780945
187422013
319706719
685406134
176579559
755754728
927639373
247158586
338449369
865307212
384768287
213003602
323997593
48421814
739506848
666919080
418726932
722171677
150415951
913920166
260561935
217144468
609098476
444538223
686711704
975480786
931410863
914058321
484152974
755980787
735503680
528418567
770951142
134645981
758532656
159519851
639607889
150086479
851007421
602179810
296713130
182823172
240704750
46071915
694265710
12067728
562386326
262416665
216136599
748849906
984016493
763616800
372403905
935082169
406337156
939877396
926207319
438943170
191761937
310702867
670806475
857852220
282630656
757068326
879726118
672037177
729057789
807881319
138171342
995710860
794013637
618778273
642787919
25294568
463358463
811364971
15708262
176461568
573952101
410912332
884711910
66745466
193479277
908171720
279159313
508971892
263916109
753082660
747396541
907737949
16608793
281228108
756662778
171200902
387424480
295320448
773711369
469055174
38993831
10157130
787704855
861787703
365134155
589700400
659145219
1445136
569972234
401027610
443628437
384729694
140727992
896593040
312182440
703194807
256991682
883988004
874792925
361029274
956539210
207975637
226593651
356601000
893569645
153172582
883252639
517356656
402526185
315372504
637884907
910813131
621994554
447117213
124128905
929237761
668185005
666867176
251206464
515090539
393747907
156676672
954820495
852706625
446332835
677814713
956921225
940305092
565313142
74787436
707211321
545220828
548112065
210120836
464852868
363024220
117549197
626901168
638708185
933176321
313127993
429321793
108261283
123819910
288050684
391129176
115383688
566886041
801165697
893697558
386064489
922149115
64653013
125460142
604542498
759201503
507078666
670099908
800458624
289446775
915118555
6736382
549877529
587381139
