4000
749959513
930124864
952580908
40358960
710566115
37101485
149239568
633570338
785804198
871573958
817226405
558446248
174052517
618507717
27727496
650710452
229624454
348656730
559965005
185139465
864073475
252062506
192130981
905505581
416379409
502707524
532907384
441531340
592448747
541336057
719707586
433481087
657222789
6481221
805458965
38007783
239292213
933522799
231367398
684915533
880070385
415527093
113045278
697662281
320353507
322078094
833487750
610638836
16899462
534876537
612959086
928004141
7860075
958965681
560231652
210311162
361643249
152722880
738715261
833456799
470247475
649591643
553875877
698616947
848695661
142216380
384870062
667784459
408458034
330839512
419110682
324216107
446170891
215688658
468083088
804465167
584420205
443314502
512904461
800509339
350564540
675215598
594815345
763422083
896745735
312934582
484836196
751396226
342204005
934418254
702869408
414223869
527684296
836504952
121581551
974370926
35672083
465886611
849739382
706388731
818075867
452974970
690995127
331897317
409864491
492736302
279341008
259839141
599788057
420426741
506305363
352427003
554936130
525854421
375408981
691850251
753172380
429507453
163180488
281884459
796827307
961773926
448463954
181902303
564687479
789047829
315954238
738067202
117201437
757178784
849420306
135621890
253791398
832621249
667051943
17546106
430371909
610603684
721350163
296793866
280545872
310763545
86137326
19796478
829071816
392095282
30138408
778973601
971316104
625941016
862451947
931310377
690805266
78663585
176538802
673206885
228876479
178923271
9365368
203783600
579450059
415592170
7391025
999811885
573611456
541222211
316678663
508341154
952003894
276519640
690969131
811955329
699618399
769315541
404550171
931173897
357847204
297947666
691695702
584390308
520757191
797361917
202392010
243018308
42465975
921274272
864091585
384676505
864352419
627068638
438308297
439962088
494371054
683882052
334337829
212881558
255785951
427513432
255043351
254515872
199617818
994274735
131223722
88904654
885414975
79125640
148439510
953263071
170613173
738339448
471324241
83559982
882774608
668642039
515668005
47547805
936881440
400011140
544189607
558906420
471841143
270687056
259896398
176198932
604521220
514290052
924154988
235151642
74091319
504897191
663032636
794721386
934849395
115056615
527760489
715146459
61328965
182164924
654875955
670435301
155285635
496488434
595141561
639269430
986355814
870969822
962366157
366468435
431400733
169949010
502155483
875516668
619681047
554257062
94130204
370403845
910815973
815993123
38699537
362762607
607541044
775306042
942901193
804966210
381073180
295233453
624007382
843034995
326418043
574359869
749567298
154359932
192166638
829268302
707995508
41976345
748183206
157229200
602989389
458316225
634478654
52219433
67870148
390178609
31757965
456687947
58520164
494118710
547701764
34592825
345018996
272753141
330700642
867185464
732022753
810766470
283936400
642706997
53769435
348029783
953696963
696371738
863230491
467834510
63678964
825869644
480169891
196875473
654857991
823798906
211934635
489610733
201539493
503547295
949547939
846736689
993449818
238767227
812474752
709523954
859855101
154519827
690409712
213390715
875973910
534275650
804279984
329887156
41333057
286388954
136556093
585206042
340375945
321034419
793808711
606336893
831182413
370653339
885968982
673403231
171803478
657948464
861224355
55874843
648021859
615632162
479576383
787662354
9334005
635065114
117651875
40394233
596464445
501546887
316793090
711676530
99974159
451497474
268238374
323412552
676182255
258877489
88864748
340231595
780015627
498115323
270342760
958575521
524365234
262818356
700602474
436080042
812959638
285612739
372517088
876004234
96299956
198384008
523993129
373702196
981586838
799431308
14087654
414327639
745119005
427293517
259579318
807436988
648390326
142253771
514861369
114275720
797755842
881724156
344217981
319596262
667153746
359108446
657864136
646045444
816383929
613964577
868045100
854525166
219612447
154061034
929858702
415033549
366443865
695882571
447136513
164191594
956560809
350507273
743945295
323180874
283069485
136903787
759682009
694293876
858819916
506258397
440817514
29901111
672181686
506349352
698513939
520989388
216019005
537479472
978703710
635487969
243229545
129880211
610755348
391166001
354353300
139394217
221756648
862514243
632278606
845870817
46801229
384893892
911973152
713422487
289143902
691256070
728600486
517054318
73662823
962838934
400141975
752716885
609175221
988804933
968239673
966827062
935045634
897109288
424146683
764545283
348347203
310180436
369337857
401100884
511053094
632088858
961875766
936452332
61913979
16887047
839987296
899569010
510928412
807620463
508261204
682753089
158547426
917317579
651947297
863779349
461214379
263337836
951176748
412079683
640165058
589505878
193651199
209333592
230615544
733995994
395328880
480706130
513666767
482107115
888778394
368350499
45751329
272610828
192894260
390934763
173187262
747998372
313848248
424798850
829664098
635021795
567202398
705471718
465290748
638389320
986406261
646666809
544157266
307122435
238219880
382589269
58668347
779152743
395385541
338912757
120195934
529698108
134764079
813221586
170217391
909914080
746794637
293327571
22129031
72541243
541563883
802583996
916315210
339237725
211528803
229192074
730373130
486976064
356001594
103820330
542146004
664962435
759380925
642335415
346545123
852360709
977851947
907967846
891909541
702473215
149160575
54525427
838106663
455015280
267822359
381303797
483544646
874336155
523394854
622225420
426905404
413631028
794463419
955104127
659856226
358699350
129889103
911751265
587096554
346255741
404310704
170511179
975286890
923391398
640801952
69884880
258221020
961847547
752206350
564441483
262007019
355814932
457523278
325401732
160339204
382528837
279239276
208447795
726888377
646660290
956500479
914974371
394176418
256715492
573578718
397741944
848969214
63031125
927953978
916480784
94470094
405496830
827989600
376391448
255694963
642774787
815026531
197513334
752495628
653781846
432855528
698875610
265347601
834668185
497065092
48557512
371788640
480881354
346689877
682395709
795833408
916092972
505429894
519184653
717528648
959507243
913387311
420122558
915342289
983252581
354050028
496333387
769582060
726111908
668293779
534521428
112916978
517368228
801469915
540435599
184548929
871979972
317390347
161958864
796432723
341113529
442893759
74704184
62983188
386552536
956250064
690623853
128801067
435813574
494424758
485650918
31629187
598554105
554180910
977304695
563171355
563187612
715481979
89106379
278720771
132421431
395560566
214670457
753267391
98670946
58872277
913776299
309425236
715218700
668835157
425001674
693691365
856473021
445324030
121045742
13261655
133276488
523646328
710582820
264600968
8287194
850727676
430984162
107542836
861531727
336966569
508267705
286826352
88274316
687253666
883697942
511464579
143159165
489512084
359481722
884446659
173187031
53741910
411424706
205397675
357060996
340960026
904731670
62320198
73385562
704612880
2458112
213231736
717212738
755342259
180850755
344940520
890181480
488142680
579807070
609778793
240609440
368690010
802907732
377063433
229549416
77899871
309706728
327590768
971495977
819294754
583301987
254132925
506629010
165098614
401266053
887697240
946065541
737769460
897592236
886372367
201080942
217217893
739252293
314053533
547421461
609299585
686468658
384160744
814699254
335661997
239617137
612015270
120472409
864375389
797309742
751894795
613765847
628173618
335412725
626397495
66888554
23398323
816658437
467093109
678554328
19265030
734588219
631281124
859437220
210950207
499717713
704964037
534993203
639888769
681100407
13524071
459558765
491826746
50250594
627732850
589102389
670655101
465631869
114734795
389769637
564989365
247489274
439096114
213344014
387309473
144999274
806469489
232432736
843982617
385930321
897375911
916386567
129330231
666219137
285950054
432203586
848108776
29115189
528805984
92167118
77690600
851232113
591896496
234038996
807893396
442736052
200764616
955438019
627577946
178143765
766648469
960475471
874288333
758408602
42407937
457097008
490193513
526509486
35102813
650783200
511348358
828166407
821429136
752475083
338323060
558705621
179951820
206547540
217231386
276069674
29353642
93922534
750224382
104047446
820402052
963843644
395812264
695327715
62316502
852115655
537306785
271010958
180143540
709400090
486722489
605430980
952317539
329974363
350924307
568213487
584269373
709663808
485163809
61938617
670348095
233713870
540818452
665563808
400726025
256275893
830043971
151723374
244268837
734836099
340015923
260437956
773346162
611527394
194082886
266593521
453493066
759078279
475770416
849686769
307437442
613023836
263682826
948409788
769550246
180341216
833331392
155039774
110987070
423439843
523824237
300073128
276717591
303013216
213605286
18050045
162383772
878014403
897699095
448020387
861531114
558841022
214785012
221325592
521389838
913128817
857507503
406523668
647092924
925961271
12413156
935258644
527271909
859353881
316306885
780190555
459844795
994937364
212308291
514149379
885996231
534435249
58822002
271069295
555888267
32294281
185948975
367405519
837279894
717386036
578789827
867816778
846935542
688082510
185300690
509582563
471559180
62307156
331194672
278030870
372498429
273558476
58307986
801740095
768428360
255791920
263970796
15369924
640211277
749913946
729413980
762030011
136349658
714304225
142167428
478045267
771446120
965261644
285448834
578366326
889418947
500832728
314152232
283805984
710854384
368425787
228476084
492287005
196680069
51251657
246060433
83107622
772349281
931069692
347732916
598665464
953968829
629383962
6713709
845231608
710261186
887510989
508710475
307129627
615394546
948449873
201040261
603678407
709005868
530983911
491634354
167168181
823887793
335000331
330214947
520746034
580391412
954365973
324716523
691523079
960839944
58323077
773759624
536429896
325260079
319295506
392559450
409598057
756599988
598247927
266433512
625982053
834673778
588060042
104934057
503565454
244089890
631765613
927627532
14910491
896697328
939899507
615970314
163809921
282663057
197044209
717570117
711979168
586242394
511602346
782386384
99954659
363427199
1361471
749206940
797055330
96816946
908318359
161958127
116419212
416484241
696714903
563015531
157560970
377241165
810840762
536596061
737553146
127829032
751564760
88881697
645008738
787361018
761238517
471488596
322900398
715744568
643690491
974251131
229450756
287092720
672101245
877409869
305543068
87377490
36102965
392713104
221013990
207927696
927426975
961852406
176893209
24491340
591665041
193993015
765079226
298691081
82307025
625168752
386154533
890876537
528286534
701230451
317046124
677631476
858980480
273230228
792244827
308114084
688461701
361756119
254167478
373023937
191509506
605837358
833698
969465782
904686792
456332306
805107535
807868987
453348462
171779369
652773538
170103783
814124977
448340156
715240994
148208878
943246146
276701282
891025455
507111138
486145566
867067702
511249258
47465437
553317423
125085405
218118012
662330945
28874149
500289034
620007904
640463302
248262231
514238468
156451248
52566120
192032669
855541119
589025355
184730567
575731010
813824703
467026219
432076869
940773083
430888186
265729372
74356876
906420496
679221020
388330526
298528840
102320907
39024433
404919201
816582125
749379093
97733262
493538136
93352783
823583191
174407355
477276644
529070131
408989686
505234056
919293370
685945677
358772950
845728748
383690526
992857682
377642909
761795426
342672032
87575713
113224639
596127479
391574720
141516254
157854021
792775232
77156403
58026348
555193550
910280864
289301690
501242635
446189326
218372699
511370641
803569197
11746691
349206278
807368761
26333871
905505299
802706551
320645403
356124269
614015376
748596279
562620821
718948936
977879435
584716919
174337894
603508838
689147277
51430302
359861602
161200609
505583637
123751171
232847099
159253809
136229944
220417100
42625981
901746390
74275315
676456858
334963404
112496250
60496333
906409856
84197205
571440371
597577716
13531894
152546632
802832618
421115432
12100490
699017182
309747188
6548621
190671889
898763027
791160191
538294520
857394766
116354379
445649602
55202093
413924752
412266009
889412639
407431244
876554500
82507876
949319537
650203444
512991897
751374094
924785409
757762333
61964364
245278045
961719607
561121996
461425889
894328265
993108439
552553765
673671176
650679899
384105599
445043761
518014781
859738644
54594998
620339674
484884179
469196615
465442355
73798789
225815966
819734881
425494087
387693649
938588475
657373262
411556842
395655165
179671400
314588962
554627440
884528830
910745665
864399706
800582098
463419373
74384421
461827668
894724580
501797378
892207828
867925367
30966922
322096211
63474318
963511974
128331031
706710224
532767078
245077689
156913695
96474201
124238759
69931811
381269658
524203763
301951611
312631386
194149360
194036836
807008814
209346446
274273904
417490825
280099501
55803301
221027460
783434776
189668860
836077733
379286596
248849921
256369258
634124612
466331918
35080474
844541325
839545073
772760460
955200708
142936273
563394486
795840654
192539451
287896777
672336993
297488328
758362291
509550942
884139035
804765939
881326524
255842731
955307274
855987159
823768167
168975669
10584184
41652940
97859609
806413130
898615089
687268355
63882703
214667721
310708588
261140820
906070036
7082472
358163465
733036967
801831222
836918874
496556642
243885542
355422676
474027717
808869790
5442360
204269440
179059708
533228603
403650197
635925983
60452307
254897971
292637379
752262458
178554617
929582564
358102299
894282823
456440887
957076591
573244849
958641364
465227427
885549800
391895628
495143289
574429948
725290646
57396202
904384112
572860951
370198018
340614527
418189648
558689445
296880443
583044459
75603800
738170922
380504983
199072517
347177543
549826138
801328827
835064060
992711393
81382796
780306890
73494929
560677697
553415783
752666120
145677565
281154805
327537925
573491438
10168423
535202044
549824869
312947507
9663336
826554878
278175472
272366220
233071125
655630156
445204203
693079274
958229580
633821137
124816975
639897450
581690588
914638142
817249399
219747523
522985055
127369979
329924192
624371128
216842226
642757525
435686952
611170819
353331515
295448587
997605065
871819852
425412192
260173401
234881906
260283558
340599400
288111222
348301049
364696742
378131818
721796895
29208042
924087426
973330032
881800022
884649510
545101675
495531079
986722030
471551612
2336054
860825695
898209150
548353165
444738438
592515512
879852796
995085002
197871396
413779149
92853940
73230674
317093921
548632468
220918329
624774430
543123773
636624043
828340099
538040422
679252112
879277965
874764892
669304222
95851357
372311238
845239052
819463867
418605897
656918655
767640793
119037619
982800394
620636688
115750347
317231614
878388745
834851390
798662620
783554374
203221573
952758995
985344320
780081966
561381950
949683804
55391260
564466681
787796641
500160904
622831096
539905732
505533492
342638012
840728936
428095344
644543870
889988503
78815881
638830719
23752801
325323919
133974296
852975672
11845762
373343789
808306589
45538246
68630145
758837074
219707394
836636545
771352684
209258331
673300626
382244033
670461612
798292605
409747082
751508044
638354255
300353682
424500039
217777427
94063424
230595345
101753045
789119766
73317429
333593549
785588338
757438389
809960426
961176400
409590780
550165644
448956575
553567161
434332769
575856119
502058849
690373463
122458467
687857418
802637203
706084498
992252834
32541795
846161973
959818100
182953332
566612370
810442622
680799493
820312311
224432574
923686190
5060364
618806550
14503177
131002012
71457458
531737119
657352725
301692158
776794404
678394348
995611361
531755784
257259914
847023712
381191199
589622167
220882088
415941808
435806155
513833793
669637692
104742297
531913484
593577931
925270004
577450459
431046040
324779206
780699691
990793049
390951670
530413671
223851543
278575019
880496860
860969638
509476558
407691385
154377024
906338303
228629701
678859048
508029746
982134969
909792168
21513130
42868693
124235096
537424947
594217416
81799239
535376729
384447936
87619493
159519552
802101689
561283243
36863025
376442293
532015477
789526325
318710238
469663521
477599098
700916619
89865460
745332380
500897551
475902373
440241487
499160172
378455913
821796459
881823784
56380981
676121498
363837013
995582977
76339521
190791792
455324109
741571736
230820002
454155877
778286323
324756897
622480797
428756899
564046030
784688261
258519588
74019048
371209142
891679740
942577999
348349677
184074680
526029384
447035717
900802019
413020513
637018503
54658278
71943132
86861139
273663177
810927567
54057794
796015160
893466
119913160
736530878
515559376
773285330
377067439
437113938
463159473
861262307
67407005
609030956
234326556
320153771
487574377
570223406
290529365
157757705
85647305
44649638
60149270
455266512
656841217
464032431
120837524
40824462
450222806
875206215
555955784
862026514
857591940
757165453
337551218
314871663
678323289
491485766
249314022
858517261
440121987
649025729
436002205
486071585
545654904
552876667
150615385
412628782
28929925
879740529
79018478
385445444
597981321
295982345
311583371
761592425
74655876
271762763
763180796
783992774
557275769
458521716
769220635
210312431
753257452
553718624
473185277
325269704
905077285
410798484
677095838
687552915
567078041
860283213
132461286
756053802
181678398
955679883
20139777
371189764
852778399
530498249
606096152
280728509
572679719
931990948
249116642
134509173
486811209
212780157
756373416
630568125
516855518
191916560
399418398
925038339
597441045
531208095
431178066
387005249
531071168
440259740
259454652
897473617
814417676
49671344
280823422
828966328
989145066
291139671
494797335
902889756
533273482
999843728
338797998
579016692
595605026
393724371
80975122
597515067
830843260
309820421
715027298
391296652
494507322
738551130
958586518
358813626
214034839
554013794
32832039
45053452
476599288
274627143
589647
910915455
949411679
828624632
96910806
979717814
700791319
632401534
997250156
162421473
606163206
517187698
658120930
67081811
536361631
796722451
138584869
350732455
534782583
298788468
771122813
237565708
39128468
8880827
23112247
906639973
890911696
407090129
453595569
959359237
344367358
605842259
770118362
926175473
789971524
915316961
590109226
607304259
163489382
296083790
862342371
64289023
608835978
685557302
622247835
963890373
525851544
332793944
892008318
163169279
84915865
2243254
195463735
170055069
51561380
428742083
534026422
598508895
254337112
943080240
2660404
24045426
134302401
946905323
367958420
722646617
400613183
477399748
119623473
182376570
860654052
890327399
676827765
209339592
311477675
524597883
988236989
355110551
699002495
424722442
905229408
955483091
471755281
640225670
382982330
819458040
996661869
684964615
670847421
120924247
300557184
579880617
551367752
233664378
595784619
932730083
999140461
79456129
583570580
453303839
938555098
676756513
222404896
7402998
537278652
985714579
377958650
193287540
640339218
264591538
395219532
929189391
88075475
38070819
239746956
35305868
923721287
295525931
19760224
388563014
529958965
853485961
308948054
338787309
68871529
35588507
862649399
313293656
71345972
824065276
23812563
810035872
647362959
565807844
382280348
753320705
985240496
453701663
576387409
877226595
48504893
539667515
126589325
301461761
383193315
316298540
544093697
803826764
80602339
345869677
730459988
610128053
352138905
59003070
72116163
84931762
765781855
71275861
769548354
775369782
819563451
634259962
192956967
670574089
71605115
872981661
449677824
437288492
384002657
259652239
818174456
627929347
350151412
51630495
218815788
878174035
736041886
142640426
827410214
220954422
304707949
187785969
514546723
667764899
65845759
918713977
362842468
393720400
385942298
754153533
218233135
315092401
881603615
348192407
391379762
433510047
139455766
276200579
996767184
973707261
57282607
137325166
375128432
227989902
229183751
378946507
723492385
298584137
379448590
282858313
97294766
162128734
360386978
323311880
102438404
63580287
668743693
208854612
942962457
448549508
199125563
693057379
105895530
327054678
202260824
539617201
247482736
761204486
626421070
200738531
741399342
203139884
45162082
166260695
733234605
313958407
329581305
792114246
921894857
768060722
81124382
640281762
232553094
282009855
776793903
654862879
805188014
462235570
131938984
790777654
319194014
13831874
633193728
625567001
646725329
486044820
112990343
300936619
149640038
121220892
143814209
975237983
822035217
269524294
775643518
188628373
156552997
683561275
167490411
999197859
636458144
985076896
1828258
338387625
753237655
353518192
643593109
557247079
39463634
204827893
979822887
890522796
223836284
223629860
912443897
145778325
628585318
718677916
409260350
936167934
458332517
218958563
761737379
692836937
993582901
635326233
292461032
352659966
713535017
308583674
143961283
527554620
387666243
377399833
806534994
644601222
298158555
204846583
154449147
844945689
292665942
855459977
28346865
461726913
500124033
181410965
313362592
22951653
388259434
74301140
339121047
99468621
754486900
682770919
761042954
694050249
68264138
242845280
555305149
29886213
235281475
47840786
323509396
403690056
594422516
86418773
124517493
621653222
323676508
556124779
645108137
425076535
887594181
67139436
432255364
907743568
287318427
910223343
70023615
357798441
527872592
896792353
923493685
640540744
893412679
901775309
285174245
967657804
324850626
838498564
129098885
666312866
402807292
210834090
117358056
545169668
791712206
840681763
82042375
35684588
991078807
305330662
129749939
530829011
200303502
263005549
3331386
118363805
868742883
861981480
307371903
777077273
754720046
225212794
289575307
401026017
21729120
533454605
739172125
665626999
999590411
625243800
213746542
706247849
167949867
188219808
645290455
110871559
586473545
379323475
153227771
966944657
32352939
175648593
7882146
848379802
113980464
181519470
745791743
907126952
214029565
567747903
2704174
854523624
117750386
98761335
714186465
571354197
338411351
214310263
902313266
836152184
829269762
508379672
899183067
56364703
171930584
261390503
267627659
373863226
988776711
358340988
368158372
234378908
701106099
454859402
798623230
986947650
280400233
214708772
178404014
50550160
563566466
22905717
190038966
647853308
147177426
744676897
292498499
744106506
43399739
343203638
489969105
970639030
706783476
131582574
890191118
566366455
751607245
508869849
499074091
91460769
216577557
595802750
837550763
477320053
491660002
284584000
146511771
514512220
387056702
274641424
53745661
347405009
547042339
797856745
550889776
918913323
219106205
969774905
510496011
879624707
978338089
143368374
15856127
785590086
364936866
48924853
473189403
720470604
323638355
811321450
85089698
816062137
276759753
817781539
565071536
78003017
226267077
32640285
902018753
919559026
60819147
833416843
877355698
470332815
407434152
298706315
30408821
414146438
571715484
365694366
784416322
755374850
601265203
385633989
878914432
179783461
243668211
272423210
784045872
333684939
902369805
170502600
952561772
209982224
871180587
320066998
538978583
152367311
314468965
34685296
703280052
850699179
510668878
948238655
331706829
910633328
667416351
616796867
481346596
212182604
935637578
554705337
816553116
669798239
181146114
416635660
68784812
557788018
20448525
469938547
778423807
234761742
320244403
677051293
984973863
934486293
879295833
320669361
299712764
488046568
40896520
744790468
138734761
367534733
30724476
148566995
235564633
911412744
716120006
370887889
591583415
639702672
180037541
908213285
610877770
342341398
488674435
647007106
86834277
902220191
893832171
954079790
193898566
598307381
588601056
626271689
391893458
858303645
410724304
314966870
949038743
233015221
85762752
369660764
927026266
362052584
336549221
756607552
588123709
250187096
494231479
820405724
850010268
878843596
586658709
285245302
83155152
788939561
852392769
871895524
985013501
494685658
930376917
105525366
295141437
534265296
867799830
472758326
124252449
478927995
41447400
240958316
701409897
299252874
332245181
293502404
576571742
907137256
293543273
595409666
55422970
230570151
383977314
604951092
691659791
71205359
169074345
925393866
675349175
838226231
855444433
878066541
859455630
489256117
897782831
598876654
490333276
917641149
344427891
237698431
467917167
604123017
187649333
128333055
554553499
451390907
859224822
924512462
104904375
449445462
399336100
777451922
919370367
988189179
548507812
769161703
269557329
661005872
722984658
950068734
847238994
107914413
846405835
799197220
836782933
725078121
309499
450731025
323117069
699692550
895247324
318054196
848176224
940986898
525386743
253403230
490777073
173223722
700615153
124104491
545593721
875419713
461467674
788925033
637205484
709774768
802065789
575455093
759868376
901261836
964529681
551227651
411332803
873257556
588735364
20678473
135228167
845711119
376654189
340401970
641428224
681758622
3233047
806189839
942189653
614754487
824343448
19553508
894266932
175141602
311392910
773444626
778930894
545187094
997043538
963386387
976203436
202264104
379063203
471404824
333178457
954178186
440668098
399676699
450933847
398762346
812984602
827292069
560400202
461811727
742468556
753074028
428460303
317414816
71638524
698973204
570391716
693956963
173395103
98955387
428237988
970820847
174027519
646364788
217815205
347723468
614207590
434805945
617765210
68934363
70627346
474697762
168218996
17530967
586618766
350758494
211954576
399484781
170479559
721814260
366349458
28469153
541013178
289557579
9833306
532701284
619248383
674380166
930010362
581234754
915942773
211616324
260518680
617422985
311136537
15689663
453072323
532423542
286724770
351558374
426239472
678819903
290286988
335763676
199735652
427746741
847920320
180457868
4996856
675985907
458523220
34416145
658486571
631163290
552502330
934841472
304569582
375355381
747988921
449264560
336935941
339210804
636108213
688188142
222669908
524719909
704643822
297243012
723366064
667811639
513542736
718582529
708877638
489824808
988016341
369284695
240385834
14603079
686544103
465008460
671465111
404198904
743265964
725308124
6402179
54673439
300095425
842211149
989954019
306412823
746415635
225134838
407812407
132415067
326611635
655764159
794819854
723845046
876164087
359632716
874821622
506790193
515937399
73464796
291714179
439373928
992538506
29054956
545463616
581104443
456991286
798839246
494758332
29255052
616409468
261300671
136864929
901603857
880390105
853453150
513074935
536064669
698673464
107360968
603842399
151891567
234667683
737816095
20099974
764697575
497281451
496032603
647255061
793250218
434730530
270909481
17956859
746934921
882073091
149358684
573588484
47336238
25761110
898896297
20629156
197920909
66277391
456938360
852595733
319994487
626718172
10731625
748278562
147522208
87353725
369601238
686171089
413936428
53311943
853510627
954090911
782693559
199274373
471885170
24748283
763409409
921972516
530572686
562090801
197828008
747367155
518864145
189692165
822716106
965257134
884195657
836984584
849132238
651268918
973331114
306154965
952267496
917057289
41589910
358391129
182291772
736000998
7628929
285973207
831687431
31202172
664715947
277697391
353490063
242971385
902780274
845116647
372486355
624914340
77315047
573300693
833360276
450527834
70423955
973223225
855188410
371825728
191133826
678224900
459401011
269978663
628177389
69056506
484782455
890105042
557907382
151996191
412051926
498514182
681270881
675220002
914373626
314160326
854133321
820090603
7365817
295149208
432042421
125462136
36566730
326625275
17469193
685452212
784494210
927597508
675096784
432644510
481363172
808167572
505295426
529875973
492564584
152404538
506810894
911953877
968682309
912172989
523739775
377457864
37050919
997557266
593458148
326248057
794978274
421254839
473855378
47884765
846494188
35533309
321705278
820486158
777242891
969969711
524541379
626672877
308681107
916682076
492671034
494428740
282998453
730467930
580928776
270530562
489624944
218767196
766203372
701874895
826488525
65667447
937053341
662139278
601845475
159392682
765896946
360860411
514705365
466067271
92946139
358152731
680859682
884327511
553003703
53677130
298032107
179777934
344341117
150873380
840972253
628987913
897094244
618443355
684514130
676313977
684924133
236901816
531398681
50652663
185893678
317980603
23901742
113158663
7798353
918239256
212099223
194933564
364724566
705822943
49646337
611836029
322472589
851177820
466799853
421652506
645099784
317558647
761527455
279778043
226153893
791539608
337372792
880028431
473198320
484971175
146779602
926619267
453998497
154212797
61020212
557615059
895074094
262309133
980255675
108062096
835765809
31672914
488269746
810407971
591549128
730577492
405816307
596625928
242850998
709550323
495525432
720184598
571911749
620745243
418032398
880590027
33034004
783908716
721827870
438124905
378315259
483279644
945827193
316753859
451616473
72095461
698727078
980004045
504133497
473880664
60913818
872947090
646546539
935113376
148399874
196506423
515950895
898986803
347122340
442504859
684732411
961757786
315326757
539731594
71706529
356725691
629526720
424408721
414724602
536252613
660188632
753486341
86694550
598124878
119701081
241162327
809314596
906449534
302783925
778979004
101952911
829366053
138066812
105406000
619155923
675293603
422372129
125024465
380342066
159689844
590484738
279165040
115011533
433425843
470775245
668051014
188505707
295580223
823342472
390653109
554512721
316320904
711001667
179423545
747250109
956427567
163434227
82809710
106461705
730672219
100416676
329114524
345611388
99634121
666284663
75574079
101431815
526200528
92450269
313351754
322531386
687419388
871616713
96252448
348159555
3634171
827015812
991505671
750438234
916938077
291503889
493436856
884101688
979907128
497585231
854608753
739139664
619425988
455234368
994687140
57952774
772319313
292147478
869457439
399386104
945439617
954528483
299989250
165186789
610518007
910354874
969870311
957597887
605803979
263615282
198874929
202613782
8924043
574732696
128610756
570894933
443211243
424920882
328549888
887322876
895213556
126467067
5801178
487592024
847920975
112864628
248048884
85061442
24455437
817923641
484619319
373565479
356753093
394894915
982178558
231487272
931210831
162928697
382138993
367746701
659250640
709619465
494424601
368350788
226871337
266688264
644785251
915359471
372193964
282271298
339507324
983513219
419473990
94489360
50391347
851623557
169755502
967495112
962300877
846835602
154730750
220378289
860405417
765255184
817248789
230040619
114333178
638030734
378951912
999475743
579223501
916539745
202532970
704714365
110885587
51591690
5312245
836293262
549880819
862440170
109415876
21607717
95695428
696471398
885465017
221783361
38814553
116168869
221705907
149033138
813693106
340795949
427001513
215200549
998185977
64988130
595050830
431924671
193870596
107541509
188655832
877824125
521625696
727657003
984127195
370405255
90375742
104168406
301874144
442687834
501186819
248156906
77672731
758428789
195604521
375663962
749095717
790365368
332629875
223252471
874786426
801213029
662685418
767135365
156224534
93110222
209783658
180773695
926073124
776776545
907394028
117334531
443181918
230571706
123219768
808882292
27027344
916911460
723474532
833511651
815254291
329652387
552984257
841894198
746783182
646400589
722339616
816794316
709246751
715496961
183245942
442692635
830420031
62292452
584598330
765696274
897900133
923045339
82393128
333099584
560054519
944110811
521266327
357778
203055283
222283843
919667704
175719578
940175277
321823711
251746367
620203496
261768236
878779228
865047531
843148413
85530938
94180385
528404031
796814877
86098788
185453131
264301542
54084256
698783453
488910019
136731266
615550175
261612532
696283667
705650117
467837855
185077367
24068412
846225675
689465013
423670354
212063944
621939333
476803590
361635918
49617137
54497177
59001778
767385892
259507931
750154042
909622401
724659290
106408537
240036450
385851463
907185431
144970617
560869967
988165957
996421892
792081636
784252815
5379908
902363522
29246786
297208323
843308298
333476534
76796367
972627442
148395827
118324054
778685680
811348359
887696183
594305871
438581207
535388510
145733502
209436956
698416234
838624324
751597077
410199765
259905733
321837554
828775093
365872613
833825051
990750836
855705166
926892861
375432657
387399608
801980420
55145150
418155664
366473912
506137772
172308143
642789232
914687963
118161857
987226303
965946676
217722757
702792379
39203458
720051827
823214765
297892671
535816819
671918185
575311625
422998968
795011890
232326052
962974569
724151298
377748523
615404779
745758704
513192706
292820645
262731150
758231096
665273285
989495202
689810620
600015025
27610617
330296936
989780498
617333191
921672660
94965117
760627612
666076276
779686231
909124629
754794432
192663214
534373315
821611164
775961714
550770045
302232644
816316215
300381298
43040716
702967560
361196907
284183249
435126630
208122852
105824749
746359948
483827613
230067277
214760702
544633459
710681786
201674590
767968008
546354218
431191858
616567326
311220795
568487849
275949841
103492694
602110538
627298093
308413802
359049736
267728933
661074358
327819204
443180922
664881260
720854850
308919787
714356097
744108035
959401602
988331007
322720937
528526176
280084326
593777067
789437649
180455846
445627635
231542870
407159535
365156641
58832795
773133306
886586438
423830851
494593306
803134307
375135137
853277430
970783111
572508220
680805302
618490790
223607753
291436123
234613342
863553585
230824827
96872580
159769971
844808021
465287912
285602757
892430317
8000621
317008392
63108709
212985786
68110273
923145388
297216131
74918348
853786326
418479684
237689435
641076350
599051992
502223722
659134965
958970316
622513804
322015774
423875756
752623444
193997337
123171531
250435383
125349388
961643699
625063495
213378155
505862681
293104660
283863820
791733066
715023611
340936626
4929818
779819786
408445860
914500301
785048883
680851366
367302418
819486559
396268249
224159786
272491960
520978675
609434233
930568276
938912954
216379368
242354783
242078854
362752603
532651639
967033766
220074938
481162835
878374733
899404801
733117232
523894031
655150561
488638895
84873848
850256796
70829889
55271263
45419650
264407342
959167548
186012964
37273189
168377068
163363955
379949584
174597672
974200912
959036629
95333813
194251322
698918935
127855499
816568615
167732040
940797985
661526978
392681852
317617561
598042110
698352756
252167053
319384143
308842728
318625243
392414725
908230716
790190790
129598305
550436502
852617359
242702568
983418406
477796867
944560928
120764316
927906605
60995905
927173496
578803582
41226233
872643002
422704677
929230696
151939615
551820313
478398932
528402461
877474769
845706881
956753766
40784565
488478194
47396328
284980375
470431352
473181739
293247120
718549899
75641879
998192270
809923187
86587031
946894330
49440263
492411768
577813457
819984292
952866411
264262977
261356437
866500367
556964992
439636087
47597173
83217343
711297807
250100200
306621567
65520038
902347670
263851074
432907466
474461377
207430722
231197663
46879476
956406800
20694614
144184335
279397978
362726214
996026884
563322350
32980528
816039423
72730043
608620490
843538214
830033808
900906525
194940631
645907552
28169981
91724080
511464937
668949859
562253053
568924313
178847933
850374900
558916848
607141149
135062431
454241153
690639362
768350582
279250415
359812634
25046039
42986928
62440415
563911487
531455940
703793137
263974134
333577483
860750896
702792224
18045642
652714156
831218237
862488980
625054673
638190183
804218644
420879781
633393287
226473935
431932638
760081587
931481558
519246366
337633843
481217250
465784804
595613588
793157625
116500827
221640264
853507915
439486477
969364401
355187032
661420605
659139656
874367120
628755691
909493002
257494718
604422916
957069027
11241555
442357707
997370592
530654174
470290023
745680358
133978721
755711707
545153515
650918933
889554276
105429095
967191901
328947725
842292927
815283091
857404161
722460862
713070593
513647626
511089224
670191652
279183748
375013606
971933523
138483730
483175641
323737816
232902670
672574603
919075136
502936745
512058707
427963009
19994824
122170644
278752722
648579304
746330030
241200193
295712991
498957059
221302516
358300449
61369504
569356683
583986182
384060076
914664444
713474863
792521581
998674820
237809119
599967464
820988467
746607546
44251832
154872570
72509584
805602133
480818792
672612641
838383385
873720292
465565960
322862276
374741660
981244502
109523674
518449283
667832560
108247305
969051715
376482293
137550673
307093277
159052019
337190646
426942466
593683211
254887586
95941610
168101698
556019102
851453412
441856583
367988144
742485362
790329761
661631863
711524898
732394666
683356808
373968821
358503733
763298757
703845973
20468510
158438288
223064004
492881565
992592373
709459804
802899944
649181034
523686673
54012886
552616647
287202359
565920880
264443083
7074413
51188494
671827299
990577081
674729809
383519706
549300544
456809352
972050272
356466156
969400179
998786062
693879685
229365253
373902516
857284437
196518088
665951084
195772822
561103260
652245672
56603252
846658153
984027211
336494176
526770139
555539152
771757510
86966348
108105649
153706094
386762385
957895263
762776836
481097163
710427540
35337232
271393780
413034481
767377527
976571142
66605463
11789750
376098420
739717485
110719070
149008408
293789343
508691014
627383264
62955238
970795430
312585887
87211060
898653955
666820424
727006837
540138719
618547888
511472510
736107251
65433394
319734186
501387076
255662938
346148255
146919774
492864057
307301791
182137871
221173486
55378471
103264656
429341293
721417424
720299822
511808688
466473713
654328124
178394745
342111881
605213072
386169057
726275230
87816389
358680268
297407010
736440725
285471492
234991613
738038857
771925181
356698613
98226048
822889289
451640368
435320990
81206118
294868337
53728044
245983673
205578578
160745147
359886635
658693617
628409213
115690408
578677481
392575210
296878599
166190777
838995762
925758291
770769208
301070872
628048798
388086333
692075127
193131897
882712703
976511705
97232629
224743452
199751520
64178267
877094777
283857130
812796926
456133755
971887095
983141698
284772209
550032941
985295854
174979315
426622517
856986324
443151134
258208412
335341004
855270444
825428209
395054311
753686255
742296816
625246858
709646896
157717831
202710325
740768805
285196972
146736055
466786640
379445313
672460348
957063968
776434191
833972262
161889663
142027471
453052190
961000652
56647941
882342618
293985649
829237042
95334614
561951780
688176400
440334234
560008478
851832066
920342374
113622501
292043501
893876426
34586795
682789935
19306717
198931568
764138766
399577564
257282422
982908918
401682142
429641165
699514650
280391234
562407451
140246225
516563252
562419187
790326093
395059863
880841080
692836749
609002436
269352259
229858693
386367012
369391802
729728898
756131279
948867429
210354840
112402724
750001389
135546131
822033271
537251675
805017260
244573746
673430869
661327547
710392719
191879327
398594678
116635173
405504369
930276083
759020440
276447159
333596727
148297997
551275640
339459546
7335813
282108810
197658053
779057890
722090420
321446309
977537125
