5000
489788865
571592934
648468980
694510260
789632032
24363310
890581045
337080055
701766945
328339258
921200646
587324387
528870344
604892767
433827330
227968682
106441898
449651746
833314195
97100688
730234485
236790695
506299838
210113347
991839113
64516163
749024931
73576202
117773067
837600381
243504001
962104350
9414321
244720745
201553759
540953166
448106178
739374668
330777409
53778179
498296947
434563483
809917669
987814280
634424403
989120186
163085299
78447124
714727181
291847345
491643227
902884883
359182148
119796515
781239314
550981448
793112354
940907192
516214789
699694322
601627158
832142922
513135431
996257545
735352970
870221915
956178922
689689413
607566838
93557730
903680290
276788392
651894386
594724336
290712292
377982637
533096618
1026575
219981317
207205058
887502361
475831402
688401374
52299840
750662537
883509028
497360382
342581795
641383422
669584492
397049043
327604646
572993240
726095964
430660336
984841370
66329162
207239965
626278740
810059824
226814668
875076106
241012449
420727836
186795044
882594753
726071909
219565936
522446848
783691044
371971905
507047982
854982566
793942477
445976699
583807880
94579761
136888088
516343556
601021013
890016294
111353087
514569953
767164834
449321484
730837796
605626091
526062499
873083968
181996928
947867719
380336639
205132955
514009000
467819861
600559127
92545395
957271596
568218406
42371433
360090962
196116135
62431822
446245531
340769711
470521155
918190666
753585723
299001927
628125234
305084559
678310403
19833025
619885963
265117574
771475892
626886979
159914961
767448491
79986778
220033089
251783627
248142533
928315100
308146305
168541097
879047530
91461510
923930556
795842196
403213319
762341648
441718097
720726836
410817443
634614512
538565407
25664861
915183842
932218393
857607876
567910386
479514388
360624282
786161246
341308235
627864355
707581939
659071777
365183637
520904514
654347784
520118188
251164516
492397355
3143655
705268803
666651609
956680822
183258569
540359140
882574200
262969655
99902332
86535185
149660934
215709685
222023562
759321584
856260232
693576745
477256197
52948763
466072978
819264125
868995385
246109480
549271083
399747040
176000409
578022095
403576863
644556156
7118158
442047945
401022450
984958690
469614987
633397798
641147575
600285134
155659572
105590535
391031866
249233414
166874929
682805316
30888235
479937424
505103304
749087178
218853822
398495406
554027205
913568470
377645934
189070804
669079316
904596647
860136629
479475643
209160914
495101267
797787218
659397516
37745346
337050366
625214605
986205378
449168379
636354811
760283599
38824848
670437990
513993832
861366130
162330575
703824668
422633375
662176074
387250095
471339717
754941429
924459412
356071560
536344717
437962461
815857223
931683958
344963136
900231094
590032346
25581320
367538948
71698062
601055639
595462046
54835581
629330682
153829210
926681893
827939086
593802892
334145065
450740386
194313362
565269764
689351594
123725453
417096119
915151301
552200098
279176992
728796407
85516265
396482530
746388605
310647799
880271367
822845677
213047065
854960801
161406889
735542758
165600621
787933297
826374070
344607487
875905954
789244753
291753150
790808203
241615738
153135541
277053984
66512494
778818493
25177534
563957649
950972030
166234690
301864959
154866439
911348495
780014012
957837141
522270055
772219602
762852132
711901421
894531330
436506459
486169892
858721461
211134043
114654482
651297724
949819713
61925837
993773016
872402554
562944258
904671920
811808398
75876317
3613422
439271537
621241296
117143485
499762547
778450177
146732108
927658927
67782044
881204412
648255087
149523155
645538534
950813871
95880006
266164488
329736567
283758836
148937505
848766615
294299140
926055601
345275490
658009668
320599010
186851649
483579487
21625595
950057004
310804243
620313954
626858507
51293021
421580382
729583982
799780941
744430301
813967875
448521448
200893865
274485243
972113028
625110222
280269855
405200247
524521595
384928220
540534737
709696831
228277659
488812907
716867473
427954315
558249711
2415958
734714199
183702912
679782471
136685159
2256109
757609942
278644701
951102374
700695665
229694098
145703547
458283837
949185813
56056605
836274692
108351373
37519174
688330604
207235222
509522781
652966749
270464202
334585680
802948175
341654108
510307618
709477807
642920182
960826158
410879638
536556687
859870437
760666035
291825278
689989478
274153593
314726371
157155088
564946698
623440788
834119179
417628499
654789664
833715615
628766218
192812420
50841413
776921894
633088853
382643256
330667187
914602374
188485377
648225102
177401990
108043968
781075562
640884365
184707330
689666786
907872542
557443763
91313967
339089696
187424086
299667936
416460579
821524119
442885119
995049960
804657185
808318432
466484954
778411080
276849087
117459204
2980954
295106220
994249715
637062607
126387653
239649155
518014834
363460877
906238107
640826223
871209631
708231079
262176976
104833807
546757849
574324394
741296901
446253341
268655407
419788493
179900552
419671055
3812123
535483515
748033013
618456397
538924399
777706222
970743766
919450612
168284026
469669406
295047593
348165152
245219118
976181993
537317092
846023199
583604577
83014060
832958125
84051137
840412121
6949437
643706645
657152036
843981599
218420884
403626086
913569663
395889842
641285069
926694899
51067002
308899198
763398311
595841336
530942711
261667962
552204629
128242037
107397116
483187677
63931340
44192547
762149334
378621249
262516130
690794983
603675824
717452934
828544458
223721601
801389894
723756026
369700221
380393028
204174237
188737387
120413797
599179171
864925435
147131420
237358290
527990232
503845935
376497001
847616257
337909574
858121817
583303815
396489655
128853052
593858685
624639847
647121058
584880680
896078862
448579398
960567409
225907838
221075156
119193129
465017225
283407006
513353778
353722524
781143807
891414567
487119135
364541312
343068800
820034827
726934365
10691767
849839195
131134883
673489936
916939948
19528189
431389317
118091988
634685527
236307528
331400618
617189596
261522547
285759634
584481582
464143997
435968337
449692499
833008853
54456982
890625239
528027854
398893263
963382840
445864907
522250564
9257258
955637401
973343222
343064814
988042374
321441601
150612836
663688351
212135545
717794283
277823546
804980473
639179407
154622537
206216367
636006893
735453456
53549950
315491411
546231786
255907164
401586128
730084323
211375327
387074273
182375675
703514168
926545814
822833014
428178192
567982966
90046676
110737650
608439636
628380551
101854817
216741866
821056363
475151887
687921321
352803397
473841776
385382357
558640943
208039082
268765102
279759635
93289921
134417491
206033834
591073958
119242128
446579018
512672159
462293685
498968162
160409949
142321543
842872557
202726448
702052147
943665455
886260393
157294703
331806857
30695525
24085554
168676638
264363944
976099957
801547422
93932800
797141361
38865491
375588365
738374912
350423902
775596988
908760354
79005251
535969885
148629176
263199143
619636212
793865700
732184209
290779270
104742834
406164285
751488014
484562645
725718769
278069428
25792867
790331031
552067743
83316300
214006583
599422314
649794657
327063344
563097538
601032818
57584074
8985519
936881651
659317434
225923579
267652051
567334537
635008068
964895916
952209160
516176113
563983680
133999298
895807543
876051099
590772682
887146424
464153751
783171064
174408032
193711432
322449060
381058858
183360101
545872690
71639930
264375343
456575027
649761293
502484163
142942582
856586876
748649163
216340934
526977320
84086072
223257866
219812004
558618717
522324149
486298360
852086449
413765359
393636950
159291252
775107077
117934746
867082184
657081420
580041536
359651548
478458358
822746409
517375995
75214389
840725328
905894584
843498722
307230487
998951622
909749429
881986348
329415603
807314372
228800649
628807976
905981785
235565320
646763051
264183777
827810701
505793900
564291895
680034241
964612569
565189965
632926465
190175340
451249664
448776068
979662540
638182
360966589
22300259
528402502
292763576
870447244
414739419
20905895
356172830
815220360
76635845
386625907
60749094
990455588
685162343
788763581
779879037
717642835
205817496
81847750
454253029
647481985
562332482
568180138
372840088
318505509
503139343
726826999
231179487
789750707
117614852
145998392
972826425
341223420
733664393
158113043
803939714
122809011
754980082
650070114
542148621
812159654
511755072
630514935
564764264
288327746
8639374
415505486
240609625
795872189
96165198
482794588
438522844
341704723
536715922
678806126
263702634
910384155
508883244
468267443
748150467
362471621
880825650
644093180
946787546
172647476
652102130
880251094
759010905
764027715
83276201
117980818
63565571
314078213
192853584
684619775
378363591
647025762
866608033
517796485
882980861
525426894
489113991
752543453
63244229
754974845
669934797
823375217
586156673
131578196
760117474
840665274
66776064
689383563
641663300
333369841
269471079
210140978
470164541
819531499
669547664
380168973
132762927
838144314
398742191
11829397
699047027
483938807
369564529
681304314
598299309
71416987
544956755
346471753
398938788
279319020
732102132
588217731
423566758
851667384
112579409
363836790
145955484
825238890
221887351
627113385
369678073
445231265
859351393
580266012
445954628
161705425
760857937
311148861
29553566
346722229
742882885
253763868
219035075
607930035
412198207
336298337
663790567
361708999
910363830
278476653
944142422
683075543
759818428
666053599
792153362
825927166
233514211
980463627
336980129
594436064
878324450
92196922
754136094
129292959
261908156
691873980
279527380
196139834
439656992
755982700
775763727
439628758
390477680
302500204
126413056
996368030
874958362
544304833
433738123
25776085
321135338
955390254
603072035
480413350
160870143
835716082
375350877
782053279
902966086
286979457
435644869
690966634
685111830
94817473
993955539
522570312
603646168
819186756
599706140
761091736
65996312
767904565
792721862
531626199
608189651
211781202
753231233
226091095
202809803
603391140
304220061
763837672
357331482
63866838
867985312
324225831
256928901
121149572
793442382
843644850
421295433
919603914
496533674
131935294
499264741
356104682
198724092
166526892
421619288
373264478
396354732
389129634
283492606
391068447
255167297
697604361
503880617
988756409
756232539
133496388
332069120
144424405
167012218
281217463
972908732
374557756
739115155
395870285
898415561
539755662
737502679
484138496
493161339
320144857
66848379
911797701
543128272
16679587
950379756
41804286
689514235
604498975
285754991
441943329
157891656
222756050
859629531
938983295
920263396
632191601
157177693
837288799
249739850
712923790
278144519
737607281
691220628
668818281
331825913
979928990
192239311
955067886
972123349
600040857
781536271
221026453
859059892
835098410
994550416
411381477
111503190
50443660
80669921
622034330
826408336
405084826
113699953
822995326
748307680
636712676
210908136
104525527
564785765
608621674
435208722
462523244
342979540
893784833
437968184
273207470
294727506
393648574
568262752
87065219
180342994
846556308
711046231
76617756
407992540
27064154
554608358
35500596
94983424
267605616
106853610
854956945
670975969
377053462
372803976
818033362
560453852
590228225
387314165
440244879
365278991
466563861
378282928
112475243
607199987
379964191
406851040
282909557
287539487
405071814
9688509
453695996
709789771
745447553
645113170
824840752
556208486
598806984
741762321
693082380
787939277
413288517
329483971
173457141
871083011
40459525
681439580
204507225
661169491
505301812
605274904
912734320
440678739
586763490
128622540
404499411
902433820
359246163
16516219
695968095
611487302
675327427
361342635
235842981
950527687
591450219
401940966
832663526
438222552
573960980
941436539
647251196
532408029
310477941
138478568
314664085
311177766
667109973
440224767
957374931
504682398
748259986
598191400
612726337
909301066
484908607
434910942
198032144
211854425
485456495
313536879
142577870
461948074
814352448
895281838
668043474
830242160
730873809
182977700
804566805
675794117
807393033
183414787
375562221
829430078
619549616
610996132
983349192
879638087
749680340
349491977
104489118
133849467
62317108
188882208
122136561
3313976
590374462
915889130
644750551
499604595
70102530
44112317
936673697
297987523
57572891
871942465
178330498
12975470
947792795
134360487
357059673
658848039
600481999
577717754
325439811
425274855
450256700
708078348
392109346
468489247
506586710
153975467
831981870
606559779
907064448
397944019
317584943
489145897
66078552
342025638
207410397
354868634
634566290
802670149
860443784
510807515
310993213
52991069
213406916
753933759
261409147
722671152
278240121
906160493
89466145
501324890
157713811
199983605
232330414
496214195
899884338
295012935
950637559
823755339
387649990
494314393
742136502
581188514
215824006
386360149
495400165
14343404
296420708
298973386
391859356
46512995
908554277
624446750
183279841
628839991
978037124
527508928
560891217
382193490
206146180
934275396
382293149
213130691
575379443
370651019
885082674
142985849
800390734
789309118
828646271
202623194
351128153
39666977
770583195
952571771
356766706
164353714
18057672
756329309
775995353
318793191
496602098
580737248
86569622
807401405
966374897
628532345
323873261
777582629
856014339
621399250
630515393
807611165
695847948
44101151
576494139
763343270
306965943
935748773
874452766
294682037
305542154
862627174
713562344
958631871
902756394
313101196
564652229
108463434
565242195
168128379
856781333
37315643
446756794
806377306
228027138
633759742
553467853
211716701
308848782
299849424
454727454
902666984
11421503
153036651
105868203
306897671
17770129
120215534
309016330
378211256
770521476
219972891
665000680
642116756
517107894
366664878
872014437
569330630
835761377
327215088
262073748
506750254
915731632
534323452
812191174
208878280
156853810
242273632
812152965
78324073
862891551
798335856
466341452
62203372
866487391
823247094
945401760
354085635
360961619
772808920
707880845
382085259
733630519
622827033
349641661
660209120
237976849
293582323
130659652
95866504
144802508
832801969
409282760
807187190
327119267
584622630
873790081
993518308
336843738
318131937
611963772
55787735
982315606
859869455
41551904
84725787
698675077
148453349
938519166
606240031
390768681
558683893
466787176
247284184
239064762
905803132
801156992
205323735
952864692
544205119
300296350
152286597
328126371
103111497
607873678
853849103
858341413
373524719
776463148
986744434
945415577
424871304
201021329
185816408
919086510
684035148
864918982
749267300
688521213
703595646
671725224
199272216
339360350
849481517
260102889
844528454
27109140
678945343
19486301
556360948
71351052
616584931
616591844
204099924
169613261
662795935
726244736
753562946
529474455
176895177
551691032
433819361
506815572
977223440
428156084
337226907
784837989
496193126
326630997
821088984
177745762
910777586
696988732
455213392
987061188
546176749
486417627
684342153
728187457
635878303
167929611
908939720
526598494
598047869
803610920
799052720
18776715
842199270
624607211
581529632
834856441
467041397
139421572
633587731
615996315
312042012
264537893
989894133
734845027
878992198
228699839
494358858
641301650
579589198
721933421
680875814
783619428
629358338
192806673
135328611
817606706
23268867
427588675
598380700
645745916
462356324
779850063
424107494
974200228
605784516
553702042
230338174
606050641
883915418
238201775
223268145
289016942
961088504
885468012
945359049
97279408
613472757
870278108
728629745
268906827
881732188
665509968
215124807
48552493
990235761
297101391
654948790
592972427
325311116
772046561
859397158
142549855
547941384
246563912
769883109
740289794
684192120
525505478
437702662
598046454
238492225
108329370
892561272
863611086
442277932
741778877
761086765
83344866
180668641
730604161
151910566
923088663
565109163
225325518
629286476
787806317
199845688
739122267
988938894
752978399
91015669
546140579
346384131
70772052
420818878
232054955
663399701
285139520
374901604
608924853
656168155
803966881
12688460
681786562
723075214
768375385
894524413
881639868
767194813
277629276
76462162
25198709
666521220
889428526
550887321
549516913
218305802
367230605
424961978
637625300
575395064
643872354
696016352
910816757
300162252
201214308
944421064
587695990
312293225
296115777
154902447
374856649
647386850
997316478
598164877
884892842
51021905
103170551
974265106
331470849
797798045
62428671
926149096
614891597
114491300
255933604
621078376
681394580
332352145
288486219
63111579
587179898
738081022
624860597
498134745
206068
995999952
258916543
108672474
508796196
686324747
312295747
287395411
472662827
278791042
81849830
205882045
86019940
930631046
531873729
193592655
320659638
39592775
900876885
838970332
626248561
91643911
301062007
963145278
664176672
480995680
667349640
284022479
417735230
778314062
585423922
542528846
999714451
446393581
365298408
802074506
78629360
740801659
446056414
597322878
764591659
123704877
612760244
500828044
994799499
37546655
281282553
694468743
611388778
730112280
776099476
297525117
650837733
83811368
728968736
862739672
123965693
652790056
969995399
865946051
131189088
732413139
980885917
858156514
536141883
729173261
270219720
433346613
664404153
222146584
861203252
482733943
764163106
798220806
277679263
524988426
557840323
3793444
153827549
863790436
661320726
920960140
74991237
530262836
901242125
704097447
748415584
925003496
729965165
619932029
527913699
791865466
128965601
676335583
595577384
224044242
54095951
979285420
86184997
648992019
786438286
695615421
989482892
396969493
398019304
627036349
105529814
463602394
598333939
923383012
139587146
189071355
527217638
191432439
740106013
961945495
214117861
919541297
956220173
247316676
204850148
466811583
37726884
419587718
554072931
471187379
14154327
501289915
248833069
835994855
987673257
467752143
2798426
679228386
463436233
595788377
429034195
538202237
3085574
474466608
86528005
620734782
65820571
188126579
593346379
541434856
457620125
157090231
96934309
296353475
750346604
795434542
149177491
114917289
362382192
371430098
782163115
834488367
32847355
30777933
399019050
111512851
152034825
142334179
625180245
725625881
230947317
599828478
291639642
809559517
44800564
56387698
866043855
632155451
849538531
405328890
453229993
118747127
549248473
707874981
945178308
836117420
614288415
109206663
645744091
480042662
514233612
497240164
383370777
15039562
335486747
320155926
44399021
261849289
527410255
164481340
911818726
639073137
966899564
848543861
157719058
631195120
304927254
394390121
848092356
519660523
571754761
331132519
964018088
80037545
419595802
633263205
646375935
613434930
209353466
131703707
666231500
193196764
735922210
569468373
750109893
90964405
747133736
560274990
255900183
368974640
230081120
611758003
603327920
314305326
894634787
644465435
888507745
8534466
337857011
565612541
986906977
512460426
861359060
525278703
891743796
650571041
102174205
224563445
576572632
516708493
395187836
706597330
816539776
377916924
44927612
125440649
848869247
885004255
323671043
369224868
131574464
702924025
838610354
994950742
170404469
37722794
404581086
231977490
222902020
203376602
44222390
305707684
318397842
369116865
7645435
947366668
141509419
86654493
746068448
141304554
81929734
781393244
707378669
322573622
326806844
763184763
755436111
902986561
146082696
184527733
61836024
144889754
727938306
173170938
412393766
68339874
154802650
692661838
39313180
871009472
737392404
812392807
965447096
554814822
524522195
764642213
37986892
233054714
13181085
674337674
576886329
286711817
635492743
51747611
343385201
286144140
731489137
408078535
426375025
311749090
958675728
410081917
152478003
695100785
276022976
90026414
733104630
253193183
482140174
965631956
42155811
371545334
808987731
772600981
288787546
269134833
76300671
271152661
919953371
148906065
167609546
628210391
288721111
634927836
994061378
306025618
326651946
753577640
403967468
402265185
293688714
733322883
766300009
496125035
737347051
625182833
661061333
541300459
439711424
291175983
161420541
797903116
163616794
930089765
177281456
49163336
269444203
83465684
923807446
253116944
274713519
25864796
308719127
135926440
420624929
251027783
529525093
627284019
409377746
302980739
28997376
272150514
663041614
120746597
506208792
111286540
718490408
168617571
688761458
137596934
536980356
320850356
450867851
570177223
322167069
716295323
385409094
421006382
890431104
280570154
221552611
15984128
410712844
294112038
144379908
52650408
432234714
404908746
309669858
477872705
354540072
659381678
105587743
272010259
715177915
182998474
390673924
663097054
287615406
898492234
344718013
189365857
192317528
344111119
305221012
192543875
70679557
302821414
582914755
917428052
803967645
93531593
906414514
991518622
749042028
414176435
319770167
655649595
375218994
805967940
49033061
782527780
965105993
914657297
53008306
510949307
337464116
646704851
628875110
761786877
958298158
826576201
936497282
473605460
368986792
416532781
88856349
845091489
917580230
371137710
94268715
883602696
766955499
389030461
205021370
441184154
192489760
585253450
182922417
323014590
202616404
111235255
412635243
230137283
358976030
278681567
203368974
749755979
72974191
908089698
603619691
322724494
41383596
636246246
240732731
782474732
779630571
974884261
886299763
985262316
489966752
434997261
1253834
799640859
203088072
982955771
710616159
583452490
896649429
572160814
503663915
765802588
619369358
849469114
28743720
426298187
915714127
285902892
906678920
899863195
306803487
672719957
613159345
808821772
25061062
594043078
893785182
519940214
51218972
43957332
178668840
117524655
672625393
795364290
154037460
390327510
404291184
596309824
679151419
839942288
240211542
268777832
949595387
32855589
13618081
243563946
24580940
330448417
646944183
196916449
954627272
29141352
45178799
286452351
302022661
470401182
400704829
130787398
767153473
7210649
705309902
156482437
933732991
200134106
653346964
359643747
820803605
113849616
889707765
564751442
723035242
471242779
239145484
905046839
730082990
758591408
476667668
959137280
667584898
433319008
541060218
869026872
286496957
777132190
724038850
391308869
194254127
762829101
914775814
343788031
813270464
951339646
465002288
870761028
368415655
759924378
47877740
60791840
208137946
221805981
975176419
914306186
425433482
270976606
670623682
176116773
46665720
606414796
908672833
699056421
319907699
710706538
580317538
541848607
90776178
185591242
847275266
386227042
737121054
627847834
155294345
433589449
168048252
194932573
388585164
482959425
685488882
159119101
404968701
134866501
93755642
326825605
196359177
112472796
611306090
590315785
871706266
299286171
575981326
948989340
694957540
134360535
810817392
613401197
181900236
325056829
710995444
995761698
146462195
151441154
816255744
196649689
646172632
820018084
245846457
30158036
90838292
452889917
814317895
737109412
347424338
415701564
372469137
877769613
426923314
706935636
15890720
61530259
834792206
869417934
409077627
374068796
908338291
530615355
199868240
728239467
972923424
123555821
301910956
638842782
673692785
35996365
468637091
976323463
598962233
438333398
835808732
123258987
449548145
652636993
369777750
502639688
778156161
615403265
683598709
601633426
879115922
163013449
446012064
359544436
951584641
597642768
969569457
763793719
111590809
940025262
959680577
762388070
39286180
66807529
828127860
805394427
365891926
43792538
943636977
814495844
253484905
562164049
918442490
110954156
419423664
476560049
69854778
38591311
540951679
465893922
641332731
670768468
329624641
520316606
784392882
726589438
859317950
782548259
767393599
682881867
588533670
406668384
705989658
39157551
248303717
543660888
515230227
384671936
844254617
851081768
75381219
687552856
525477594
468264069
844950491
90792855
563295506
804139044
383976158
468601290
203486399
51324221
260643780
474081403
163226500
10759830
2241246
513022666
425875325
298750093
322239251
97070408
920927678
479420870
996809927
784812524
793323345
657068156
689787273
110348450
803655551
811897181
585195542
650584957
312143593
261938217
857936592
811581525
584896340
324871244
701364335
863999411
963683718
88623465
438074352
256689034
7819916
861667711
450356197
745976621
834508921
623605701
878782598
144756966
406172421
79979100
768517591
674691689
182352892
380893695
378265254
293409546
536039691
332134853
209866990
117225011
804404258
939169574
592215145
739237106
578710108
9400540
391206916
739473552
495179326
446150809
434669147
650665614
174392057
419726748
314731841
948338211
910552779
207525165
495158262
118287642
558866497
127414242
97639180
850806408
524782205
29212778
310201146
682266449
576662109
830350164
440128408
657070239
317063342
342524245
905302521
742349462
384712082
637938000
612432098
13355011
738471995
606090805
526876204
776454052
186126321
324675965
667076389
907889196
563890155
129973701
326237848
896596606
934168291
111412005
288663977
909440344
301206770
977605971
249297910
792795438
160330622
358193426
547504697
469864306
365286755
45911712
857884850
837162457
79651127
946213738
998109306
431577418
676034275
563225460
629946429
837911692
983005435
260661344
758332273
735381042
547754567
975151139
600115083
455843466
115273056
370596422
619250036
682299368
924002852
32794465
822248021
27362893
671428231
63631264
720067577
411452572
66323268
955758324
676148048
234016761
163363248
674126771
420096601
236553282
456158613
271212674
560182052
99984628
336491281
892190524
19300455
72173030
511215471
383694526
239282704
681586486
122566110
779099013
389474018
239175005
243284439
856636155
482760918
836737672
990668689
919052987
128395467
153400069
214854853
380292101
228903882
97040528
288509104
644430401
414289401
166451151
769908509
989355647
455303260
693718939
98283764
601649434
624768486
814239188
572101946
835542979
814269259
193413203
72863421
400281128
217099128
953337646
893504055
315772309
337478133
402864110
648358006
352335771
779904741
188478514
805506143
480771818
742137453
991629006
621835424
930454717
138519984
889784216
568634706
649211182
451713643
241957371
548842071
52973039
705682751
456902980
348862996
227312424
48139278
717674912
120874795
921992286
602814645
433393356
169733136
299914957
186178498
500192750
731956224
501051444
645045155
487921244
152744786
180165532
404394134
233298086
608867534
971394468
517531677
857406450
872631902
229634868
876573160
654205901
190902865
282272920
688460977
609568642
102875984
81278653
753007469
210408061
752766733
676560654
692153802
859681139
936841772
874145786
187929465
853830654
986675722
13083673
650418004
152571580
393318978
866510286
970484018
471134945
22627616
723445903
824310199
378001045
646047275
496097214
427323247
316866465
72190980
716425596
740496125
470235548
991541321
178109382
962677412
227742091
498083017
530944631
808601832
390860548
883195936
903941983
703350958
88000547
135827316
593140210
707365403
309469394
570392291
941090160
60881329
717677533
541968656
266135188
147656503
223341609
828105562
268331052
233052999
73429021
93179650
758929928
915128428
123929225
680081928
113301218
154939581
623998530
98821174
913085393
189986693
914831137
601067062
687510304
667108634
302199970
877167596
900048577
76735399
908630020
644618601
788100257
480579744
952678847
502790647
925774236
180203737
363204625
802395908
340925040
173500736
558715709
447282282
157422696
130803378
573102563
12134530
237543011
281844037
923342561
786851203
800368137
162205258
879877891
21621333
993416784
771696683
63169542
93671402
292136020
578574940
829192814
849303311
519053540
692421460
361543589
683531032
580166037
306714049
739072259
349643647
197177973
141037177
253627398
413012777
142529064
599475525
476087057
425555387
149603519
578178508
401180315
81771263
974654650
418319284
338890383
906699119
510418438
346066722
886132609
538762233
21065902
269529367
956919176
156664490
917561784
901052946
187659407
46816479
959234692
182880049
957438293
186927805
889015244
91543414
176501912
153206568
591222735
680854334
750557574
275747787
798928272
753801844
866067951
23144397
418178157
28855379
855428324
734692737
367421329
177830952
131695588
719898363
341243783
129636461
332030033
515507521
690510446
993798582
490075906
274906985
577540331
496808499
245621460
689733061
716286267
638107051
32352323
313225122
400028651
369134346
843059072
859029133
293805166
205445082
366100207
18008541
546855475
367763077
760794992
302884995
640638283
864954390
174889264
269170101
463333327
270593095
663133777
254050972
335045888
982180584
713997823
319074731
769442003
297638244
876748776
270587110
445505802
644430883
196461199
153330152
929095103
416858062
778929956
371920819
832870647
408814379
118108910
300700706
945590819
373852293
61520562
241206618
414526411
231764013
75165051
920533047
645334272
64713302
182768212
534195236
404696284
929712564
558795723
378815238
203161030
210319257
723898840
462144581
243313477
588511315
500182925
269204794
814072629
223193203
679468064
70193133
835654224
711641536
699168240
927177752
992484246
433974023
448111679
816773104
498404877
671953720
856859627
40161482
398563378
793068047
972441589
23933488
867780536
808556062
98306436
191885186
472631088
127419947
113562413
420765446
232198023
228888069
878129735
873174203
101548377
265358002
758671443
987577551
943124364
237869756
135933572
526432177
193272080
910170471
838992675
376766649
366463763
514073889
661450002
279204902
703520633
158337011
35109776
928501788
318293950
305526405
588908957
636034837
419474622
636085966
274968966
769669506
274602362
193367139
199582574
854103590
325000470
212556465
349409118
588673852
61949953
875170117
727905134
755512174
300216836
29911028
580610315
634898508
113594392
591113050
284647452
960486428
457218417
682407836
391321826
633436630
512052632
353342531
990145336
938674250
957607711
668228733
631871016
885055427
955231143
549071688
482447508
142658921
883464257
559781580
39048832
520555499
327390499
381556279
795752358
726243796
739784531
204320769
549990730
121144135
769893270
91256766
784832873
686832150
891140209
178745782
886097898
951426693
659304737
986936674
862978464
399807011
215654693
77097274
935058088
32103678
796015717
668234319
481949812
216975845
875464316
318987832
72056658
883823648
997737069
33323724
134518671
631736806
635806934
220796133
647261102
267276035
112558214
608192044
61316554
96415849
639903027
55230311
977468592
372909930
29947871
817139511
345220943
678587095
440373708
728074068
288122170
305028577
126953516
150820551
421395800
597918422
27459672
129954140
549096137
692725909
612573037
66814203
347022194
35446899
644548670
813461507
229935856
203587413
595699676
703286712
308351530
186078634
704422637
459045836
266240907
626374359
882284809
437513432
355438482
456486051
356888142
574778545
13967119
325402752
834277145
952519176
54435514
84268516
547374628
485535988
304862567
484796546
213689862
711631611
928366447
542101998
829317334
832954939
430571986
155838596
239486380
19779961
936323659
422229662
868566938
259228477
135192334
689841794
711794008
503479527
791980747
424130129
713664564
964427918
321593351
454257125
908915439
739974461
147092037
698969379
829789489
687325719
485111704
90125987
747356215
537347017
175695113
152864590
722338574
99381106
726804923
469001733
525729325
642949337
420442719
771334694
998738383
345053631
837556328
119622672
681408520
13722191
588838805
918365993
196048117
892850130
922368444
18974266
855716903
535610870
755746324
164748341
778985103
231732190
553142766
129304290
820088988
943548273
910810747
12612842
321017876
573172066
164093649
774418130
58219753
952682995
68666056
957053400
909978659
108930520
118118218
592002969
982206338
304397927
38812512
275634674
932519943
539268470
254930849
833999554
358252467
91950092
325740207
440470100
662899186
273318947
909836986
108078574
62160974
388400101
328886968
367186065
642967766
345444663
286024315
752402310
590539852
922524001
379204476
808875589
464679998
676279484
145401252
178313919
688664984
979310045
950942349
444315574
452820008
24569812
300081668
512250106
556998968
370325821
411676272
879091190
278844377
570579215
633415058
125733523
20643127
77166273
64055279
555351235
140107971
914093774
578776435
43977073
955945632
149443705
719374343
994892342
461842019
198098356
33909571
959144680
661583667
814483895
562430183
730877596
894593022
539139422
648658468
572166410
995290551
157824725
617463589
699938582
951509999
780226292
712728965
360624766
589300650
903145009
850495954
405333869
672735576
78237828
186455801
370683567
359397959
297061468
105449777
236324681
875373473
5235948
4514779
722570147
913209727
895895273
936160499
625357077
890253127
191103522
693373136
277520925
699039055
897731373
928081778
390888182
481758390
231027400
759890339
136190170
266908369
434960919
224976644
580165086
460476377
422476024
190101917
616000901
857325837
728394559
608619765
541164140
700411579
746029131
197932065
565240517
465621093
43493391
33285109
275014750
191660063
740031568
839733807
602371712
143280133
124206715
787842537
976421095
20701798
555159729
90663689
238976597
554779595
783536124
1911590
226895236
668014809
102843649
674057700
989282793
124532040
914828422
393967494
383339088
162263546
673190507
635053620
232181210
631194777
728598207
621702200
637010227
757466719
337926629
706758813
259096981
79058893
87324090
716007708
639713717
189412459
268735589
469048476
821753152
601198202
550206303
917244921
10815933
856788846
324114988
270664901
601060733
473710018
773020945
224432281
893046551
811353335
33924402
221229025
236407250
755204652
388536195
206735
267224115
784571323
192434915
960690770
174232211
170227976
810808947
433080772
359145492
112640417
496094938
764014202
508145750
44195683
355960039
747364352
179839490
210937034
959300521
822722551
794327479
20316401
738828633
175376458
137998739
114779622
400301167
148663560
135747268
116933248
679775485
516441880
772464443
825282952
748913761
981988055
976298206
924993549
545454109
295952530
276057197
30654892
67620732
662409304
609878504
886905517
47151982
459551638
328570323
816870069
366473582
985486915
821071584
70504191
580777090
633925495
856266829
846856381
63745344
294551156
843551196
776522522
254246719
490479504
873650105
347185083
642824914
483251789
473891695
321090510
143184259
264329631
808336467
920368781
175236055
424005888
440638492
680773863
822511526
462065442
456157165
655315719
381237282
819243927
548850817
690924096
245398415
876223908
745215952
711610616
917363118
360882069
283547246
810865351
891545430
404070938
826142776
159671095
478064760
960711176
388126629
742620901
160763399
368517254
119884973
576395967
412808360
982216784
547917731
847923296
362133203
733123490
150766403
655888473
644459763
853774578
426255356
823247342
555634706
382454853
332326798
260534900
743486421
166335993
533281432
606607409
253770688
291704616
698694473
585637355
965565311
864741745
433365642
844192182
11876214
336582746
700682823
520876577
321889844
325860071
655265894
589166397
525490738
79430657
919728159
878227164
828325319
476252474
702515939
471878574
573616609
140602425
95150767
837164548
819884122
116972725
4232881
859090732
71753080
180211072
979078148
200011440
993440820
383668298
116130589
550009026
786869945
56438786
214927445
760648827
278957024
314817359
132542779
299176108
699154223
731032970
34165421
205949772
188501778
126900378
565280369
590093759
6138103
59817681
307747448
586486315
715665604
536789836
680559234
796428462
475749464
473579604
802144164
124598907
311019154
988476635
249580452
254087283
661517330
685221112
119240928
223942487
767840298
146711101
604513804
324822802
285430601
642223497
791538122
910548030
779397391
245636133
421269487
986822258
695516162
802602977
686107062
933449154
453684231
359120712
707523481
203695427
458060862
357976816
527195199
22862827
516093633
690245459
840856296
171810154
597906907
360576207
472805547
617834633
24315248
74787783
974610155
906856476
543898626
649187858
564188996
431048816
809091514
48114434
324957617
941655170
615459441
21462142
568534605
389054513
677472418
58420115
314309313
986248139
47967240
147502146
691914558
578549405
413150267
253897169
378665513
793020618
751305625
351032325
452393967
776690401
393785308
811055704
351336187
785802461
202523493
629536557
752925416
555450600
779758215
469287553
863871165
769045069
191843432
596604571
286871111
833873138
245592933
36919817
950806062
410997113
410512824
268986260
99836278
959212670
98868458
830963379
292889026
55203105
157085243
968282705
662950928
844098931
412491996
452581581
498169443
64490671
776290061
661478420
851846247
541635183
341670803
176245045
615777602
72030706
540900626
472515229
552365256
165361378
289817668
50163264
868809189
239119623
599626650
443750741
93025743
621261069
125573165
403329729
932409645
842107298
426488425
246335523
435280751
5820738
682872502
940227355
874873593
5541631
623471129
628982319
285182342
762253548
672507602
104384592
822138606
423694524
184115176
843445389
749158540
391382863
137863849
631955921
415862194
966214812
657114616
252077245
483957202
347169967
215009347
560130068
423837472
655744552
949215157
243165469
108894232
947534672
910342968
137490436
660403499
816264485
187659762
326557810
162783100
856801022
973480240
686817268
135129577
609474800
259725959
516630566
760646264
217103267
583713673
47638963
35182312
114531113
363166312
610776516
66334213
150080811
427622412
926514690
165231737
257588566
329129769
497586637
611519008
581633037
517994850
642450330
829402259
463809856
167967695
494051660
657531347
84392013
308030774
279976552
715085772
484726176
724054651
331078610
665382267
630960679
761511105
34025503
320073143
252714588
73533254
903474367
803073414
537148323
354187543
125590014
346983071
497901244
61384917
916818830
74461122
356308074
290507162
424855873
919377139
61511807
125983401
682154662
279385020
325082659
775909172
258359258
513368957
216040825
620624945
835250494
358090662
415233274
884382101
985614253
977425454
171956858
792327915
912393574
956569205
427517180
717692640
756418203
619080063
749657203
813200868
353738599
814356193
765093000
320205167
883845329
272230970
627612515
889085518
643013489
293929500
753806307
972020688
550127203
857032614
956545002
594277761
360707715
109951289
495861037
537912027
92871112
698637298
874686599
590756245
404276177
767598895
625107368
71059316
226948196
742178707
290043248
815202481
34206534
304212440
174351913
597018032
292315879
288180493
229933891
119066583
608462030
352590548
95532072
218172983
392701244
862951476
272916846
404238029
553928222
651899708
888837660
218619982
997505807
445619125
138025500
77348570
755901658
679344722
504486760
891171545
422567087
740401666
209525338
666930848
221662894
521424561
687814251
741939613
729195205
857604626
70593464
860076079
723344013
592964538
275757176
896566789
358400554
29365138
227250152
827326784
501111323
731611217
284186042
11031754
909242858
610825653
959170576
542142333
588214297
557219638
528539030
726661348
320486898
340409461
832030440
371824812
529352572
465024227
670971184
257982870
496330922
996501034
481280776
225131331
369602981
178555592
305643037
164042279
645890846
845901160
183107210
284695287
592583548
267981582
620640314
861410729
700562704
795140972
651949965
363271732
929997569
715012035
225328132
98627612
58500684
98391852
285317645
741616909
499976503
60365111
658768117
889559727
788250893
332171191
1164959
923572221
242376533
559164564
952657441
728791278
834892426
255720153
402438294
234684520
714226625
699846891
955596672
641525728
316490209
271281888
50334936
970790611
921263144
219058525
959483603
174116245
50537397
464720433
341267724
450265497
218057162
226893142
996607042
660916011
773393529
655939157
478310985
296502924
681095715
455474881
376401788
5455592
789259750
717509568
521358887
272836251
233594450
411879264
95311950
297475405
836126556
740744389
700093016
313206970
857483436
536966977
397325767
582520811
361232265
591013242
60609945
776386307
761628073
110779811
783385019
538080321
522411502
982617753
894030605
100140070
315456555
815681652
849870794
266696556
529332155
70329003
22828539
725669622
880332248
766073429
94197813
274800650
860933557
188103869
133957117
184489874
559265148
604183577
395422437
867172484
262365472
987696019
36491394
689003711
846097111
434094942
42248129
252735275
698792078
40732322
331834889
128091128
166586766
344524737
854214461
75527159
592404042
381856535
857028717
770741824
740829143
975162345
345801059
270558565
901100141
851081363
488959353
320377221
132254884
971971036
616535485
826675460
806762248
690818891
405924727
845981416
431305224
880901261
647871181
350385676
931474841
997381196
287134408
784406027
561983228
670169922
888941576
184341213
301126356
423198392
249572723
534773854
21670249
538799655
711418510
273532904
570083395
575015394
727407758
400262706
219970982
129296172
956077790
797124811
207764918
345241256
803585657
182880753
222646079
678808587
326128833
874004263
236169406
884197079
966983036
933666171
292071924
944548412
853545185
247379130
227024825
210650536
75699492
24291687
204391905
59092859
941696132
177525775
290601025
878252932
989430584
888838593
604114524
363302543
916921230
51973268
152992221
234124861
149168640
80306078
477185968
233141037
879582041
814781832
744575338
505936123
755407142
422964590
768561088
124346807
295800501
701906311
574308623
404230737
192449779
132097495
413640458
666653142
598631444
573380075
759070347
332862857
243317562
111594260
126701515
429837907
663023153
949631217
163033851
764745367
622802866
18251182
859886138
35595680
555169262
307974538
487971945
80231080
494972237
229312167
399517740
443396810
389231900
721084599
314563562
618165507
650034113
66076461
50723949
722110610
357205358
154034008
176097495
990305864
983617178
782310773
243230689
73206594
852179190
847943217
540128476
462027057
866907666
613730375
411772170
460701636
111445774
649092879
638762
513575471
303414674
356821511
437017903
980750023
268602396
929007604
332515106
918798224
249934057
975073838
733042528
140607499
297829180
797155097
229821659
227528346
554541917
886955952
629144560
214178985
774339267
379230917
858394243
432260659
81765591
479193272
837516789
498099536
871196629
620108756
337484034
888590700
440102522
824320056
815719451
373650301
630233587
994411618
286548836
73936681
183623213
160712984
561920690
19907058
315845159
313827568
885844592
733340172
665535872
871474535
722194571
23227636
931477472
32590568
90968907
638436968
332288161
893448582
257890033
880636026
365507979
497441281
184440020
256873587
141539267
131212300
126227223
722742491
586405357
97285558
516910798
101146922
856930623
564494699
522054186
927786051
124058869
491052549
39558586
444031739
339964964
708182185
521224582
950991388
732726149
349319712
713207946
558168033
92111967
882929387
877409154
343582883
328971894
842004601
424751303
100888057
331207799
178902904
301374665
71871817
153528535
205735107
226371251
944671714
527438312
559989273
840474423
605286178
602180957
543753384
220142351
673441156
680379534
407170300
76198250
188340557
190469312
895602223
735016105
625479267
130818809
667205056
380926642
148410589
33773256
207899209
480282544
205182170
36530615
211424189
489443891
120589159
428335276
453525581
90655449
695993322
580999254
424282021
354633555
965351112
116277897
683298907
508423118
124579712
456340409
87567763
527393302
693545721
879814781
549188861
419019496
417971883
746196667
160305968
137221496
898086802
410020364
10724447
73433009
517254106
48840681
297451995
971838246
341500145
141650903
329072573
829516568
929391084
756464894
163742884
278053143
137747825
818009643
99514702
815229493
473131933
488938280
500700379
321951544
12749964
713365103
467596537
39144031
365956144
950208666
804116181
875764234
586630434
221056577
999962038
853901011
346887475
89211293
390053602
248610927
355994706
295009235
668050440
172155351
724355165
96505213
803299664
366310602
716288125
534680607
114477505
390201189
401776901
434257206
725793026
513044114
131974340
859899352
913749547
20165256
824115395
442923141
717952207
351570935
810145793
272476178
751447761
879607177
816106241
497967793
951133809
486817474
942612016
972325075
534404966
514741866
26614347
181916012
334322913
41263770
397831831
128738682
677555376
774948205
727545315
499951849
499708889
899935590
851528822
56481575
683338753
566643146
958453602
913931408
602564635
49474912
984024352
560633495
289212895
47444953
298442348
734442405
517146139
517523049
886412734
216612052
685043820
195777805
625139370
151654335
483446252
196470784
523432565
347209501
20754151
370967812
854754892
715939471
980467669
865412340
66043026
619369267
533690857
406336040
952012753
725183269
894481536
20235325
222159676
920401751
145848239
562916202
318180344
593940899
600646673
19478772
436350895
363994813
503360299
637516266
48508111
4817539
551017613
286056081
989357149
902424364
416382366
393448948
76351926
977528090
433890644
960138524
309231712
827399603
467201234
12487426
117142868
710328606
517571396
116577709
566360638
109187036
377084769
354022338
364883621
705915433
990740471
273959549
384048523
748966479
132290382
852921475
874543399
530015897
129607539
802673144
836155546
281380687
321412005
807668177
602052662
753397291
459473944
876698081
48602221
287610118
188839089
97786246
964477754
337669158
976942451
821770329
512328924
592859621
98916727
473191705
632264080
141059045
115637628
244980382
238952082
283964012
156872587
790814625
457186975
456881381
471707502
726660376
22534628
195578267
16947462
700093089
10274925
466283457
993110819
894591488
801158358
923774071
302621725
501304243
422942321
447021788
227724026
561418450
834956135
729395159
48058397
826458486
839596913
951635555
932994453
310601183
610024605
781706697
996377555
224513811
161233470
865039990
40545959
969298705
598237664
812607144
208576283
438032050
319587172
846424902
511984837
17506606
347067363
565483291
927806288
817652360
576170742
327001689
168458464
562362220
871131659
944385225
864434108
987072251
629604895
883167401
7522992
232723929
800654819
609656931
695094113
71307588
604882650
324344214
497851743
916529922
88398661
177429919
850277324
841163881
537008343
726988045
656543820
316090991
732349827
283241501
169384019
762183900
490621684
870046923
169919173
701575073
559810540
723689978
78531369
285002200
503228779
89788653
974519802
69418859
846299978
640943018
204020305
80048766
991581973
29565122
441889340
535293539
991058036
590198138
184369438
340913404
501210265
105791401
200558425
614641290
117650955
581066604
294156523
865068290
807376415
490755841
948508059
918600984
815801290
32047246
283599436
262338643
666090902
954624967
908883100
438835206
795530707
492526174
353954363
287838748
286360876
114611094
623244451
290960929
995679133
453980460
516148610
616966664
550401188
315710401
318536054
631829257
761074393
658537598
512166687
916600006
930232147
799123393
364994365
967987074
499145394
609852122
426615989
2109006
927510099
539804984
70658149
369423235
872407693
464409451
445571442
196393685
813134280
332222743
170373510
404221876
287247677
238752145
533558332
109568373
479849091
751522375
647470928
805379811
833640178
458192947
741453680
597483730
250210190
935406222
97471688
84085912
718187853
456901721
356515749
258816278
998601231
184526257
595374097
186125577
785409823
935944213
961398807
558802722
829463759
619549164
111559995
868344194
166631003
734849724
473886004
47993056
242280538
970299046
245349011
296674150
838269695
825611802
362206576
640285059
653341680
931694926
16191303
600622998
998985655
578107129
150605389
790023470
435617986
497350259
639989219
852955242
815656916
726868022
641769480
320628146
750758214
252016625
161090621
5194235
371749193
878217277
878929051
202678762
757169093
690855179
81533685
382812111
38531808
471409111
909091050
487678797
371531747
975831252
790300334
316065446
362689353
820276365
891587116
9501261
770314564
283870176
234463435
320422181
486559800
682096434
566017757
745653711
257187791
635174556
566305275
54278732
686469761
603297948
110302433
276625914
629693126
413411314
944362277
821979391
646704091
207151464
628956394
377570762
465109253
587287751
99028036
907320737
520131662
710887291
663987391
280702483
385903586
829046684
461025672
241008324
463809156
544382013
366133061
259856319
526388086
987967023
42241710
841279786
562912577
605598918
48298018
595386454
475526247
901603088
585019171
879322329
635237025
954913254
273222347
221430743
756657247
965380195
216206485
39209875
593179005
343850068
617864298
111410647
788820628
162424940
216182193
898104864
693312328
225667367
772652446
417689463
535304071
528018764
998341386
285812485
654862802
877071236
930175979
585719973
985127810
581100065
706593356
317613506
244167537
307736066
33038241
659650980
112459230
420496542
921280429
609990744
418510832
191798101
836716106
613722359
820047969
668383512
869151562
497114127
363551901
944109076
319817524
140924617
535819925
686160725
683137598
299276716
946164909
162762766
151195938
358120283
782066594
129004722
28834159
498679561
28452258
262313961
208239536
103927833
130810744
219334130
995191043
550558832
199579442
399068294
704413487
832762856
550869364
124659851
994231183
886773954
114852254
818664213
933016295
403820917
414978999
805914103
777408474
325859705
699855493
