100
71038396 249705346
14495567 622908524
18528673 986852606
96612630 638521248
97398409 720134897
93425501 503719440
41560254 663116115
24257655 631774585
42942380 454884344
71973935 140204566
29107763 523479211
82263239 83889290
77649589 128691949
10514904 445015184
35058585 943184971
98557628 225846455
43777112 108390653
24577918 457214467
7549901 738679708
38751948 656845769
91053599 708018766
10702968 124109047
7672593 26319012
32167129 533139237
21523207 162112108
64951254 769492454
41631291 928996199
30121210 504036395
30873309 698707047
70128462 168312951
4871645 411071351
36656972 496597902
1590269 801446323
97886217 589560505
56415605 275964926
51730884 156739928
16146147 397374326
84097094 900533968
77245214 505388250
85515420 941894589
70226496 926357363
34473402 308243266
39999327 610818462
90350272 401260320
59603820 704259856
38461517 620291900
39680523 935683988
22923814 60466965
22613341 617286298
86481602 904350263
5397618 760115478
42415492 686570822
27755672 339781592
82730841 631273265
40433245 80420493
80789425 859733190
67700008 713584132
52317191 169802424
45658404 493064397
12011577 700013786
12750141 653124843
20896776 831286559
62358449 326536615
90538976 175867431
18366581 130893649
66113682 548757407
7838515 897587628
12875878 823654030
86826687 274271208
76040263 617226684
80476733 669662913
46178311 284791391
43996797 404720688
48015305 252419493
73052194 963180971
77721884 800404308
37756032 664729607
93484435 258472055
23401212 36552005
16912339 916203378
37425401 378389507
94108337 889377064
27420646 788016503
73430963 374270149
30945877 266153787
57740053 724809734
63600854 713881601
67053227 317782394
23840987 827792709
63763976 679792109
95948959 768390779
73217630 206062728
35220175 764891910
33977809 296023022
82547223 439959665
66283336 233206823
29404309 37732987
19251835 500247732
60585975 262203879
91532340 374125218
