1000
30957718 963559251
55832059 605584516
60559204 721552760
17169455 523838183
69915276 368618985
57465626 919485852
23158087 871255580
6600619 180066350
97767360 489211706
7579202 287773919
17564797 721434205
36964386 159995806
3348389 218980559
37703089 958071952
86185263 273639628
76796075 94030062
80390071 977516459
43191899 524184218
466845 562908647
46790919 969457021
62066515 565832815
81948279 863852134
93754359 141801174
41082174 296988741
88325742 116494104
77051688 966747006
67595976 216342854
31377598 390394951
49042423 927953027
7557919 904532725
92737903 357324834
29606703 674981630
54033774 839774977
12397102 451130963
99862103 117661607
12592641 111738391
72676082 832712590
47636591 148821475
19834507 863172038
42221044 849979641
71315719 239499273
94536824 212455296
1360594 460016028
83101579 92421432
45867291 511157903
95675328 470391821
1469306 594904879
10004194 195352656
43607183 82147503
71668139 948874987
41810023 178915049
17166595 960320240
65292252 230637355
42901556 754805509
45359468 884307372
78434606 755149607
25466947 445053547
8855576 97137079
95563809 463838678
86893734 291451798
18771266 114318204
33514287 524390925
42054621 256879858
89601989 952691814
92144193 914174404
4168498 984847883
15076872 354172307
30558343 649150199
62215379 939019050
74598741 982821395
60436824 935729132
27003181 473691680
90454060 868192255
96794868 896758454
69242011 91571281
29239469 205611631
41230389 452262250
15643477 563823992
70077644 555277522
23297483 319720329
95367647 742961737
73742208 688865934
65056045 290622993
50147236 884180723
8158201 987358521
40584354 673444491
66353779 404606422
97204720 702923839
55111272 231763129
75565342 413340174
61405224 739212116
52818337 435853756
19274787 689541632
47299399 797509644
73964229 861084187
49345756 157114194
59451310 417758068
31067323 534576045
35688309 641743421
9677174 143998713
69154461 781985553
66432751 542438317
68228096 801844531
20256715 502919249
78773001 619202068
75155437 232949676
49779078 447115407
68231866 221324610
30553786 261474110
3968282 910190904
38582735 537834524
97441252 236705477
49154169 801385639
92033204 744228340
60686556 455101583
68218379 575110195
20236025 96089232
3102929 674178323
59403628 891039948
70501185 841191697
27930378 221746557
16946242 947031423
29049772 889981326
71008194 769705721
16274364 311573289
38883639 989254874
58358443 453044772
77270984 203351142
24004458 141505469
77358525 560036058
96935830 715232416
4892334 532031344
36408415 756613717
85059492 164969905
1015196 332650178
66216357 246928135
29774165 285643112
38596341 158155484
53339041 414824557
75904714 618196263
82369246 454474226
37674096 306888393
95142199 529426910
69435482 428179222
32306018 902932464
4079833 130093516
44240762 914153454
76042360 788920524
57764035 808309146
71803582 715266339
54546326 939583997
3976075 131760761
69300303 925539492
4076947 343307933
66336214 543008576
54889748 775949468
69436607 543412465
71949316 395795359
60848469 145690573
22861114 817036122
87666892 301982604
2203826 993126966
82530480 399454903
31957446 788846477
87148583 389095766
39235010 469031964
61313455 124501169
9262755 721286248
93972529 863805937
32580947 873907774
31141129 330660035
86653438 205379689
29435904 347472078
73755807 962295912
10048999 519683715
54069483 375914655
63607784 651535018
15797355 524915781
82714704 97568820
35403625 95952790
39123139 244302038
50711448 699222018
40844826 299720271
41621676 779114755
29391527 147159232
45706651 721920462
78033552 372358391
79593075 586941663
82723033 630761737
51970511 146906934
72363442 415947188
15145869 94424019
38795287 197084741
83031435 124183347
85372588 580473790
86833595 379152958
86392789 254928034
33754764 222895417
71738079 634313036
76345280 748045031
55850834 849799678
79457204 769242318
72632997 913322026
65138985 722538667
86712516 463909814
94836363 383505921
26254061 775956793
46027616 984142970
18437685 757375337
98188035 284881058
4639926 604493727
41588221 826229604
99134995 759070361
2360074 658149610
61075369 507910755
82692124 932677593
91096817 181418934
57430483 354490559
27171870 760504780
64026661 765060032
17684744 978846097
90752119 209584847
3955681 523997021
10000741 405898727
14533630 319369018
6891220 183661715
66575245 873637467
91270498 397288911
71291215 593403610
94300877 800385884
38565989 159227952
87001380 483558217
6282106 340733891
17251324 779185159
59319500 388240154
13660797 791780154
52243695 951597388
39483909 766535213
95118910 763839390
40815925 221281352
65950587 910056104
8568611 122777356
12647240 684464463
56312909 236173035
10084585 314637835
53107935 218230588
94324411 208832423
88159162 283788809
78785986 681609853
19380724 884261810
62355212 858045628
69102453 639412013
27704539 303493078
36316914 921891174
75688571 571582893
58211587 760119779
50539466 641406659
45882149 370918846
75970139 270012170
12487551 787676292
60274675 294500718
3841322 992656244
98062089 705591671
72112260 423600807
24517616 347583358
7760235 13707220
95985428 540672187
11014005 564239322
58358354 673226449
8493037 289297326
74112891 780995108
86639102 224516904
9736379 700759525
32339957 249201141
18326407 340735632
12060252 424348655
17563876 719469290
99463150 822923892
43404721 650439249
92696441 296819816
98301412 702676381
83765730 210503650
86585409 416779844
15182696 200397252
75639281 331499566
91415026 593153972
66492261 588094588
72780554 972920705
1120811 97546068
86796974 233719947
6138450 281443695
58373853 526155083
1709931 186721422
17832351 883266972
52323132 555668754
65694539 878303504
13457531 349595695
97109909 570623500
19973656 478068887
64110273 152200458
81105392 985997230
59482791 727982469
34133780 569990737
94146 59115068
97306848 662337910
34082354 224648890
20045628 399396727
39408569 300397885
92818529 531658795
483150 57565408
19237449 468244920
69455789 342788849
75334061 840699624
90810621 499946816
5456875 601165140
56519244 483117824
14544111 308816659
65494053 315134180
14590317 615308608
66188853 279939152
4878806 13350565
70850867 687393196
82804119 684534449
22256954 60019289
30540045 499182684
21728026 198901211
49167091 393861528
53794308 675895474
52141936 142421830
99735871 615834829
1087838 710805689
41798271 750337144
99318379 731386425
87757302 797440959
5423957 986605576
56185706 971225916
56830912 487335509
44819075 990357578
26411107 267468576
2795880 799952788
98338165 985475335
78209320 990972046
15377497 154575787
82582776 779161135
16190192 695641811
5365302 582010143
38612867 198308935
18830533 853117273
80663786 708868393
20620469 61730346
27781923 160850832
21188836 440197588
84962470 617272239
23959591 322373825
68756438 731860379
19330541 341427727
74273142 612555238
93890330 332263389
86592165 504158179
88051594 758797586
67511719 928624475
53569591 292281813
25161156 911969307
1757142 358639334
24657665 103247134
78136095 846772657
12531102 757829079
53884552 603441175
43130840 139694980
97708737 162459805
91456502 155213048
46682850 889567676
15957473 353321220
73678140 157753129
3511287 512442626
62360929 889878900
14473912 108462863
26175551 272145059
65955075 262540723
38756323 343712848
93084740 668162298
4413342 889694842
67044665 685367383
77432523 466853965
79037398 978953025
66110880 959426147
67934743 167199282
30684494 498780032
43167666 194545506
70720286 743473650
73600894 507978362
25428729 843225388
24477590 126669278
49155803 588742718
63574149 614130773
47970524 176876513
9067640 429385133
81990203 805069412
71394948 243978766
32978231 350646109
34124263 471311081
10604364 716402419
11933647 153057589
77048640 677689794
45353609 475167152
93008088 234078797
20090614 911144554
969227 704793342
69664352 896031792
14584161 908486984
11265090 596560598
33281625 282723052
90387500 946291342
60103028 459536342
57021232 831629290
35874470 913656198
59548713 562376006
3872083 551492083
81573483 281027430
47306387 550909075
70572481 934000247
87074447 850768594
95084779 298619254
95379196 822688051
41058469 327381441
15627341 888090516
83080165 870266112
11645408 102346962
83328879 582667054
16985841 959138843
74254067 813573372
11255723 530478400
76136169 881797399
34942343 751085096
72887845 510304164
69672045 307941121
90116141 259036948
67686568 209492619
77033519 697858877
2661658 761982168
50878528 572934407
34913084 408513243
64029754 538040100
56647351 616156735
99407250 603582438
71073076 279446363
70342623 841460744
67068067 504183039
35299632 354980789
86721496 87130596
5703165 472133188
29018551 595172532
92483836 348946035
39763652 235081559
71459238 871486275
68500443 370744170
42677919 67815440
23351699 655048098
30474337 542610082
76672808 527297566
76241689 935983219
70572588 762368611
77687099 299710825
84258351 726893014
71243414 407832462
71545596 884442197
83177135 583085944
57019045 679850449
7965079 864977764
89645456 114699932
69831406 342616925
42311646 739822033
12253248 891764410
74703452 298364984
74927701 956129116
24150671 145581136
8522490 132752620
65778544 470960906
21017307 337228668
93343255 305475386
22734151 705643968
54684923 413829045
21162300 71630540
95419867 517187836
59561599 423285796
59309482 713877002
39897877 65430837
78656726 719431836
33808231 859186173
22092156 52786145
76633607 781548690
10607012 804324269
78937471 371050683
7624757 385957337
19741726 992338640
22180321 569076673
71488883 539737095
41276625 972512815
46157217 616030000
83389365 726810789
83268244 448540769
33973730 896086925
69951484 342293075
31280227 308676175
11854315 669680150
59461784 293870855
88683830 646565462
445096 363535714
49949985 927904158
52348994 121323895
63868017 96054372
69704187 109500970
92578384 240083707
322368 681939460
27498425 496115453
25394476 285436691
33041468 787181466
65114957 782685780
45188832 467368088
11081031 37568090
460558 78300248
41731955 664367298
14224549 145149667
14461007 570042907
34579642 344593920
25798614 526892274
75951470 759160386
48764346 257724831
96081755 471713664
84102324 564228654
55657478 958508612
86874745 632038425
56550245 693780158
47791830 52002503
4065312 983939179
9061550 22655410
10974638 677443563
43954823 852200250
22209320 229279474
68484549 925687776
43743345 605304213
25370487 810872956
9871427 28208314
32410904 815041483
876217 873302763
37529031 651040145
654797 781696061
59313252 410983535
93560464 499972672
35312945 161836068
9333103 854438930
80849526 882377084
89573692 847238001
59381182 979203714
65610117 549120850
30296159 133598730
62625982 669990462
13908363 948946089
67132985 595999293
63848460 455567572
73035690 741986864
24678038 509865419
16205866 505868066
29450365 679425166
58448813 441477985
8661140 198740623
82601601 162550258
72752014 502186154
25172687 722074132
48766800 893098142
77302587 895355344
81561908 685605357
20440418 141647164
20997286 679654364
3365491 679265699
68873490 969340868
5440733 39068370
89502298 563368963
58384692 795901842
21260531 465779422
38385396 187485548
40712955 177876352
23743921 538182633
79811364 454153610
48184329 318768065
32844275 894376696
77612710 219284733
21205879 314208123
93597580 461981901
60387392 917463439
65440961 550331472
28593345 514242778
95174588 695501312
95713425 383645412
76963221 95246359
59926833 67319192
89682049 938842339
35617858 80191471
3456772 552021125
69835930 511794560
3305916 20712620
61697823 338964678
70893952 105553114
6691088 756297855
77476852 175315968
54068833 790425694
13923692 908435761
14060495 354606555
48333321 990130448
97700903 783971042
51943664 635217627
45011641 273494100
46638470 438694171
51999594 882921608
75398240 580931171
35919647 251878437
98743860 130866071
37067626 357660247
75285374 203805070
78212890 855003394
57536823 864779778
98935760 470804159
64419566 750374615
26073051 702099907
58391436 578618897
94860109 656884767
23993319 606915118
84273180 382768273
87104448 354840853
20163377 918098857
34909600 390935497
85953004 234848281
16094696 67422305
71418423 379622967
87525390 424805464
15253203 909448441
86289538 223862628
40482386 837133704
61020926 953874341
71885530 321644322
37325979 267681932
94150530 450874448
29999891 511853422
65007338 149126849
32573703 662384006
36650611 149780162
16188525 301818950
15877080 360490986
88446647 172503320
6057007 399367637
38257806 330017454
99936374 829745144
46411109 197304576
88095854 740417057
21634093 93485009
37111490 181751390
47109237 638856926
31550546 987324137
21647301 462994318
31302862 403078380
8733209 38600062
14178722 63074795
57238445 117553553
90789444 879670876
40859997 796012221
22969773 115654549
99974892 897292968
6446527 218752187
76807859 156787728
62596463 868175778
91603539 659737031
47497919 245630231
70170619 691798062
6751570 385504886
95884337 136667479
31255206 655010807
29221331 42632602
76323818 400038453
2582893 879677701
62061168 627893645
7212910 425661945
22143110 471036216
22691796 774204848
45380053 965990103
32999246 750957222
20212222 670821783
297908 632842260
60257815 369471540
94031138 208798089
19112356 188978966
70038893 276786522
45234984 184652662
93225812 936603314
47225604 698671341
30267216 817779797
93767204 708190002
75096366 934800769
10519114 587113225
5394513 445706183
52105386 645238549
50709789 848526448
92872758 330479969
34934816 873178083
85070949 892297652
29723955 800423601
95017935 439132634
8083391 519251343
53353896 234056267
44538331 90786240
87481817 555858057
23471420 683745938
43441710 480083238
82254060 501887109
72152354 813959610
49669881 97406323
38242563 90498156
69208225 602046668
62535771 154955771
87817211 748581065
49862364 988719089
93735477 394560598
64337907 973524970
94085751 882564402
12684051 486298855
13835757 344095724
51901900 446948132
68383561 553411202
57846452 451571106
618956 45661689
58517100 198027400
27323493 239256563
98157864 638349413
79179560 796866309
45225991 858338234
72797137 706065810
77214070 503077024
56832066 993958631
57089100 791696606
68286367 442268887
27608818 269497534
81082917 584397547
89741894 968919199
76774598 349335003
94994315 258800412
86733478 613613782
71810080 449070395
72024891 728488652
49373080 931977575
86247178 962889546
26122493 446025463
61793782 856195134
93021953 174035571
22545234 465224301
24773961 123944251
26303177 744214505
28843392 473328488
66643132 628165763
66288384 88265602
63799081 621241432
32726135 874321144
89474694 693114804
99868490 298480596
66773977 385255338
35386887 495765222
45320451 131262947
57959399 966154902
30677236 290740861
9334078 383269444
54761105 522717462
51928524 675561123
90750112 242868286
24236567 239642788
4255852 256561029
37617094 126524566
82745953 462408415
72685407 708710106
29508746 787423829
54177250 778860478
79468489 695870012
3976189 575973427
58267550 199778432
10489220 811970853
96220562 648486003
11976870 516159617
17137987 285617685
16576172 616629513
78381302 792804290
91190173 375668100
55753963 845243367
79132940 319493229
13198401 409104146
41460308 754134478
26207586 923401586
43124091 568642735
69692533 861769563
51509628 362332110
72725298 133085074
16191684 720580984
37683085 934484420
52453120 714141379
29722318 936424972
80343543 292938571
1459246 587473909
45239173 266820306
74166750 421380786
1253047 597754087
99285983 266379019
68526999 227274150
91930541 417765842
3526948 868072885
40258809 470413443
41022730 268789011
51673073 589346572
47136526 69994037
35087901 192247673
47504032 939995707
46128516 606309961
49266700 736603519
93704539 559567830
89060786 92707130
80310620 719347140
37319524 701679943
37557054 803634583
69721612 712527062
61525757 937718950
31198040 486914948
93816112 687062141
61405594 733551873
8025507 380705990
17136965 167168414
80250015 817095250
49062609 111463698
93952669 352633128
35025014 465348677
68003220 187762524
35689205 381450024
70210645 933530563
96265820 759332108
42558364 891550824
68326874 162978803
31587036 540828870
27954768 788474869
80602616 378697930
32505591 553599428
83246941 882793360
63420820 877047658
14619734 730325112
22300702 644443211
44180073 277492878
63872525 887342117
77665623 408711234
51668157 939310181
83131639 870530092
61166323 979696828
71788600 272988095
1493821 158864745
39993020 659779332
36797484 184781071
3798028 265030022
43129894 53835058
46114069 106837848
25513307 518856156
26194481 836205979
30980397 956162332
57072076 745743080
28899853 309562236
992811 583883778
90363289 926090430
91570265 707373309
84180912 170575270
71587601 707087640
14622380 417660038
483259 3178645
84627528 263363446
74029733 113798714
17069642 373999151
13632533 412185478
7676944 554900866
23576239 333132709
66799516 393673983
17327593 987221704
48466097 702133355
5480953 898123566
66821987 674844377
67817279 221761146
60716112 987339616
25321144 857764846
48587527 366660280
3528131 15033444
36946169 375892431
20354186 601570046
80002659 324306792
44344287 714698021
98132775 501973719
92672870 760358341
24941484 766306005
7282198 581165310
12216298 834149230
96689166 986404206
18665436 180137621
77479445 284902849
10795178 240911762
86231416 558784608
19823073 957372145
87331722 307746515
73150923 637415242
30804720 930783547
95609943 412859264
33699383 381858173
56409600 703192162
69745688 158231849
72796614 120722550
78378859 421686501
51417778 100031584
84990706 790176403
18346405 788866506
60078689 767867797
38603358 978329195
80793814 533141821
63545438 910126215
71584964 487937390
24712573 758161375
83858761 299906961
55386188 835210264
42104142 237220686
28613644 309224437
65274809 702044002
44564281 697912679
47134429 924275348
83140498 926511310
50838021 995248531
1503624 74214230
18630209 576423459
57930612 570037900
10336377 865754411
11700481 879991986
78344476 550479560
24942758 127220691
16843900 162460902
49045809 423721893
48280155 668373132
5274839 996118666
51292796 404725840
64607511 685482559
82951698 486618637
2407968 750183321
99523246 990740369
81896381 111085171
78971393 396286879
75231921 573575642
63712567 78605853
80609757 249948370
96463491 855308521
25333283 750966473
9349535 289445313
31193234 902414899
18120191 537351409
24367039 511070337
4297607 605971951
1132597 506094622
30813661 636055225
52506575 744917008
29593163 517379556
12290856 971372689
79224601 243553018
97070911 901636664
99833308 974641391
9197742 949288959
5683652 744248946
44398336 932472983
78841986 750211741
51729479 224911246
71707644 785368257
78896716 221004704
89154242 826322379
68526553 771179184
23190173 327978664
24290486 873284066
95184220 892185394
45434495 498050885
27187779 410326916
44408961 736384478
16270389 94065594
47557340 451727841
70771316 501511804
57237231 271720511
91038397 293124167
77222329 134504992
72524377 647405982
96443280 202998140
90006881 830255060
97574107 575346907
94549202 747485810
20018095 612151161
38572837 66211841
7882092 280896502
65896944 720217354
65034854 314042925
49572744 641482389
62967488 846771304
