1000
17225986 776510860
75865909 271413899
57885336 344314828
81910435 800720516
87725014 458014567
58967181 148918232
4366890 53685986
46761307 382580426
89798380 901451860
29916565 489363131
35796623 982217375
99432451 359667019
16770369 73954108
97072745 753549936
82101264 520159008
59921552 311366589
57594578 595991763
61376957 593550274
65864403 431610224
6483738 215379865
96538904 835381339
97208845 722761004
88666618 501743637
96355233 703133317
94384506 712199213
56920842 127079359
14707926 294074091
78828344 909060337
97405438 772204443
2070097 462505193
16842484 241858228
13534253 316525929
50683486 440004507
56293173 170986815
31061886 300582011
28390386 599375345
27145569 407039433
93236838 435762882
45028238 328372728
10351340 43721133
91276285 899520414
73993070 378847447
91579658 763925378
2294693 437268901
98500427 507950822
72585244 403732146
53689240 101136784
71127798 175314790
21944342 767127641
12624307 720505196
48610188 744679425
34131299 654320456
26198604 204001083
46793178 638665123
89925672 474825837
92131506 616457544
58362867 147148327
88808782 838710692
71439555 928559120
11307652 78655645
83535124 203673659
90923997 994693717
42801665 336938186
53494164 527747169
90645701 528005016
47361082 829652815
52512175 811998247
13373127 719020430
63093467 627120860
91441600 484891563
8484004 627012879
95354796 102607100
2406660 208587530
31862202 878074477
29653460 700111879
19269761 253280416
78663538 835173223
30251522 989010559
82399547 899202471
93272794 117259974
12188394 779593515
82605961 249439294
50282960 444411793
76927092 651551193
60853252 383973507
91516631 431290002
12151729 766584344
65911456 939514821
27535678 936201576
21721330 462257518
25357506 902801554
83885836 362840595
39070267 772442614
31840808 967792834
77923135 209967197
5959521 427610012
29319334 130409942
5508699 591675629
13197711 212914335
9414630 702983501
80035101 146162240
19855817 245388214
47870759 980036989
59793186 183843282
67792334 127217007
30656855 333329219
30132291 834235301
94794179 572112413
26187189 99071997
29956535 598215981
51290459 572710896
86640479 823394022
72047527 304442796
44248699 396584987
27425788 180726592
43675389 69398644
94110823 979008822
65969836 77410512
75867989 523651570
11156060 708050923
49500530 362917209
58274456 344577751
87501775 169593255
51436845 152007024
33387960 944332637
50081027 616312929
49375727 408941977
33431712 989890884
3456984 843257776
83065734 422801720
87607122 826536854
88648785 474769307
58168527 591971455
21816697 494934346
7558885 978173573
58283030 541344917
96890262 830563457
52470232 528883366
64949548 459586058
25070654 868765008
25528537 163314497
34966447 287142253
4731165 118794211
41294650 755991697
33897941 422843678
51883948 741303402
65271244 174828480
79551783 409954604
1427456 807905013
43665449 329527207
10681607 622228192
1651959 307519491
24729877 522437907
88928123 909952053
94378777 616958850
39032944 71752091
65866550 330361119
95972637 295748618
29152006 505469234
93443840 558272811
30519287 130316687
79953019 350184578
25062179 56065054
3308635 692479395
52322371 877823448
97339470 789334703
83876769 117718380
57044078 848332353
90874359 368776992
69793054 403588089
42121019 537894588
31245356 189360365
59720609 359199731
84205353 366875267
99670388 504309903
85788158 666530218
50283015 110065247
81193249 885765679
20783649 505123991
39502791 429463840
69232652 592463207
70863940 395011690
33151101 456890696
2725037 663400122
79934789 126432156
95629679 732648451
57374133 522552329
77914656 973966674
65933583 583439287
79473981 399310039
71665585 575978853
48103594 83237323
33750588 673777166
63763505 294315376
98041469 624609574
73903275 486018703
71973840 357569035
33338432 272588955
21331815 375573188
57726534 471943245
14683238 283474625
23708054 189229966
52647923 177685236
55153126 292442529
15983898 360208546
97941569 536472815
74767065 122744885
56166395 844219640
26490147 381676518
79341694 734543191
55885067 586413427
79144984 205826039
70381611 918777820
48764753 842429228
71106955 904212927
82157413 603449311
36458814 136565447
91559707 496211482
5655155 839342568
30580377 686005658
55631936 638031710
70509517 124860355
19526061 550436986
28681670 74666771
64033639 449592428
45965085 873362319
22135777 303212075
52630630 890496430
88061733 167906863
74193438 389123635
41589663 354355224
72924903 236057570
65125475 521976044
81571647 538575620
1432628 174971007
12794802 294064323
70956926 913593625
2282699 710688798
67706274 659879124
16333351 505607755
58599484 197295878
43078016 880646555
71885623 654912655
11845023 911115562
979716 42663621
6660892 419733162
61782069 268717492
73043741 516540428
97772321 756565812
87840378 153662426
74743815 746716385
7008315 282968449
4996305 59914867
19704795 284066279
88078276 97548697
35544272 148226230
59964783 404805489
76998362 589991540
28996150 584688998
82142565 849565227
2818337 703397887
64401013 68297904
10486274 402259544
48872389 68460825
82678260 720520142
30167511 926534408
85841760 519462239
67709364 946861951
65055743 471190013
85148322 917137531
22426774 555969674
6915930 362195227
37053890 164811951
29840944 586867497
92807311 981825862
63344420 668496350
54521990 281328626
37554868 774834033
20765761 892064045
74177387 533806560
29207756 959716745
77184870 326696965
31032086 103687661
30489972 938103628
79448880 229812917
62472577 716656267
83140714 132024156
89812113 864789436
52411207 804643175
4835484 612294364
90250474 133811298
18136504 355670719
33626339 162470802
22878556 810561913
25394126 755698014
66326484 334040188
93899607 498408704
92561023 763999433
8881245 59884931
77525465 608621254
99713990 815949478
97687102 248429070
77801202 627208065
22189844 479570480
21773985 297373991
23722964 149017043
68230990 159086760
34725430 137704343
30714092 914063978
30574321 940239891
6702216 624749664
14830215 635729103
2083323 196533807
5342373 738338535
33275059 710504756
2378944 83760530
20348700 184936834
26487761 523517790
75973320 917008095
4521338 772403167
54462786 416158445
48302899 88921997
44614792 614650710
81985021 815815088
8941433 864090008
12999234 64658422
74230497 388777638
81836238 115964050
99862119 537764054
64331168 391456040
31059009 883922151
62247137 871047185
37376539 473957369
89693881 569620073
91631893 201013576
60778977 692583175
60948096 625710813
75183151 260225978
35264816 811360383
79048167 689848005
75922792 661265387
76525029 815917984
64385456 550900191
99732520 142000410
83246594 894064769
83305886 726907522
63714120 503470323
67662132 78124150
2964397 782378173
15104401 780470586
87421038 497471526
87621727 262198538
88971221 949809555
42990803 547459009
29457731 780540713
10346303 518006537
76081669 595916382
12008223 514799718
78687197 708299884
92850605 423760732
24191214 113300589
31584767 195415118
81493552 700519583
2716037 770985444
57759356 788651849
9972441 676118780
4267161 663850821
5442880 66155759
15759039 793660561
79751877 243904573
974596 811096882
96417388 616642146
58117030 490712025
13777657 873534778
77708864 812580426
86339371 186613246
20286191 922257362
72810921 568751603
68742605 783285107
88480822 206548649
56798736 454367892
41806497 313547597
44920202 177353830
67547322 441679723
72493762 675600161
55745553 155833213
73492563 715298990
52447322 215241601
31547372 350770536
99773059 524020294
40137430 102265574
60525851 889528803
65142173 249907664
61766217 653987303
97794410 409971189
12913351 20654883
90682139 954310969
13091034 861303522
63986671 414821578
90075059 231220944
31653881 666946523
97925576 436525023
10113539 483891000
33562662 560280862
55025246 174945746
49362742 194833534
34012258 148893053
1350192 644677664
40739158 717681692
14161643 292909606
1935033 639373382
42497659 46070568
21853033 722252163
33710602 383602446
12357290 881085089
36065142 760125262
71011232 782444373
33728832 333408567
46534138 254994557
33817632 310628456
35060602 229378332
73123790 535191533
87173590 709260749
9863025 424659765
74671269 309665434
21261668 294830605
57952007 556293029
72598210 718116088
20970198 174959434
49883715 762899342
47625180 251916399
59183689 540452385
62522338 394398224
3785641 849590458
6070036 546814609
96325009 944374784
83119054 415319148
38995284 559388169
94272623 856842557
85800826 535579507
40574017 549799508
65259189 972026475
63255220 993792460
25593957 802893237
98118347 120263084
1000051 523825744
24786389 77887860
38009602 360653640
83985033 504008610
46379980 690614922
46046347 487892450
76475353 136163358
1849666 865483455
81313464 566314249
6965796 246995864
97291677 129664541
67855427 647280578
9770480 122534365
89908629 973716789
88651158 379154018
30788775 786584983
60516817 660430445
98374754 130834735
10393398 726738723
42056470 235684745
51251427 84998406
65014708 84222521
46064899 939662542
58613700 592740639
2296305 913962569
55210452 744568626
69473722 279142978
41391340 772625152
93938692 770457849
20825400 849637455
67005890 821337175
65822187 904334741
68370347 730934466
76814082 585705241
17853263 955814775
82622574 169999025
95665183 477296840
44012513 477102786
54630960 586135795
57719189 496330003
74593050 251174211
343442 605872240
1896416 310929355
52698962 588029514
53347486 859263263
37975677 76596200
93475712 241288474
27096735 74061539
63171772 860726875
67530392 877463674
77813916 454107626
10768989 946336711
14401026 721447138
38833754 629365657
43575025 734492945
16809782 342947534
19077390 614316849
77181602 513758637
62239415 639113134
7298357 110456038
27064846 807769840
34745166 567082544
60975163 891585753
50332625 510915728
74974723 450651212
2875749 248697132
7244929 395554334
24982871 378035862
50162488 740283285
41552910 858818844
78075576 176770483
54431947 819305507
71067107 843336255
97902575 360884320
31779463 247821503
7510022 919086026
84311479 667387669
591178 184201116
24312388 222763251
33871999 723379940
32527732 521783421
18722531 226156138
58752385 929775743
34823864 370808917
84863779 814784682
95653076 324374302
93572674 852201121
23944079 768091946
30231213 224163177
78506866 648231757
75428928 416266651
19244311 595291851
47884901 507358072
40408020 107341896
71860768 594272127
72485388 103925645
76926998 943563777
42771433 462952591
59400308 695584031
71818138 611144031
78497075 542417762
40392467 790979512
78497291 723685693
97220174 447207987
24788020 267282271
54390053 388138526
87605243 388838215
28054678 851734939
34836791 88003021
81116359 766295073
79195153 635961536
32728399 636733015
83921902 929401515
40483613 984257526
69712037 915130728
14946124 707346373
55290463 275612551
96145399 768043062
74037748 607643822
91183994 419486696
69761983 205126407
8593616 344744979
59685887 321780351
97936226 148716519
86974935 130206372
42567222 238460481
63758496 479245993
45023659 948232751
87633127 818548024
95647620 970233689
8694309 227022441
28805312 514585039
50095929 379795731
51271216 348893127
27981813 603299698
52054545 982610272
1019679 187960910
5253488 429320138
39128418 219336425
47274563 780064448
52102413 939980048
6755578 731655090
51302612 568823012
9650545 224816481
6333571 140019148
649902 390808191
56583084 521394121
79815858 539773783
87504505 524701823
49935864 987638238
52577037 485966042
86110213 729691586
79700546 514215962
21443144 853568416
58636921 754021728
62724924 975738932
41403482 616169698
52915841 862595102
96165844 744638618
93631884 551758623
75310702 502737477
71101445 482508307
7315584 927718591
1329275 833775691
97041036 224456360
77637904 681272284
60814152 815949991
23357340 987828257
97886241 319247992
30202599 485149765
62309884 824631198
65548314 560279925
83062214 476615518
3045987 424175563
21494785 188804519
46093781 861267335
25992885 336549323
67171588 88275318
71210553 311461321
95774532 386606813
49439115 591059394
87283235 101891642
3522271 910733045
57581587 293252064
10991741 453498855
49512633 737208846
44709970 639073717
10855297 987137582
92202982 291739511
36428350 759035418
20089283 665573143
48823298 450324758
98142272 586175449
9850299 518315637
43483192 943288351
82979627 766515968
31651932 642273221
49428919 445386047
53824321 360856277
47853110 893058648
9169710 799444433
38275891 963309332
89385338 608307340
64960302 950360797
50819163 525371701
92181778 413369583
31051263 870383528
85649457 522210938
72091932 302058153
92279426 429626741
68598148 291186648
65183599 856309836
1482236 822969700
57962137 301100883
23258200 340810867
21177765 138939080
97563358 772127550
86916922 235514694
93850408 331020705
16973942 90017002
44929391 713080136
69369824 361538150
28968725 902736090
28713996 435849535
70063177 470874817
41700569 882631806
91457653 114237884
51226028 812996756
4061379 36343925
14884855 362471286
37434180 124743396
23177191 684659694
22931602 240640269
37682750 142841440
9640617 248196562
9982643 191793460
18201637 369918120
19576329 853497521
77848042 439888263
78445189 126700766
8392356 388820325
39518490 552586602
25364762 85122533
18452162 718658964
3077895 667461477
2170777 467630265
87254259 564113923
88123071 427369092
55471709 788077218
59381216 657584332
76165349 472692360
24884616 115277191
13474209 180208408
52950753 581514113
21619721 965487875
76809451 684934694
82833823 136460319
37975774 585708975
60817122 373600769
97268018 264089161
92467438 119131886
64517810 624925121
49085490 677449335
56031361 690924575
76221862 231724997
16097819 534704397
55158102 106838736
19191771 574190494
6379733 251782651
45291533 920355288
44522482 53249116
47876103 292750868
59417817 902439887
33626438 853555030
82591913 367842105
13055217 438385938
98682841 918300507
28153620 751944716
35885914 225191024
54879013 930156853
60301262 394775336
12022122 626906797
66095602 212131020
40439554 851100429
38977271 846517344
17836196 437733578
92648401 344970559
69103890 655679257
74550571 839364332
89893157 616566144
13858616 838415885
98816593 370277631
91838828 874387251
45057059 901684336
55564674 469957987
6874281 868618430
5526988 895749492
22321026 600724633
79289203 291027338
39496506 368210633
18674638 96878407
56619413 232082418
62851583 244540826
29594216 68614988
58497422 695066553
78283145 597708467
8105901 473504408
88412345 638947159
79612400 824782017
26684958 91147399
5712171 918090019
84773266 123550479
38917602 407266919
98208477 722721891
88960917 699176008
87733949 751266358
88390227 109508840
94071246 128920201
13522830 492732104
63967029 613179817
36652510 300182441
98610931 333400419
97307549 436600812
22652188 989982726
52502783 947507581
23138318 119165503
91936724 372724151
82981076 889719074
45847163 466570632
66349662 583988950
69195251 989990264
84830849 819749981
78481322 258645896
65569544 162478561
35194063 637766979
86926834 287463247
99926864 489401148
3419024 322791099
4402165 618659685
50576874 749582053
80004800 746740922
57361554 641329717
6413139 320370243
15070135 787625215
26914346 978848978
44839975 619702383
18157750 209567849
97549531 870998688
80657098 871763191
4382767 282148254
40882686 384870696
57006918 142381259
66379227 731418111
62609718 502549429
88286247 267990961
84886423 487826216
31546669 99859032
32542045 736998490
57696968 954809557
99192793 997331001
46718121 438620000
93945176 643096119
98262912 142169211
87239154 464337943
55981397 283561334
71594829 676350087
93838679 780866531
31793023 955947963
77646149 347622215
49760612 971614295
3621633 169427652
77747700 978476629
30610605 635183204
28882170 754434926
84391166 436038677
23752511 344644811
53932360 454188090
30402824 353012349
50970038 866800920
99331628 105195124
27937652 286492289
29195442 215110224
88536672 965946846
34221538 538699132
78892410 408932424
57078373 168451192
21879502 130566700
86242192 896394766
52492643 102007433
5888026 406044761
21353919 41949181
79512108 415821991
11711698 491789728
41820544 129098646
71759535 935498036
14770674 310474322
45476192 792562425
11162889 473594701
78560643 944335605
53086103 695899924
29974505 608072267
89226704 779779280
90671346 103421984
30349378 597467041
87765239 299527244
39210518 301887748
48947660 194551965
6156438 35420408
46073650 117877102
30440463 920258519
58774046 881287272
15789120 870054341
84734610 295082089
79329470 779365778
62138178 870024464
8213406 691313312
7841302 714499692
52422136 204286934
1783076 689753831
65493318 655704642
30592953 999853692
39475028 947916321
69079673 663888855
21702137 956271251
21189684 283440245
987163 979169388
43299763 410032692
14808352 309242574
33183749 115932921
47577711 795501756
25184319 65184744
23053026 790156234
66451064 255914135
65629821 774045781
70607903 826064775
251903 820494080
30225646 293193702
22320292 661673403
19943296 406334236
90973856 995302902
46451610 922077325
54238196 971766923
98290062 759636570
5192794 556197383
98700397 936197325
84005039 232978315
92452532 841059434
49307673 556071458
89087520 528825168
68962481 835370289
58109413 603359663
65756146 887409611
99554281 316108977
5896799 102320316
32923358 857857881
42354580 447759008
94549361 609381268
5701498 474590164
98799914 298781640
99341906 471609886
68915267 80092580
39289805 951930758
4151824 905003403
67559598 876642630
52894536 905893187
82277406 413484522
29095565 231922548
85584996 492577950
28032847 150507693
35421960 344227390
32739127 597752653
73069982 263885293
27488273 832194033
14133046 250986652
93655605 529812415
18712088 329928343
45977706 367018821
58245704 365160881
69287268 644581298
61076668 432354138
34953425 134101351
13609232 910605328
75180613 450370926
73336680 78137649
50745576 53862347
10823105 266313149
1836248 146954119
92880246 825061807
52176205 653903082
50992270 638796990
82856118 150028283
3580026 953584166
19540873 469521987
10236068 288160487
83899319 810802784
94295755 198995891
85801707 750080501
1555494 610234486
47031695 599039781
86853840 555850676
92122213 923375472
29698378 179980589
41258805 201028451
60729608 107912117
67379264 392997582
98926571 369326862
24694902 909559679
77658868 81859936
40893050 389852519
96677547 267284208
73094982 408199977
67288577 865574174
96120283 898316658
49077826 547267840
99809836 814188916
11519269 845719930
21276143 304507045
18425688 734250027
82081107 738402839
79850095 135286139
92853180 775777377
48111507 982275275
40059516 755163206
10371727 689971174
12981729 255586711
161306 654723484
8363715 275377513
50018447 164055372
98141820 718804778
97229857 384268335
41463404 331665478
31411324 172694736
34817295 865191684
6073339 940919435
43169771 716470159
73302751 522643639
30300441 326251399
1000237 617147280
41356351 902886814
13054682 946584034
51929123 758787233
15355146 353320127
26547418 785767980
52840464 431608221
10540347 857639289
259124 537516684
11477472 918629951
29166807 170492721
56264237 872630489
6029574 806202515
88910116 312266997
75173779 495112654
26922474 76361902
99779439 131451401
96437984 407855439
