1000
68045269 507915482
37958981 69003933
69512130 152879983
20557880 340048826
72986450 571737934
11050962 193367932
27578362 442315411
97707943 391236711
2758261 875438202
50379239 706920231
97732421 535820119
86356748 644025797
44991735 467013275
70819310 394505786
40683479 926025130
26668228 196030740
19752730 246112452
46085036 414367960
79431067 125992758
61861824 182102397
78132436 454451047
41825818 498070612
58271847 808257136
13286066 300608613
67069616 240223157
52641853 957241006
58504290 308726783
7931458 570994527
40299037 855848429
53756283 686343443
17711265 881336387
82120545 808079629
63919586 408187125
63900645 479302142
79574069 269017312
62817597 601036903
48398598 333047484
27193608 85866334
55941436 296512362
25078705 523769450
18464160 525199947
31868852 174560805
87049522 825980847
56751543 791630095
71611764 873226230
75815612 476772949
84611640 405269534
49901567 93666139
96310975 323457786
51724446 654884165
31609921 660262307
97151913 912066803
71086184 248316723
26376966 205196324
12524421 134733628
3563750 400159773
96507229 250146286
84321126 840989984
58478652 470378355
7990601 351092482
80264070 467029589
36947614 479379512
92768652 532514550
17703140 866267745
56810645 131467224
93329848 576373539
93065709 878366446
33880741 769542001
72989337 891087730
25399660 467011459
90651731 564661432
98323261 866496577
98528681 402725937
91478742 580374495
3580759 680774256
82518635 340163429
72956541 973028272
34212871 671044952
19732890 92093897
66623765 640471434
59236958 296348263
82415959 600532161
64050868 712738681
79892517 529640857
98070554 734831995
47899507 870356917
18173577 791564097
69402793 232330401
26981220 764979161
87270926 167089283
24661117 678973631
57462343 254884564
9878235 10912179
11100702 615309962
42957483 250526722
82364904 668055617
98742744 703713859
26533405 248475871
48011469 475568211
11539670 651198328
12156135 690664964
98484679 435127140
62530586 716821360
44079707 562232784
39425272 189817187
87623886 777084266
31111744 988955620
51265488 989816864
46157957 633311904
23458551 44210082
85520284 190276224
2165180 905636158
33542665 184878765
74882872 258908997
13302954 17758809
14237310 696591083
4498154 333954279
68775987 708554595
4853365 909604758
79494693 136594334
73666207 538462055
82360562 805698291
74269071 212478134
4566133 11483082
12585562 779616681
32048870 128408328
55319604 151052333
27733220 702484350
39884858 671119542
35985752 359041075
55421436 187165893
38476821 131631467
24649865 401369805
18915657 644895741
98931744 917254529
45370399 603902459
82299193 95667407
41489006 678076202
32891997 276818165
95376311 110164694
93537827 832635807
95901014 112963512
27009822 302578197
22344487 143718999
50561107 585676770
24264700 553367119
2552489 104475348
9808350 932161307
99236860 858185071
84305691 476358768
34983946 280219352
34340962 653435579
94075617 182301304
92418500 517452333
7097511 784908823
8395306 283446946
18149607 723901313
64789760 85653098
38841531 265047885
21736566 116836520
76334139 605071327
85912368 91360293
44629320 557479006
35134068 247699908
17686132 856682955
44229390 287398634
28322422 74799162
1402306 913214681
76778284 265037344
55908864 541918131
19877464 264360814
8142142 184183634
9998795 69667997
27520862 211764763
5081563 340929562
58794979 409070373
22987984 997380439
467986 137105781
78033165 171069331
66619832 727747180
17230432 506780491
99112561 726594641
28220387 398404489
53895572 771929497
94170490 879829681
12506912 753484122
22625104 195973071
36656189 217802542
30137060 574147020
53565485 742666897
89983422 802498382
38902663 599135322
46042915 228435470
59590023 420406377
69298057 167918899
48665254 89656181
84799984 998872424
72235326 678919952
46287195 176783711
28683981 313263836
34936073 274112711
20260862 354118918
54098343 369041886
85499230 694972073
25039871 464531683
9282012 882666569
90746722 136123660
29232777 822129866
95809547 501182077
94371570 781141612
98323898 504669524
57399748 659303791
53305097 593098880
56404543 142720362
38168920 938727653
5491790 30566798
80023797 794226330
62615196 440808581
73198749 673021495
4423259 192209178
5510560 325846751
479406 76937808
45149362 966189195
58515296 274371357
2232772 219866198
28609144 701493425
98675543 162992933
64356020 849538248
98134703 705558734
55252927 569973798
38442189 791765677
51472772 586126890
4152443 867654553
45282871 182870636
2935653 474715116
90622707 945063121
11898449 917798382
95862534 562881835
27847435 64943326
78146310 805857082
34743828 203332725
89282692 548740592
56591580 254260478
95332263 259649525
29673726 196465400
50753198 726584215
56748084 527738052
19756937 460126440
64722612 436708338
72704090 135713022
30411222 914693484
2640626 694692246
15456890 896572507
27168119 669109327
68174187 682383841
85801948 408053207
88661599 988009731
70367565 370785271
43529075 485541055
83322804 784307575
96778683 986003409
52304976 247411858
5762235 989767863
64152548 152349523
66791550 558356173
75969604 312393840
94005941 751655479
68799402 261592673
95512267 899788930
61647192 323320336
87846632 242110709
82877227 350699817
47923442 983418168
36363297 502506747
27793409 608302983
88443258 198645637
90507578 268929079
75668066 506491899
73852316 696535517
65583314 995931161
57514859 870103984
64918067 726462039
7544865 251352714
96122182 706605231
65963125 69427224
83082740 606918686
98599106 544175809
86527296 492058753
26219518 973045532
78709195 614481988
92306150 698845460
48789558 323646607
28198398 199369031
56751552 810714219
8713485 221457175
98940013 743943577
91735047 654097226
39818527 89188610
57444817 151120512
78884273 819795196
13321259 453324206
85594463 973366220
18521696 164795141
85820549 426410234
66535146 898564649
20421588 535715680
88895404 966510140
48004414 321178731
38799315 821809411
16859977 187474674
688923 912890329
72008908 575600141
93833464 191329188
69743135 598494745
65580900 355961615
31060817 465560979
18225331 185186152
35096730 780151516
40769057 508540061
86983512 725764428
25981063 289220648
40564184 602861441
69693788 527088440
51792812 507702516
23233249 987264142
88659637 801265662
57673236 788103278
43975405 772187735
8822056 530476692
22108525 843228168
84295870 950605003
98826660 942796068
99600276 604741463
18635926 789123888
37664530 941978413
61189942 755981291
38773180 58786680
80137229 110690894
72399596 962952357
3322205 687032795
85456820 653350245
46015414 95225126
81876069 120776556
68032862 900415392
27980548 751198757
71318545 428044180
57843380 412511305
24415473 112533243
21239602 240106459
8500966 301487749
24772046 122236985
46300467 483114946
93133977 261450259
13079806 70032277
25923760 199680926
33969109 361302771
66461791 684636827
20889400 508269502
5246774 552640886
92243356 110979395
83669852 517887510
22022152 219237459
16667419 685418786
96416028 408902946
74284540 170520310
87442308 155625822
47961525 679199308
53793227 834578318
8943319 390372161
6417776 979942419
62266972 273581636
91473017 829516782
70172890 450380801
1613431 449272753
67270840 356405627
82102858 453057782
92138058 506718470
34955539 985471784
62132255 929412459
49639661 131306005
52165882 239856911
17978096 545365890
9985245 924929999
71053007 275970068
22825440 804356972
54546775 758280021
99343468 107321381
28965358 436106221
81139194 577664654
66055722 179411668
55858843 692266119
16267735 206908351
63893578 643809436
84289531 542774848
42466776 186697699
16578212 474408680
63463482 789641435
67696004 421181979
73071949 281774710
14299070 783734510
73561559 790039057
98578606 832197144
82703456 251024756
17111595 630070547
63524509 479297989
55332196 88094239
92918048 430276647
56336819 898365334
74877451 830074466
42911200 778244918
95540338 942521495
44823577 130398940
27621559 92934242
37015711 868425454
54874323 462246239
83562162 401379021
98771636 217091897
74983388 318925621
68738759 230165567
15405604 775918932
15862252 268779497
47591252 204066023
73880248 480791540
81432469 553708148
23383935 443655884
8147048 962723109
40302464 518905528
27873045 699969419
52452535 626889341
55276404 617741238
69265470 998441969
79810607 661421512
16487514 295464029
54372266 887966572
29143252 432798368
1292570 338885957
80484855 552043383
36541953 994436231
55804159 202535083
49021293 448294282
29568977 957978232
64541208 955089651
57179051 184698622
70682086 767412837
5563614 110248632
36440512 360649880
47404020 895206603
46026770 134038090
30523367 398417290
64014871 731823791
36188198 943290214
27055399 335753413
65285703 964040991
22811830 255971836
44073304 387264020
68064378 187441576
25721925 772123528
50879942 792913701
9870796 845376212
93828733 136100159
71638862 429452058
67899871 970944363
48698777 932101605
61809675 351532979
36822749 335415452
34200586 298322088
92515305 994987749
77041012 545475377
45542228 794743604
37250617 376324825
96097988 195137298
6086307 347877073
56303325 896233143
26637456 154118327
32876239 244572268
64259011 849212280
77145654 559792549
38133037 881231799
19967023 43604418
77556514 507874905
36374905 102903082
90046525 513723313
72507286 654186494
4983741 557728692
50542864 73088751
43019700 923774315
32814136 168537604
95651920 599165951
40511997 103717082
36833100 401070810
82737473 551435836
66254230 157598762
18367044 237065382
50723291 513295269
27965553 682410477
85832249 268611407
45201531 859964000
49442637 788890143
87542293 368360266
57896613 109809385
6345516 201770189
69350133 114926859
13366782 802710356
21869004 362208545
45585609 455785048
65737948 304959137
71943099 793880863
50582736 521957495
7264881 310128554
97750585 634459977
47208892 472307283
43782105 380547479
21930105 892144514
53488051 626673761
25019717 327447823
11407160 373417035
48362209 430613140
96342451 324911934
62423944 103243202
66332657 160916653
2297229 50027361
25954708 825722867
3380264 140201848
9115791 596066208
59447456 890878503
69644222 849547294
63338467 899491424
61309402 190294205
26259343 622484036
91212961 788949664
43046817 259003361
62534042 370929859
92817626 628288555
75957076 169263271
71063629 835995610
77829472 354116759
20940011 262054169
49187755 118426345
92237603 718309838
89602922 962101706
84371655 105891954
23270555 130469668
18781565 263267594
11451307 161712306
56582212 541329850
24415040 603495361
47755667 558083882
93772800 173256937
21896190 426412943
93229335 484132706
20502205 708683510
33005099 577098472
67444291 78955296
54301947 943254870
24402193 373840246
89369889 252554775
77107294 257012172
15141429 884816980
13315751 309710771
87049436 472985213
96443018 300790525
52877027 86541965
479424 367340999
85184354 409277040
42624207 954975999
81838893 880078264
18571252 188540066
18800306 279620579
18015716 93277717
86823833 584698931
97493636 769566565
35432236 213229902
27490506 338399030
48191668 921202978
34113062 376114422
93759935 533195516
38304853 541853095
57500539 703304798
58851454 148368596
77780833 183018109
42090791 476617934
59014353 570807638
25675972 550769528
39717591 102115592
45180817 559104764
21819685 522295401
71426191 997239953
5544630 701677839
2836666 77140790
40536006 206176146
56687616 634173263
20620476 767727953
53402493 750010749
57790307 886459612
2333079 743171697
79455623 860428210
88202159 240080126
87815044 271189779
93270094 907073796
28981215 339711452
88291358 496273849
879840 45024777
61059214 787181129
79950919 136114088
34068710 44297656
63804263 977866063
58026091 205277875
88197308 491934270
54943634 273398494
88868901 249953604
85459270 792195492
5941186 56201673
236554 875204469
24089731 691220845
99979883 606598140
12163755 348913584
8424689 387634969
21070487 516297503
18623469 317497974
44610821 560375763
28288811 558611511
53245106 321135736
9012197 746925494
9597242 256908789
68900194 669108742
29061609 150246946
16000189 162965897
58614620 205526369
54800363 719832586
14840818 687669045
51638773 580035342
21220514 692614637
61985983 63801759
211522 115807488
8815397 406440383
38215413 357647049
60947216 612598037
20582138 453607745
89019234 803630227
91033307 692128277
61060916 944666902
53820289 886426752
30195472 316724930
35377524 264999465
93152668 483070701
92938398 530729240
53112039 182199629
81377620 252509331
69291901 865381056
48524395 452374492
67677002 550779782
48138833 895790155
10779189 184340964
94486142 94874005
36619911 795798329
82874816 994366929
67416247 234205169
74411790 753202464
98025339 653504675
14455381 822732374
33444089 849744417
44457157 953545333
80412037 740601187
35779019 101417154
98368943 297854043
23317166 93136301
18603645 838916216
8211005 898867563
97350581 101539172
73475819 789929187
5363417 56201201
48600742 974575884
30412030 364060662
23050604 902402721
6011709 725416066
39869130 994966959
39178372 54352483
19068748 268488714
96523622 341178220
387174 653185787
59084239 571527798
21661380 956650100
38258470 675018966
9383035 966299244
56788328 589572684
78647995 411570472
71338916 445715608
46961711 428996859
32337055 577864648
8287883 517103566
35696103 242362165
2396094 920103608
42025373 618685416
49680746 289878213
2930216 402196674
20591301 422711107
47398986 857509415
45607612 772183665
33660681 577611215
68113862 567779449
21926402 459664893
96034894 655134409
34923658 920153540
91488750 948461418
87107525 413353345
4698131 230047366
36912289 682248503
38995919 601800823
17474618 597261029
44000161 148828705
51202526 649872572
70186770 80045702
48775947 898940795
56322515 711780924
76330449 207538302
14776461 261315781
273220 288943564
87588776 457470140
4301741 494010525
1477275 195789293
18536288 775100701
24649012 67275568
96793876 294495938
37741530 648682715
59066783 539548060
36856953 821762586
75050656 463181933
38096719 684174956
21470485 612393655
66745013 240597365
99419307 308753913
96316320 700616008
92962999 693777035
96890027 742932239
75010077 186777980
20226065 369704832
76026570 582801263
25764198 238852547
4980565 152693370
87056854 122077297
78055757 482700983
76760435 445566040
54522683 643069886
40536631 310767919
11171683 437992712
71464477 911423692
60257859 918898476
47899047 666037328
7878151 109868912
86456176 295154686
86686540 391456576
36272290 678875381
82958964 526371903
3553326 446610747
80945531 147321548
19686533 69786328
79627617 278345351
78435808 513789287
97250753 359555213
17575989 625925198
77835633 910832577
67476848 764423721
61071619 627569503
95552031 635447531
36121589 628079216
28151827 888837489
41005720 378930615
78637885 336613593
29093523 850910073
92897697 212637917
71613965 347722303
17384465 39194379
63619302 72798589
65471274 557482476
12241472 23641662
47806932 480010475
71754096 631996502
88816314 741832160
27241434 662181050
61700479 698021968
78042859 867785659
54989250 962736893
86312386 556442560
96402616 678149438
13487034 607425025
97579828 309987957
88184891 471821072
89869629 450247602
75827861 446080330
12237832 634241569
4238391 248736396
11259456 323423318
24057430 563770964
7230444 466804324
82204163 877385788
46668597 773420370
48266452 108346836
1618489 325566121
79477010 168056947
61354342 680872787
99656020 198226239
87635665 549649076
74706271 418065906
50225168 755704726
3371461 629670025
50362515 546871247
74384578 724568936
42883865 714962909
54914756 664824865
17636866 303694748
95358578 146377418
22369956 504232750
24896629 931346106
69415756 155427216
28061525 485484833
57387272 722452552
32565945 860294164
8861797 880103482
66601529 572920710
41112378 329531494
52242003 636686894
73872547 660632668
8885187 996464100
54076741 224393323
78042691 876426526
21190443 510427615
78304775 617897540
68099222 736665207
80898445 220129271
13554727 518945256
13803471 645024699
82196530 587641908
73051555 242657229
49861107 254812937
32564576 408479851
15677730 290960417
74903702 903452448
59614750 283982084
47324627 659355991
34248031 175052973
77695432 373536910
63684392 421701018
3838494 55046622
50920016 906091287
12011999 667525212
22265905 393391058
1484251 749255019
10319310 811295799
98586726 225325021
98305165 281003047
74798015 544991193
13806667 546622551
69665621 798081222
49336958 858837844
16498867 94641267
17228646 193765468
90055277 859116961
30389713 439555280
92049795 219409858
47493404 471501346
32742220 573330076
53810924 555523443
97511955 369996391
43605919 331158529
11846856 791263635
97119811 939823983
98577977 939594170
19374352 601383120
93284573 101222681
91058589 695851796
48684275 315864935
11457880 948132241
25621554 999700801
86893653 602987049
55996917 429241787
2069672 834657339
95646509 635644091
95730084 882213542
72920623 183959533
30703614 199965768
13243670 711529838
80425935 444163292
45000359 374643940
55351131 480495247
39561678 434535802
79903860 155806685
17462297 886249246
56499748 246366014
12109748 264259226
46500828 938391077
20090773 256578654
8509214 525020980
47678939 438210831
25859746 582710338
48825647 917230716
45853735 780864458
83346067 316870901
48644149 105528499
64643043 635164718
91161360 721901181
9697805 620649250
38908218 316584922
29018712 120267517
42731263 535825649
24410597 51752956
38136776 818886909
13626202 508411127
19635706 498260892
10303688 631082150
50955770 650613763
57370902 285213182
67873063 948952291
62592174 617955672
93539427 383337334
32639688 475490925
76867539 311602688
88326381 458791373
64195115 923425141
3691705 363743148
65319143 533712378
97050325 135904865
98625821 256623865
92799513 804995741
85764978 943702984
77834219 784107186
17069745 720759908
68371457 185407245
19080395 61889268
41913076 46530664
10824417 455662625
23278970 487842697
8606693 504749753
5414217 756090508
63762453 694514777
13700459 686835957
86332002 402747472
24199565 185844940
48055600 930780297
81084854 576472334
79964719 363584366
36262453 540314747
42005670 485650620
28871142 801425841
4015785 719321661
4409308 908400158
65382775 383692471
72213898 313801190
57337675 280988265
69175747 526788236
42766968 770285035
47050542 561446870
27416111 540297096
12307633 555707585
39167206 252124766
13051754 157864110
98030097 912764512
61343787 851953716
21911190 756925092
525842 511554119
90090582 569000911
76406968 935542487
44152463 307062216
23105288 230107363
83749665 405622630
33162466 753577782
91287403 245075061
15192382 583211165
39662293 985642365
44951320 561498977
78789288 662829375
53263176 803129645
63552984 365823432
44164243 926827823
56787996 834037833
55533939 102214385
64662639 438811692
75767812 262029671
26705796 629165136
10418390 128467415
48201777 858253969
24082103 415925477
20579417 930507287
47191085 547922393
18863353 37368869
98584457 797442862
88061616 999151174
43802583 126042792
7513528 986120601
88045803 970545411
72430821 180714690
71665909 385449517
43925842 808789933
2946494 426901538
5575185 735137714
62757707 671115814
87145528 396096226
30204377 298674775
40609798 220128445
28208050 36306895
22488024 286196212
