1000
22793309 215820269
27758765 116649203
22092074 844515783
43121069 915770853
84370716 396095417
25261271 338568036
80868810 169185493
93375051 268410483
54159117 80625738
31862732 612863501
83196530 359395447
66973643 356496746
67855890 300895344
15579219 853460143
75499649 890943469
13649455 380144782
9722175 589389666
71696641 187155741
81059504 169622058
19163791 492309904
13405338 366095900
31346715 214385497
47946817 293011744
12323283 768063436
86613888 206647356
54950856 831128799
3647105 737406117
57513010 641047780
91897838 627904104
79464588 909674440
66295561 124803617
68344910 383295613
58968675 437168132
10319524 199167643
82430436 814585267
15668004 233826163
3601146 878325346
28099262 857676336
76906290 121602792
44932397 877704914
82955024 292897106
26977673 97697666
59859484 99622745
34242747 231385064
75889640 358167697
46766366 765365782
45247712 416453410
54352310 710982208
38057462 241398899
15532637 651312114
78509646 820423434
27986676 153536633
11428648 502333432
66340390 241317432
86714985 276799383
54358466 145997735
4462314 29278227
27963174 741878542
20027411 697450230
42333982 754229603
39323198 547294943
86554991 276019427
15254434 55993963
67711359 796084886
78855106 390473880
1138771 863323502
3218469 113054406
70646158 629634493
30051938 703257647
9698681 743014869
35190937 164799512
37202591 453395234
6707834 546930507
24539719 131281107
78554165 883817230
77124725 578134807
74042853 295417901
53501095 588172756
12316881 981404820
91924157 631800393
64251081 110751161
3821788 697196527
95975207 894203352
57454102 696851847
30579616 75955921
39481157 159585230
49264706 136379255
69008870 166785777
27207108 216095514
32169985 143932267
11058303 357852665
79329625 310279358
31905894 253655196
27529419 64510950
18538393 168173499
81700921 921540242
63880941 405308220
25480179 829714335
84914056 777876565
25743721 744296276
67023403 817450579
61162750 713050985
12637047 549061015
80335618 497152616
82379431 550204388
56874035 445829842
84062162 723327252
60354063 387730454
75301007 279842513
64788883 712917201
67391138 248143285
46627024 908975356
35591578 525948709
40045355 163932490
12582515 567526309
67505687 643286955
92130781 855068712
85198040 595309866
85839161 961151807
85466394 185214277
86178252 989678416
46503934 729362679
74437218 260372079
30298879 495186761
6219164 466331037
911104 229651613
99074497 137995320
92399515 508648907
64713930 309073371
28111980 142254353
56512124 306050026
55874448 141186627
33152994 347159703
82194051 897136128
30658672 919229667
58651636 386691938
21719477 365343663
41460285 142817937
75156012 734354293
98928048 333138036
5433251 942687698
65226551 874340396
79496162 441342558
47801878 502711968
42307355 367511790
92335866 863525038
90485289 404468285
14153794 537877426
2567999 157725259
97878642 655349782
35676080 527922350
27953124 820653414
1656536 488509608
93946614 981366622
52159829 942620442
62368375 500610605
44796619 387941613
32208077 671028993
48188858 845717812
37225429 460149097
23518680 213838884
12005519 134601170
42668367 461739972
10403564 47561868
28734556 522699286
16614179 860546190
92303413 756049640
73796024 683567795
63819648 370501822
41568538 960380646
119465 795624377
37274458 221304140
47502442 945800983
5189670 408371110
40290511 622158070
29796776 764436356
87594079 283978226
88122231 383222620
5387615 693695000
36362533 286082685
96687307 397380535
54039235 388635833
53418430 269833904
74879451 473907819
28805980 890390092
36120310 538181343
53435316 380715221
81116382 542808255
40703608 243512253
22945570 844290441
16457159 66827521
16693747 319551320
79534422 678332654
24251640 488325306
56932644 903571060
4237671 717699348
56609723 70252923
86187298 969282503
61701343 674989346
24809213 190959981
44818968 817246781
19653541 324135479
81687131 564534130
95301056 498970626
49924590 264823194
20646548 449706853
35398963 484189025
2334500 88203746
77837810 865742046
33797519 190782705
46413566 553606422
51258393 726657406
47839822 727751920
65360485 404876691
28627180 582003990
79898711 877969639
75224604 930188471
434677 931952940
84526740 448975320
32154316 881828176
55624341 528608000
56889202 142047222
40005303 596106951
90893224 737565277
9679824 249468434
52749321 248225050
24575370 907589020
67544928 751016786
96774465 947574416
78660523 688349841
28881823 548586395
4137649 86220653
6850755 787546207
1644040 601593869
50325637 423492945
16251431 374236680
9717965 391852992
77210718 408180714
5230031 257341462
99824289 471205973
51539517 720970781
59905233 927005585
62244928 62765478
26669633 542760521
83145464 869387614
20553763 480425747
53590905 263105714
11927696 576303306
42045891 690759849
58769122 959564499
82665792 299127116
7382371 684310858
58027400 886533417
17734848 894964448
15569697 159244279
68957421 850836032
62552151 500203494
89544358 888554078
62772419 522158025
36321380 752253654
46512479 502858471
74008730 975899476
50720139 922116215
13818625 691949517
35134297 356086867
43301781 623586910
55406532 57280286
83860489 956323923
7390246 681325786
30657025 660978811
99264297 657272283
81389956 568122907
4993708 606620442
69958764 70178832
53295341 298412532
23084538 868724455
82976572 967751178
4054314 697753463
10777357 507766907
64914559 895335002
8213027 250003314
98062798 945368847
17109025 480172183
48101628 116812691
92017609 254947112
51875426 563338425
95405286 395715436
25742216 823529012
31940719 123527846
95212971 777992550
5769299 586242690
63700717 777011164
66449785 319664349
44704271 511187048
14173509 180212897
67404615 677742698
78134345 124554303
66862500 874403788
45669219 137835101
60407833 140374180
31632098 523225503
58962199 614135273
26053105 212700636
57199409 912666584
44686735 301089752
78175518 128000183
1797961 725763527
85302326 330652065
75629730 749846251
85269548 497327666
89580770 565414183
90841044 845685628
24974697 284948919
18247179 287892978
82399320 987260137
96191352 350152649
36427724 42949819
24774625 554119422
70735175 178985394
75671523 151625206
79008510 850626021
64170424 179173562
98535238 310928108
50961768 844478053
64910756 305764545
18694435 315147507
10015069 922479375
55697593 178391389
50270861 78361440
59484638 496231472
35265699 947993055
60460465 891241667
7806215 358305820
87199505 361764773
35144329 63315272
37758492 967093361
33722707 200040932
53658972 772430670
1353239 619211284
6925197 490772973
29009335 950041134
43342216 600170789
15350645 630763664
99888148 762512618
53538132 760040246
8711201 388830439
99229612 842277593
70970713 777173251
11065925 322261648
38867908 670741761
54288539 329433430
41054115 94937088
70776412 650010115
13856909 963757062
86874978 648105901
6620740 702573721
79664628 428483598
53800568 564250120
60031771 712340166
23124694 607001217
67466465 810621724
66320592 733755682
319127 483112072
62149580 945311141
59081406 218447571
67129190 592943920
16826937 760177094
72102577 374799143
696281 80373196
29942548 378413538
97405154 214501859
60941552 445454961
75585299 489278034
80052795 524951214
95405320 873266878
93194420 290444546
95452105 800935908
85324171 114969823
78995116 602919296
30027919 52415121
39538287 639659984
75877896 198979497
20257062 188979181
44719501 78775292
9085427 255069293
4554647 517600768
16469642 959133846
17232533 59135878
5874076 13759405
2918515 264174459
14000288 939328783
72176757 168427327
45828708 805618853
28399027 356305043
99821769 649243755
48689577 281519136
12475753 427829408
12713301 343680023
92468633 779693390
79553066 176665914
34064341 678620740
491277 261014733
98195055 712318897
55729719 594327105
88360650 90922435
15925182 491108459
22788906 136817314
78769370 170897328
8456146 729177680
64429601 801035134
40227737 954924594
34992291 727952706
11035548 498840009
76738558 317306357
31399846 459143780
61553452 516146715
96999033 500164558
34970435 115617041
89700398 92692636
14809667 350937895
21458551 373677680
24870778 795715181
30528966 87102438
50600848 584683727
96833526 542491193
68695914 834190727
99742433 202602931
41379426 429111137
62233696 386966906
79490629 286712803
15859082 624612986
10926790 398968518
67260657 68674577
24477417 347500990
48058382 58586007
22455510 266962338
73102811 139804181
43531189 120028576
10417260 124519234
91305453 398414964
39079444 382631959
51766025 78607127
62551640 314849914
50095155 109930186
47141940 751343880
33859108 843598432
70878170 232824340
50984033 603047556
95983628 353206545
65143412 499720802
24626365 646145616
53142014 460504466
97767077 824613365
71025372 640413817
42491961 419711941
24208598 978700664
15080127 725046967
96675596 328718574
72422166 810042771
21186402 263874810
26653707 657534190
46729496 410534411
4433162 951162746
9918702 926975836
87162614 892844771
21015067 256297516
76274818 776249413
82364977 754249281
96337244 102945846
20455062 803707941
59989781 568534434
32625698 422515823
29313232 738262097
14620795 340169754
73627140 886609426
43612615 194911892
48207190 982341850
67781219 566663512
18852763 266135631
73396161 125717941
85004699 851081947
3763164 554021197
78536922 822604714
58176799 548526994
77711172 554763868
76985773 624459131
10521549 593955027
67816811 880840593
20489097 228472061
60057074 509752916
80504110 740219669
86516454 543210248
36748675 691640256
5766219 71013240
2547680 32877168
59124352 746936575
41713739 602499726
58413576 403324659
97190729 891087074
70604577 881353514
14285371 746192101
6973463 574836089
24847751 300632794
76280563 184750374
60856768 366477386
69828814 356294434
9606819 526160164
35335961 588528933
14221436 462497100
71145747 174978772
97851106 507160010
28887898 43874532
5047571 844869095
2663459 821448921
72703141 385054852
75346835 547682861
62272776 69962045
19236088 785988603
10811346 114008382
68674756 904438886
40253396 892003344
62384847 884595554
51537163 343622045
53277120 847979658
8265608 529677362
68604172 516856279
97954118 117555635
16654549 298100713
98161586 933803865
88522969 734503728
70487754 895501299
50743994 553210256
34029992 530592139
40280494 716615366
39858203 850522498
77383509 114694189
27355482 822764194
37502737 499361220
82340254 206377569
50306893 718090863
72348249 890416922
31789690 209442843
54321343 311413665
10885110 820128072
18684186 36606978
54971162 804471982
24805727 550634162
22088743 632176304
45329634 639201400
13372473 528098249
80255571 468939609
64098345 486254904
74456706 978075736
21614735 521624732
33642752 195659837
30948506 141597427
3660259 900784941
7331528 847515359
73496246 97004083
4157692 163817111
14791909 950707098
90909570 881939378
37215688 392114534
64556398 695018914
22818070 274320539
64217434 815135769
3312907 230619282
98712860 109084856
36480399 188843230
15906766 997699881
79461751 116543920
80523485 948383941
17756490 297948770
38258796 966528107
50227237 476544656
61102253 565794582
66780482 605719361
63209627 203453648
93404156 813375154
55662902 920016685
95769489 856398906
47011929 699714207
71465242 650551985
85904700 604363667
20602572 837982670
20542090 807564644
45312878 508057695
29211409 972710846
1324642 262252100
24873036 571630377
95713521 512128576
14477984 578721568
64973545 773077855
38994026 284399226
62664330 578751529
34777732 650128558
22547031 769321673
37323402 713917875
70653174 609469604
21454098 241719843
86896827 334573981
70285452 653576561
13326601 495758383
92926041 967219595
88940222 979440796
50265899 940475936
54610833 491263008
71361643 267981436
32188360 813644248
85699793 878226293
13512633 194050413
90973333 791724134
94102392 548619328
76270973 140202865
10022666 61463481
77781379 194347468
78530130 471417456
60605228 251922223
19319101 436267702
35617468 917854905
59028092 319126163
37715355 314895156
79684651 83175715
3143583 936383014
63981495 312837256
20511064 655951431
85252360 722177400
63391910 569016718
26703526 780935257
45933921 211810675
13962139 153328745
21328705 615104194
85448953 425845332
23477294 691349397
27920445 125930357
56891513 502097339
38960284 914882834
57020689 270073457
9609450 903457547
28814205 238851793
65432168 455876893
79741721 97002779
40429533 925746230
22305751 354591048
16764032 833824639
13831017 309516838
75343652 609565234
22836962 458359308
51278461 727921283
46193327 703955935
62575100 799784045
73937906 367723199
79904466 82938204
65015998 834603153
56699858 212245170
75109407 651632019
36297257 780282947
7720082 189859407
24018378 695457100
13898117 208474172
36627200 290439588
14417009 902018168
41181225 610004161
32888668 565935996
19311319 637465603
15220596 400086774
80117489 817862137
86270833 166433423
34654110 667781327
48971782 282638888
16137143 697292663
94237210 176941366
86915392 372428338
63182178 444196848
60832849 112418844
99714171 839252891
86051347 545381416
37381663 417072558
15683907 968671784
6646502 987472241
70663228 943743794
47147227 153835419
87276338 557311193
66385468 625892307
72442041 960179467
24385205 631066380
63929790 688292910
86309501 923989274
72296634 878605159
48621926 633795189
2306436 794110430
64875268 448576452
61576206 662981060
981008 81160894
88060036 980899726
30648709 269773380
23111552 933266640
42275711 495354088
22089010 819633709
39148426 310455051
77659240 660629613
44559865 137164626
43476351 916682110
76404670 758007103
67633537 975853199
67128715 261915192
67452548 892219372
83949670 620337328
28466537 913544524
14466287 323889173
22415430 841479218
4957473 761671596
17787685 955182829
70790184 402812399
21983023 58302246
38950364 970009549
27094998 789461588
45743965 464467256
33107758 494135028
842305 858021995
67866634 950805469
89017469 921359871
565823 491433977
81730856 90928272
96825765 878759237
66523931 199766076
66287086 983692209
98635708 622546270
39976866 964360146
22094064 454430187
11643768 946071584
15002382 520473985
93583402 745831986
30929977 52955370
20548658 770861048
49092796 363633170
91557761 845048147
42431063 74319497
89952227 640485465
86989046 314042590
39482645 291184812
45758736 691463622
29791087 567558027
21934190 112375004
47522067 622245866
25410780 395273658
71559325 355157823
37291437 991756624
10689586 83956082
38075241 698164465
68328591 980362286
51385615 303872307
18017118 401158637
96570676 710245011
28059957 265699824
92757938 897897261
76584351 993292480
85844868 756844222
27953532 746984193
84189367 997766769
23778182 761792200
21708574 414537690
2644041 241640964
95596204 878783558
28383595 45283604
77698237 81573314
22582570 69007997
96083146 902820346
39130308 319907657
2917825 201963675
56486035 324658322
83898912 335522588
8112555 63542961
37461263 581844419
2000779 911367189
50248093 667798963
52072699 956921814
52792842 849996797
27448766 719738939
97218809 932823788
25830923 562478231
62318305 431095257
78092795 927214760
46981461 577352751
90943240 122659841
86663913 492904104
98848602 728617029
78593120 574355267
26623978 546355018
99598854 227478495
61160720 894853391
6337114 752124806
70657128 611157016
5048610 319411418
30081442 431102689
61159931 951124984
8978558 601506645
42401650 874181602
11307788 259346216
66482386 550302819
70386147 150072130
78023904 868521153
62909084 634413018
15631198 764023335
562828 495063237
3237324 833691690
31825300 881784868
89225471 888922453
81842903 267247474
38407223 386692610
86396129 834745738
19603693 167639906
46520281 238997146
66302648 678031637
41077461 964662365
7676582 617413640
16854955 253438009
2674762 62991240
96855198 280123001
41317446 547974502
9782964 169464447
1337766 904427120
90624850 882390481
22870889 839022421
30194900 954739394
42588053 142197943
79995444 527755570
17278312 500444475
7349226 121985062
33838194 802312993
36698619 582454058
35241658 412825297
34524630 156495095
47079544 622893539
89283992 294608371
95253447 925075927
92542672 524696893
96649319 701001610
14084103 195570027
14368909 780711954
69969169 745394166
48573634 66273851
89748857 774781529
53013441 197826370
86460311 778954380
7010648 531305873
39371511 720294182
63915198 790019711
21839702 860656899
37843924 702112044
68421087 833029708
2101538 298182200
86980712 304920344
1116023 923873009
47650731 724895709
83755393 699178162
67898267 947265567
93589043 308109606
65346717 544616965
26996699 41810928
61497259 140603691
85005953 936072391
85985776 209255324
96117160 423936264
72303343 818161215
93898558 948304376
51232745 724180422
66666732 150929164
79602226 472392501
11648121 379514648
3019906 4678303
36958384 88414064
32015098 476135070
10350812 270570270
82958564 305401197
8580938 63875018
15567959 202547357
92479529 843360392
68847226 427537828
58948155 956895999
21980630 343073963
21152539 971961422
53536163 143667013
41465513 349363862
21425067 549178637
12251391 616612911
62556068 102051061
17224776 445401413
38974957 901845535
31902273 588851619
76317572 676989593
95394092 656106131
71378538 413287682
1151217 20294440
1171329 359737371
98396176 273636230
29046389 848905835
19805108 948543680
81431983 377780570
56081290 861724861
524163 791224012
77633254 542180631
24841986 479572050
19798827 400383981
44765234 743347827
64812576 352047241
91580417 240583546
25377096 526680262
56875052 314787242
55758297 780958682
12360086 42601799
4840107 760156296
91379771 405911013
66080287 261415420
69971050 738347102
31068404 238914535
66845077 482673963
86326944 843920897
119827 508677553
39488789 246438724
74172848 580870499
60624961 581968744
40408548 120899728
57298195 202963407
75163589 451708254
39541222 367879790
55019897 122270094
73510090 576341182
89697260 522628197
3283821 706321889
20087510 925046686
13398395 813979599
56047442 669416351
93549953 454819143
5731130 703403039
91539655 625566927
73001433 660724222
37372374 963606823
14921871 881444484
70557117 620528766
11088852 438691841
3327199 868525065
2118458 840381812
77665465 896101253
87293656 206559159
75897567 855095977
55063704 79364685
27943403 975877882
17400359 986835610
61498419 302309809
31447363 189085555
28106966 957063988
69751885 813055209
91203494 993992530
49257206 155468704
50381757 800272345
78442003 239948918
14931042 434994052
11846362 796183483
48297753 51592588
80225518 817714169
45158480 53608106
75222565 630396572
46367504 780789088
32356081 762699125
38544686 834637347
18385652 84436885
14899214 899033877
58227801 224510747
42916547 485813078
82665876 779054295
54589683 927179562
88883292 380666855
62109201 208638549
82248277 349676701
31455784 188011132
58359045 644753354
82793717 311689435
10006663 725204883
62503844 668821871
57879076 933985879
23154982 760089458
86643038 349786548
8803813 947321712
79412411 810363355
57656690 676873422
64653102 430396901
31305321 938562471
87202985 541085534
42442069 575536271
862347 280467266
21043466 216170597
86654729 591528574
83730251 298949563
41596098 458937840
5846995 615606280
37289001 373717444
31319082 666128411
67471062 963172754
63703671 265878976
