1000
60319612 473194371
56473381 178088599
72763996 116835524
8984853 52900435
99014452 995837731
22400782 941883430
37711917 241873906
31192291 364985973
11809111 593379282
73589028 590120465
11039769 798006656
54250479 591670865
14854335 525823564
26856639 427440910
68272425 513126961
22748367 217019432
3376323 464695785
10327375 154240028
54527070 263242046
70686672 764111206
30296069 960689208
92635594 167186853
95375282 347316576
78363094 301235761
86271995 748714370
40459873 884297538
51558590 152595489
56718212 112807324
37203180 650798345
92714078 614446346
20523016 702568398
42769704 300984522
80223355 445908527
37491166 499232448
87035794 301573264
63043194 426966299
42455752 709633266
57367864 984791358
23697202 146783344
63719605 117972272
51741851 157526059
60211758 575416467
41850047 542672102
47603662 178226100
88250130 985112683
4049589 173017374
68700163 360102988
74332896 805067987
53389675 781586488
64878411 606855174
66209086 352856206
37242710 586163608
96937057 780346122
30077115 659406340
12015160 358124026
26776221 908520688
18093607 210714854
9721124 952527925
39465365 525500883
94186239 830291301
3648454 502030697
90626641 774636337
41919662 179665781
10920881 867016843
851383 778476856
13592254 739919925
26458620 392689973
94413122 102448040
97557191 316495488
84708263 418131621
9987920 328608374
46285834 272221429
11634801 44732179
17724708 632454952
31349180 797048634
6519556 549270582
94749884 130863024
48940436 138977251
77658656 988817759
51937755 331799107
78294580 472599413
3507167 618322655
32942919 631955923
5123569 247049125
68699289 95517316
98826857 953093498
45599022 520489043
62846419 369837283
69567681 79140278
9369897 539035515
88077735 968909829
32692055 993354642
38766735 644622467
82508248 963360768
49449549 857561321
50886573 414750595
74523927 154103314
97219088 904884290
5431311 32851512
90505899 792522281
74614471 895091679
42264673 399738503
89149123 716228373
93530153 504235737
53772355 907445537
75364114 512658893
53366598 903196203
95941909 902638121
69479230 401598644
539732 514617537
23235404 38932227
72983405 535699568
43222915 696446918
50285485 730983382
61451678 622888693
14059521 602316282
27963684 905005914
23235365 133551726
75561700 457733804
13440445 192418002
77834768 363127953
1196134 877742337
64278756 904986848
92670436 279199149
22361623 668564130
90614045 775599170
11043015 741277473
27316632 988741953
15629064 551751776
19957821 585159913
95522772 173010291
56430878 184413850
28021217 132869830
59912562 696738650
93926280 214233987
24641278 744003123
89731114 224758390
34544642 860531378
47231334 651352885
67973522 678808488
93167460 210066824
12656626 69970068
32814478 819770092
31104950 622073799
66544787 836413372
30823087 335710010
78143307 218940259
7696382 203613366
40514861 512179615
43139771 791762018
53847198 657520909
16602970 23149157
70776219 537614435
30563276 307881816
94875373 304213424
17157104 848159315
15910517 58572030
64693999 335237173
59786185 440915830
26367404 281535334
7921757 659265650
95100644 528875453
94948332 622500813
9296361 741745449
15076482 883077971
18156322 170992693
26500344 771148930
43458681 320961356
39597487 726201735
75274889 228881151
2065332 368667549
58547948 105145572
50752603 783297475
54181458 752435215
53916051 253408737
19897179 761017817
51325117 919383249
56749090 94314769
33799478 847578397
44227898 631847226
75158392 387869633
96299902 518580174
13734598 720142614
14907752 936276148
62580629 415187107
20388564 436406396
95906363 529472926
68904350 465779302
39157272 820735691
14734286 315907668
83281640 768590220
71082800 590578958
89050509 484352819
14166038 200937817
86239861 908873804
47146231 966394167
27671079 737692424
91921748 639508529
36358650 851152882
42263047 888980469
96798735 987932123
47944802 795658172
78191348 98642667
97993453 172259414
19000900 632184697
44280115 442700174
17680705 58735076
59413447 455735263
42406787 83856135
30121811 978707814
91110814 820300867
62342311 182900230
22217297 425999504
83817176 149991053
8907327 668533735
47740748 102014485
80428764 267083989
6895534 413419878
40744649 642953682
21114211 782005575
48402329 657906822
56486696 718452011
69516570 628748648
85530192 513109225
84752348 507653263
37875077 704075906
65011054 484298291
75360627 241380614
53566821 595097309
66516533 995688364
97998788 679819086
15843744 92488759
74728861 398625495
64784063 236031668
88452552 682002452
32472373 356264064
82493632 123348766
63509003 139830708
29775635 503148831
56264882 786361392
36974916 165417879
71931408 747393447
54203859 298990044
57462199 495642675
65107714 328723188
16184294 499491521
48263645 244139522
23885253 485868435
35012494 509376562
91790158 391006067
35855471 58396357
38551561 520676838
73620180 438430744
51277594 107764981
85320418 159599830
88961721 420088101
52616523 205377848
84871438 532312157
90177332 784021173
17302737 129238904
84317966 643161045
15540094 264408630
63149248 603217762
25937262 904833074
87048062 432728696
7352265 866037158
93270146 712320302
13950496 191821509
73993062 232683083
96231192 728653313
54020883 481889756
67367330 631689223
57649635 347692121
30590790 376117929
87549570 561924315
70069236 722902653
37040473 855866937
4005573 205322016
26069546 642425981
76648914 127866427
75220422 403319824
87252986 211218826
26229826 339008526
20221893 949470078
11107978 882881861
47461423 333078377
23481072 709441660
39757668 562195585
2808840 601187230
90532893 249801321
50623628 217821328
17434113 570709655
82222081 742423875
2484900 292942611
15823902 322045764
9141453 782114123
12754357 211643196
46411230 177821274
81033539 454992630
51760343 372218678
2775559 345886927
4132816 357799921
63564360 387872157
43368595 752198452
78446876 560286198
1830226 571052499
74775027 538308621
72988043 472054786
41605191 750248634
7457557 790883183
60690737 451891086
84407661 296877708
99274626 821360337
38214123 285631315
87623938 788234669
29593165 509721475
61884444 901920957
13914354 21880691
41626588 844436922
57599725 906720361
9641651 370858238
75687845 582485558
10844780 307746475
57158441 790986629
72358320 539754794
89287214 175411659
6451377 275003166
30042798 459028391
55458712 449005399
53645351 632756486
84765318 961160943
72044147 824573125
52431635 333172945
79636523 337681164
35164294 732812035
89102627 968343137
27174607 790462281
61758260 745919930
588936 117095380
94810400 400728468
74859408 470437027
55401397 457689184
50931843 609715477
50781204 81023269
46998963 595306924
83478773 812033997
89440297 196622239
41197020 95944195
52348206 895145706
7291841 141279280
91634282 759227355
21580537 273729645
50029672 385736970
57292057 951745643
46420904 822662480
55331057 617846189
54381333 889698820
2824028 665680006
35062157 91613252
49757697 638713905
39493380 249980664
66682069 504894375
32765345 403116257
84889894 556336370
52881966 502645959
47429211 367232517
43604372 403534339
74136833 426997083
4330731 333949395
79980348 149220748
66490916 358740405
28053096 354702832
49879819 651913656
27918007 653211606
18769571 632063688
67721327 244086251
45039323 529384909
72123262 577356786
78399349 906064137
43039770 347490538
28429172 214858498
20376502 946214659
60732980 348161643
32737851 333012643
44481350 777886050
70497313 736570155
63981810 745519056
14758921 887201947
18185980 184068544
18945021 192552483
22058329 430247811
65082373 298481078
77220866 671898044
54449631 208622717
9390605 21632030
16799878 632423975
12541770 493837196
85706228 234679954
79506349 964158958
75842005 879668049
68849090 162689534
52073799 135619512
69577826 678429656
2293058 463793218
70587453 639801946
95683444 927464124
65359068 734219248
39732280 994098418
62258276 624599454
60810498 787641036
97399182 594372929
54377059 748667600
1713980 288980140
52217336 690815566
73440973 156697697
47588467 905097889
82221651 897422148
36309274 368046442
85311529 905678993
27478435 840150913
20666960 825901239
88910167 966793856
90685918 305702870
34574707 313246835
31143941 792267612
87015520 570966017
21100832 374381951
81242148 510371327
61360792 446421228
10481494 437274113
22279019 960873071
41668725 561011651
11050672 202291801
39249020 47682406
65174307 271930781
75969499 188615374
93248338 626470335
19085511 422475719
83263688 225717131
91435124 239607069
5729904 602726604
28667425 257488444
78353813 211702200
8639825 153449867
7221013 495289290
68825568 82156090
46829293 877073657
88448872 930768759
4346962 744489213
26948752 601860935
40802944 416885280
17559160 304746488
40120192 190181221
27019473 841702126
97993271 352624820
15943743 211573113
29881304 815178896
18815876 722325494
95510063 376620586
99860300 999937988
69538514 175681297
5886297 157405393
93303857 856514310
28211944 932725404
32875289 471686928
15845169 231572519
90953408 695639967
7701897 63275204
92479334 276418212
59352250 583167102
53876497 684309794
86753868 857675005
83773938 827297133
5868615 10876920
67926378 976005965
25913866 950673117
40142417 584479177
71811937 284769726
95381139 672997239
92885850 930412263
35353458 725710034
55186099 901276407
78999532 399606176
61124134 68469688
71000255 121099954
97693012 772313186
86236374 316797414
4690202 955000770
24433329 532220538
38002554 335130733
91291692 406352874
4388305 195354665
29966392 430561200
53067082 192656912
99979854 868107627
17368623 997350867
65794824 334754888
75088619 251223852
34519090 749891065
9011252 809193226
80790840 124171905
65394367 784043346
51478848 420243312
41391666 137163302
11964763 376624405
65041395 219279880
61703769 741631652
28678092 759236330
66641734 244960119
97715427 506421811
51313153 56453710
83159755 138588545
52922264 546186694
53116625 525535117
99114802 798681452
97265747 636603638
76138868 605382894
22898521 61093855
1115850 106950670
1517913 169085640
91720037 752022443
96234976 612318619
34590586 107103127
21516400 160014004
61949542 479782917
42001389 976975410
61007302 164468703
33066188 549938995
1979485 522257298
56653855 282207272
43614933 876464300
38351390 138274705
54606426 596800200
34068895 868425757
87175200 866555642
39257550 175276048
69125038 257678304
59972298 544067682
40913234 604437914
16626618 460000263
12139329 30082788
49880953 484613121
6322578 766101635
81519895 513563894
58397390 440379390
58690087 695000204
48683069 698060187
16680437 73592634
37908235 314111170
17731827 139446688
58949189 695712908
51283829 378924687
52366386 247126555
99312479 435191814
40793244 330416456
4822421 481409588
91506145 699383601
4676389 983141646
9157805 725840060
52717604 613934024
99806390 634807997
53527695 491933620
87124946 922332941
23526675 337022069
18135730 199514126
30535689 207311049
24351142 443488955
77094763 955840530
978837 105422042
38719254 814983840
67314736 703737603
41142841 847806760
99700576 300594280
62715818 832533538
58853334 508695093
28369383 525320181
46481104 674352562
58012660 948773025
93976836 426379770
6159008 991807385
20432440 656190496
64786261 368936365
96985764 809360330
47478262 285567658
30574251 92734685
66934761 950076285
34453065 169315131
60891196 566831765
7052881 521531372
40788921 853871062
11794970 239735876
40666890 583710410
70775810 85597834
66824910 162774755
10312763 151804677
83267410 406496489
88261954 174424484
29327365 826564523
92724137 773866711
41401643 989440146
83096430 134775343
11316611 662526648
51981878 282280777
61405781 128010249
61404778 203216930
29638309 425535848
89592145 491906874
97395076 262230411
18092860 290739699
30029275 658199232
73421181 194993802
9970495 651600658
76192926 645180535
30919641 838788636
37702462 279552635
10551743 205654568
9494311 786373283
63893474 642029808
81203961 617128801
18299987 140828261
21853988 719154875
20753076 373268799
82650276 693879373
50778203 226492383
68614852 600575414
52641668 883030953
71720535 120658463
64831980 635499133
32152247 403696057
55816772 128752011
83219779 950064325
66809612 224867219
68725985 991696363
24391324 518457718
1055586 247028770
94839993 158003889
84100317 606314562
29548128 138964362
6130374 324254410
54357545 697847622
64792800 407012809
88996242 508640944
84024789 242856370
12966679 226921798
1609899 360534339
57716239 381041397
87874448 592073610
52801907 798872529
69815952 747224020
37502860 729751667
9455503 848989560
21810008 271159179
58543209 740499501
38461628 825601038
92046057 140768587
67498041 473067368
45186338 118301740
66211314 731163917
7118037 54470641
61378214 290826485
61108278 112256334
62280716 470973302
3687808 192527039
48653689 253215819
67536548 812296613
40585068 760171497
51921011 664762403
39788797 978373179
12525766 932804662
47020767 655341862
81839097 493061101
58262389 600128864
79731986 849840260
91984415 766951011
4558676 785029897
1274209 96707480
34333390 322254251
41922745 267451097
24452545 303474687
40715615 800256696
32360651 208136013
1287407 744803832
96661331 921799082
12124023 910639744
42744320 169555660
97636269 365567648
72962707 336027695
95241127 192137790
70146026 150301072
18352251 391390487
43220979 59618459
79979611 777834141
36773323 224064197
4887912 87655926
83905103 850038737
97472765 391008147
58798770 668155470
71985549 500491501
21268778 731855020
88513776 969854089
26886079 602085841
35927708 724984900
8264263 906688397
88489181 945944394
55992938 360857435
29414527 326815534
35837532 367137278
50408494 585736004
2123730 151494106
25598102 917880531
41390393 327725938
55841980 273977489
42652835 863156808
45864357 759072295
63977586 956690267
38164518 348847180
74214817 434781142
1080946 965180734
40564310 75130086
47285517 132579256
57672468 106790553
36537312 155814215
21518749 595287442
54856327 521468341
83134971 693473958
77145514 255221484
87030432 906922926
36500316 264419542
64678235 332010779
62347821 143001129
61653782 309071748
87641218 444715384
87220597 198505563
13956926 833446371
49295556 561599730
7712183 235711363
85625873 701801140
75907667 331753759
79520793 902442864
11089193 32964151
62534908 361361207
63287855 129237576
86838720 944048584
32012688 448510506
66072621 387032162
92137764 877691677
76687303 803071815
36421760 277790897
91113119 314625893
48639185 533785017
3246219 944535016
10049442 891386907
32613035 334600552
86178115 294102946
65434445 132205922
87402628 892963929
22675832 435696880
69222119 727975656
50370527 704014773
44862807 767175666
13634023 861812504
6102719 722860855
81043803 685312311
96782177 857721369
66930780 180848212
46437321 216371687
8154834 904380971
85157413 598129767
79387962 699195075
4080962 572902629
68159828 646110973
38068496 81953032
24035581 664378152
27281149 160126372
67007292 667582482
9674677 626806516
24321174 293529111
65553624 572172107
56382340 295966556
92464753 457689687
37724621 52939248
30921315 682616471
63439468 961412107
83582549 300700697
78552074 391248762
24885277 85929074
56402400 960291542
60440843 887020487
364419 829381401
65587489 425799696
26921359 126911608
80274887 92968328
94348580 704145602
88625007 315227776
12975923 149326259
42746365 973098767
7560983 542820509
38114316 843423541
13534141 76955646
15969479 99783292
41359864 375900483
6918692 377146264
24458497 483417840
45567074 891552929
60303426 585643686
10913354 205360083
97881513 792414298
4387699 276429138
69298356 889020423
59882367 397830058
30518496 271392497
19223582 315725591
30732945 632772416
27556454 190885077
75572202 578068175
73297628 664230758
59985048 293791642
57631147 719963378
78581448 611051066
27476223 343667647
32038174 625905790
64106746 218741432
65048124 377130511
96213004 188170045
90483422 851877350
4071677 606174948
49914089 581520193
61871852 769827675
28908786 218896552
76096332 204839077
11970060 723831333
19940556 378633469
93017349 383709523
91899835 295271997
67844183 408640899
17807459 522109357
49033602 210875330
3519805 606357319
24541852 392282009
33555016 320324892
48378113 729159987
66574903 318028373
16462836 945614953
43748283 457693888
93430920 169076203
23120813 427898858
83800108 669989148
3486652 586040526
56283364 843523655
75329000 855216182
60038179 221179372
95385925 984179846
85863488 782359792
4458009 372709483
261272 716447136
64148710 588625263
81174419 929128011
41745711 527841106
71595614 922314496
56317913 616301968
83222096 802069021
24796764 243139183
22430175 513612656
33038798 985226018
28102923 877213689
46801217 834683931
37716692 832664656
12937489 30444850
87196633 936676257
4172116 231066011
27285157 603551471
31070251 531935390
54865915 373888085
34215141 360202259
5327 655248763
7814093 704926306
25542113 467677712
18010806 748189010
46158960 938540876
30506515 416372870
39314103 337087871
16018390 930537428
38512934 148335685
75107941 565364017
95571627 611332936
53273319 887218600
21964709 653831669
95898161 141014747
25970389 326211791
80428854 660013469
92958498 312340989
87219589 399599291
41601403 504206537
15264711 847782996
54602364 215774377
82971794 972529173
65479772 215781522
81721204 585629410
14156785 951203163
52921748 289915087
60840830 308104754
51802261 793767229
94324136 750955130
89399877 539852238
69371227 761476922
76376782 214888278
24691387 240112058
13507848 352608704
33171569 635162265
15416060 162161772
59286147 274468993
14917175 539065447
20257132 504060772
53703890 638310587
11407977 730309144
9671924 63527995
86377113 991599109
37164367 943587414
24649530 731440170
27825112 435728154
78936989 968467212
23933245 73554632
30021593 96012978
75012086 307675113
41892570 857438343
86475324 952962233
23149942 844532879
49682490 439990545
63758712 841359340
81260301 994684737
9403431 921009404
55233196 894516402
39805751 610736130
16362308 34284600
1119353 209791285
60040521 421799775
56607331 577107689
79342658 151801304
66098673 553035393
16105173 438872305
64082637 353610233
99872274 761985039
90535544 196256490
87810638 426775658
87936994 529194126
19197006 845203706
16485659 440751884
90696679 485780754
22013211 43075385
9936234 883434934
43361390 317404465
32663082 404819907
33475770 970574706
54294007 906480923
84871415 297778057
79695591 270716985
31264431 497070975
66577642 864053663
40648440 69960816
92679679 859838459
47167509 90049760
12598474 949752275
78824811 854385926
74333561 489992778
90403923 391693197
59961307 590457357
36867680 559443713
5722914 503090792
27797735 775911172
62983592 261462020
96774189 678585002
23420608 923718720
6738745 407128965
15025792 875344482
93438575 771449563
41619711 544554230
23953267 646181438
76498431 549305465
46787910 408497638
62800799 930263671
61830437 805891085
7534984 80646691
22198671 441653802
99626547 106772692
98787765 837970182
67064452 215141952
62333060 840154517
39799491 991060707
52060194 61983096
60268191 137364886
89519735 399167339
22864563 144905323
8587502 556754222
9988586 782126492
88224657 899106645
20782419 901297558
42093518 568373178
32339911 508112253
22330332 322961520
7904417 182069793
