100
26656548 374494490
25454567 566344008
58521907 771490514
7132460 335031506
70499326 594311076
9949792 55468434
30418950 470823127
94528034 693882708
27597326 462564241
67268333 349868466
42157513 401984038
4867664 158454088
74299193 133329458
41951568 575715550
46414588 544211478
59427151 244867161
30647901 145267308
88375896 670594555
86844095 164645423
81108029 994990290
1886730 582681807
48524258 472495269
18396131 139399171
18065586 180603225
56599125 518992416
38564800 959551313
86656543 147343348
65057623 347138040
47744184 715056431
28216288 409033836
6020759 115624448
20075858 778555087
59426662 596481728
7835291 39850998
64579597 413469854
84935615 692828173
78508264 725035548
1852772 141617202
10713736 373077270
38101096 864572907
99190714 969961243
1643719 816865764
21258065 288319188
59574670 601554604
14914255 831365087
47723390 921903403
79113968 770754250
52211652 978238561
57111088 987941436
75997727 263480747
14996170 730238473
23249262 527156066
55989079 801136642
83473136 817271101
30223444 966158367
73426972 826160181
13597613 701071398
41544931 483309942
53841118 846415056
86853385 900029605
89586087 957289706
56661115 495749053
86104418 277058202
42243549 794570176
12908351 529397410
20343247 97104920
19330182 665150768
92254891 158844069
77508950 156906334
88279026 519405696
564621 897238467
35181726 785707321
21917672 402480293
12458408 269367690
52070601 586049316
73676727 706494072
42253651 426840936
15985066 129618553
66776899 201438371
47605521 92874753
41003380 161268488
86440756 387244776
45962266 688653774
84612733 807574778
10904871 371566666
639056 212407497
82260269 551340521
25863832 171327130
88368717 917983215
84844004 593695855
13771036 267393622
41008441 458928431
98648360 206127394
34774659 634842428
9167631 141250263
41178088 217221029
4937736 425979390
9266704 376518471
61653021 818434576
60218614 209504034
