100
92957643 610954229
52928710 708356044
44949725 553384524
61282989 393480723
92867213 373466415
46751008 472599651
69768390 865292988
35640919 396366327
20723124 245751141
5371048 763248623
22893479 654872838
76567897 794425654
99210477 547985915
98945682 844622764
38889777 842761663
75559095 933953666
69796368 393389855
29173366 769525410
48672183 577755384
582484 358939991
44874983 279052560
90527208 455892446
58446397 459518111
92064816 589283553
85495237 703695568
95191202 462598732
46109732 251710724
32340487 377203400
87531510 319094551
68147399 911661367
79858201 555757716
97541349 605854995
566551 611993983
71088407 807477805
35627924 789202803
31644268 403521734
85156577 312363593
84760023 157627174
21286142 397202987
24350747 428967359
59599517 816487949
19429135 665861714
2692407 145235967
35578740 177606410
38365516 622356654
73091724 262052344
98797865 867666497
35570128 900959539
46398296 732126256
4270928 243516164
3865088 333545236
91969018 246427286
63091853 413765260
2581277 731656820
35370696 596498157
48604794 83750532
47403195 877575001
32038184 642029873
18288041 328093366
80558473 455711633
47736031 137355220
2699222 200803769
79091753 965573947
84979123 240401666
45844104 51052574
86171282 969225584
68287568 422493574
57290700 962106512
10850841 634485593
6218671 477079817
54101273 846076353
11516673 931693452
90429818 380039357
35754857 225432369
84635378 939496808
9212981 342076965
8957543 103711006
80644365 737815288
81010715 683348185
84280770 368924987
60954967 684030859
25928913 745143436
95893003 288805640
797220 83639327
71783834 295877003
80272505 846931919
68430798 382478004
90595172 409732538
34931872 444253757
73105317 176606572
7290434 267252452
17689854 190075109
16538885 516664432
3893914 16250594
45728985 272829276
26904586 175130095
87937286 149477923
63767514 457270506
15961851 880743418
40363883 520455898
