100
99609210 852711493
80520220 407896956
62828954 238286900
58710755 783988221
37017258 960217744
74452389 553691391
1153016 219041367
46037865 97479598
7869085 728369699
22995525 199939592
35987424 136503565
63083774 776808614
81302366 425097478
34160355 111859437
75387386 806235430
10002652 999689152
13763982 987480429
61040141 68595860
40398073 409689271
57237502 512509028
31094452 542927991
97963348 787528167
29054878 271025730
46628192 894850622
27422791 291311666
31663334 686848281
62959732 555701043
68667777 270947061
60908045 845830051
67546412 459890711
84785300 346837803
7604718 23679925
11594094 28492456
66373508 887621856
61172811 119665269
90910990 688143630
45168146 828097504
64892915 542561373
11901310 814230160
92233478 307265172
86825202 859383042
76099004 90692982
10827128 634468989
42603199 685999524
33553433 302038227
35799800 628558157
4992001 648450179
47237090 55383029
75584095 867330936
73364293 983912885
17811994 758725593
14523881 162554320
95652451 923950209
15011577 207517034
17926216 454112310
2394288 497177471
65995917 684581271
91812937 859766315
4690635 293722180
21814827 374672277
16522145 706203489
43119208 404686564
21035346 510494156
29673018 695154319
46345161 147606221
23539686 329070563
31408377 129805475
38127485 998464295
65566052 733197246
85047484 697483908
654750 910303468
88716213 412054441
73279827 607417813
74510533 526909368
76398431 491945984
82511541 121919821
49926404 813918489
28518738 838516141
50773329 408759102
27468736 241963929
78351102 825637531
16934160 411823060
37882544 899265555
32689304 991645453
78437384 84828135
69239842 760581527
11301424 283010681
23133212 734222761
7644269 878308588
66328708 698223495
63664492 507076031
39306987 940246453
34582559 45814514
93056628 724981832
30415592 368932701
81939626 321143998
97242553 717836633
17562660 612995687
3663113 756806893
28153049 866424162
