100
7674186 151873254
66883421 396581800
45797206 886173360
49221942 268682893
77470906 827291204
26125170 709331542
91566893 265460307
98521586 171772402
94573600 971321097
25136207 147418914
97982201 911775750
15715944 752201563
14520016 459534570
44981752 608122501
83244857 909494046
49773267 784624937
47398605 850697904
8886488 867577520
12895510 508255339
75717295 587855178
58716026 174030451
83323979 298896549
95645568 502208325
66719524 841327237
95083683 842366984
60854425 296225586
85984572 91189550
22557555 597494587
27493882 455773640
35749286 363308727
24161779 322780697
56559186 431705871
44312254 162898281
49994948 119318961
35399300 390360142
71242260 783498042
75939567 467519385
29801429 453790187
30284013 108927503
33125267 499326760
28901277 662268095
90690400 409482851
11227623 444014043
29240498 420735904
23133642 313740431
52678969 246334861
91299152 873666506
88854018 310449409
68109463 521121319
84150945 850486832
95567235 955314671
477454 370378327
40927435 992905031
13104321 643618829
24277893 227590569
28720452 403970682
5874008 426265526
96223713 747756338
86530388 268959175
81951737 902659747
25949727 573624321
38945816 399382087
19374818 181830803
50193082 391015631
98506215 897835415
14180441 712888996
18021942 68729647
20130376 849055659
18245328 391078459
99551355 231304345
39104722 532446176
99823069 696794246
70557707 854654396
8192697 825174310
69090822 710995318
8261912 671869065
35495690 119596173
23971236 51767013
47745141 389205828
71752777 799024885
1781304 720405201
53407013 829460961
95837099 755102475
52158493 539646756
94372993 562127967
58472788 950477021
98390332 861634622
23739906 792530043
44645665 669697120
87872593 498696899
91253246 129438582
13128783 626519726
92808398 294380800
71415871 649339550
26936250 618851898
8770910 319061089
46196135 930692409
4397133 797967240
87329778 316788892
25166412 640071387
