100
53 40
7 84
10 80
88 21
57 66
42 42
86 90
96 78
63 80
22 19
28 49
58 45
95 74
39 31
14 87
30 60
97 90
29 64
83 97
78 41
72 46
25 34
73 97
79 65
43 70
91 70
71 26
46 24
71 74
61 7
53 79
75 4
78 47
78 72
43 72
90 40
90 38
87 77
80 5
37 49
74 89
38 43
11 47
94 55
55 86
4 96
52 23
97 24
56 95
91 82
63 94
41 40
44 40
51 50
44 9
51 91
10 99
45 92
60 78
25 6
6 11
35 39
88 77
66 78
62 50
88 58
49 75
68 30
94 11
21 52
26 61
4 65
62 82
25 4
31 12
18 13
100 72
40 95
13 16
65 39
64 44
27 42
39 23
56 25
79 1
94 43
60 91
21 22
1 26
88 5
51 64
56 59
26 89
12 71
71 92
62 40
44 49
38 6
76 70
17 82
200
23 26
39 91
14 74
93 25
42 99
74 89
1 54
64 87
34 84
55 13
30 21
19 61
55 71
6 11
33 25
82 18
99 19
71 71
16 81
23 6
27 50
14 23
100 16
44 11
35 29
34 27
16 4
45 21
42 72
66 9
53 9
48 13
96 4
37 35
47 15
87 96
73 20
28 38
20 17
43 76
71 32
45 16
29 5
51 13
36 68
15 68
38 76
82 73
17 17
96 76
92 96
34 84
36 37
80 16
4 92
29 100
40 35
63 24
51 49
60 33
34 9
20 33
20 10
92 13
97 26
66 89
94 7
28 42
71 80
35 96
24 98
25 73
68 50
46 34
50 65
95 22
66 10
57 86
12 35
72 99
92 60
84 28
9 32
26 69
59 86
81 34
29 10
12 55
25 61
54 38
28 34
50 61
64 61
57 86
7 48
79 58
74 79
14 7
13 18
21 93
1 51
59 75
23 85
72 32
90 3
72 34
98 43
93 59
52 11
40 4
72 62
49 41
73 83
52 81
33 30
38 10
79 72
31 50
14 46
19 78
47 19
96 22
84 13
6 96
70 79
35 79
96 14
80 87
61 77
69 100
84 20
59 51
63 46
31 78
80 17
13 9
76 4
95 99
4 68
53 85
89 58
97 5
69 4
40 97
56 6
54 58
3 81
52 80
46 35
9 13
19 42
96 80
28 97
48 79
99 62
34 89
2 75
43 62
80 52
9 72
89 62
5 30
31 6
78 52
7 23
48 61
42 63
8 2
97 92
7 5
24 96
66 16
9 97
64 84
3 3
59 89
9 23
74 97
77 26
30 77
32 76
13 70
66 3
41 11
62 20
84 76
56 34
25 89
71 28
50 41
69 31
71 99
85 67
40 88
14 20
84 66
20 36
45 11
94 44
95 27
