1000
8376 3896
2900 4660
9407 4033
5184 7090
4836 3485
3120 3294
5362 5881
7058 6999
4674 6524
1262 2132
3524 5260
248 5578
7277 2776
8397 23
9143 1941
5936 30
870 3353
8617 8818
3267 1624
4470 5697
9398 4500
1223 6140
7448 7692
6197 8890
4439 8992
791 4922
5085 2087
4948 4413
5319 9991
9704 4039
3932 1121
856 2742
3762 7155
7520 5478
2002 292
3957 5352
3317 9130
1389 3087
9879 8947
5308 9285
6362 3586
6268 5341
7632 7979
1401 7676
1462 9005
6930 3627
9177 6593
5704 8596
4552 6815
6595 2990
4273 390
5655 3691
2763 7449
7516 6834
9033 8402
7120 1620
9881 8741
5029 3578
2093 2873
2937 4283
4960 4518
1320 7920
5028 8077
9997 4745
3433 7254
9938 6412
6881 7774
8570 2307
7473 7758
743 364
6324 1601
9170 9869
9705 1958
4036 9973
4398 5479
987 4778
8134 7904
1638 5034
1737 7540
6465 3452
4641 8955
6383 1612
3020 7778
1075 6072
1111 6581
1856 7938
7199 1544
4471 2711
7475 1350
458 3112
6976 2719
6188 6780
8228 5571
7662 8593
4430 8957
371 3850
1822 4176
4284 1511
5988 1931
6905 7677
6924 4976
3559 686
557 6465
2808 3847
5110 1868
4094 3720
7609 8513
4004 8207
1912 6574
57 1515
4565 936
9932 3035
4203 3482
7875 9683
2533 5734
9792 1602
559 4633
6116 6119
737 483
675 2737
4319 6511
7452 5381
4706 7359
3115 3144
6442 9056
6954 7016
4434 4822
4075 3670
875 9960
5862 2873
2234 2167
3106 407
6069 9453
6829 8043
5239 7318
5667 4751
3015 7398
2116 9256
9084 9057
7904 3242
3313 423
68 573
3955 7345
3290 3854
8098 4243
7395 8374
128 696
6807 7483
9775 3112
6602 9600
7000 5986
7886 5038
9604 1126
9730 3101
5318 4123
8960 8910
3692 6721
3876 9459
2649 8776
4823 8986
6466 9899
4647 3933
7970 928
592 6456
8394 7263
7689 8329
7505 1642
3450 3008
6190 4022
9701 8670
9608 2176
3753 2480
9885 447
7180 5773
6555 4845
8293 561
3935 9966
9363 7761
1290 9672
7794 6239
2295 6604
3645 9988
4546 8661
3597 6570
3428 152
8002 5271
5779 8098
704 5183
3042 4220
416 126
2968 1084
6195 9138
3583 5382
9794 7249
2306 8227
971 8501
701 7675
3924 2937
7328 6922
7953 7596
6568 6206
7318 7444
6474 8603
5874 1362
9681 2916
9607 3137
8739 6995
1620 4490
1143 4493
3020 3509
9767 3686
6767 9388
4648 5757
340 7708
7597 7414
2369 4230
536 839
2440 9607
5173 4437
7691 8796
2188 2677
8463 2059
4686 6686
3755 4166
8168 4373
7269 4806
7378 5959
6146 5927
4811 739
2977 1958
2154 2200
6046 6716
3265 7397
4371 331
3980 917
7267 1620
9168 2390
1013 6467
3151 2232
1479 3925
8689 8891
7760 4782
4280 3768
3071 8989
6947 81
7572 8039
7170 9952
6115 8830
4449 777
1985 2734
9662 5795
3401 5929
9236 9613
4972 7728
6469 2971
1 362
2726 8539
6746 2026
1394 506
6515 9227
2696 478
4971 1356
5134 1134
1389 1415
3948 7067
6868 8235
2797 4507
4614 5865
129 3036
5107 2786
9633 6739
7442 2768
1419 8701
4004 8143
4073 198
1043 5110
2962 6819
923 7061
827 7810
8105 5772
8206 7028
2214 5888
4445 4340
6838 4702
9586 1135
8544 3986
4026 9736
8873 5403
2080 2924
9155 2821
1585 8415
7225 3269
9531 6968
486 2796
9790 8558
2817 8804
4999 8967
4310 3263
9320 9156
9181 6445
7080 6071
57 4594
4434 3745
1666 6505
3150 2234
1446 6379
9137 6642
8752 1499
3999 1919
5082 6451
8671 3168
8689 3727
1947 4695
3475 3071
9510 6100
2164 6713
8576 7330
8582 2511
2514 7083
2008 761
9297 9670
4016 3692
7295 7839
1097 8089
377 9184
3333 7840
8294 940
6192 7908
4048 7659
3696 6980
1983 414
8333 9419
4755 6535
5 747
1164 6148
9556 1627
3802 8013
6476 5197
5706 5354
6114 1023
7667 487
476 4884
3969 9898
650 7550
7611 1652
7167 4920
410 4890
4868 9006
1153 1438
5533 5574
7588 7320
5144 4997
4665 6689
8229 3545
5437 7928
7035 4215
8659 2617
5777 6483
740 7056
8022 4993
630 1846
65 9503
3451 5562
405 6146
7783 9236
7739 6089
6981 7557
1305 9187
2703 9218
9281 9731
4866 9814
7781 1096
557 2014
395 7044
1232 1178
2245 2701
5640 5316
4364 8622
1701 2141
8893 3197
6624 2877
1291 8055
6598 8542
8996 9852
2031 8372
1057 4651
9199 8254
3740 652
8662 2861
5923 8943
6183 9654
2275 8833
876 8279
3552 7849
4018 9904
2942 4847
2732 6883
6368 4997
5188 6296
2404 151
157 902
361 7617
3860 6901
7470 5497
9821 8677
3047 7660
2140 9539
1266 7694
9221 3718
6307 4209
5088 3188
1321 7663
4508 9204
7369 3837
2392 9152
2353 3025
6705 4014
2195 1460
4715 9300
1495 1892
7878 4739
8552 3245
584 2869
1878 3251
7657 8339
8813 983
782 9284
7331 9172
5178 5561
2836 2786
5410 7447
1853 325
2037 823
5268 9493
243 7163
4924 9322
5586 6448
7434 1553
2590 4659
8916 2020
2829 8827
2841 7939
4886 3608
5758 3604
6878 906
5459 7632
8654 9413
5126 6111
6619 9621
2927 6749
1197 8656
818 2824
731 147
1616 508
9285 5715
2425 4534
8622 5364
2011 8777
5139 6542
5844 1516
7267 4355
9151 7483
233 2694
6366 5945
432 9065
4569 4280
9994 9028
1579 1290
9212 6164
1887 2104
9660 2497
6011 8583
8701 8310
4426 8223
5630 9419
442 4698
102 3006
2262 4851
6836 4450
1121 5618
9006 4003
9043 2782
6529 8090
125 1789
3661 1446
5109 8905
1496 8238
9564 8332
4821 9020
6696 2977
8918 5
1276 2597
7318 3639
3104 5320
9999 4824
1989 6532
6422 4449
8083 1251
9856 3780
6824 2745
9726 9759
8121 3743
1810 616
4810 3369
9398 1496
8391 3576
7350 5427
6583 3857
5303 9232
3226 8963
157 4581
4676 1418
7128 9772
6797 6658
2552 1229
6432 4696
9590 8787
6526 7123
7914 1973
3679 5077
21 2081
3336 4634
2376 8582
5206 1626
9656 2861
709 5652
2756 1634
4125 8609
4328 7257
577 5176
2072 1602
21 536
6759 4501
8940 97
9666 9749
4524 7136
2413 5917
4494 7940
511 8948
378 4602
5308 9545
1561 1092
2583 2323
4633 4523
2585 1171
7475 9146
247 845
1812 5953
7989 6393
6955 8551
31 6999
1805 9901
3651 5159
1326 2935
641 158
7337 9327
156 7216
7567 8531
4802 6889
2872 8428
6552 47
627 1270
223 7023
6380 2043
2609 99
9627 1499
368 3493
6282 9587
1876 262
3515 4073
3692 4789
7318 4142
5370 5922
5311 3507
3415 1492
4690 6851
3425 168
4251 2449
8962 805
9973 8539
8940 6937
3293 9806
1984 8052
4945 1863
7437 9918
4405 7739
510 7738
1469 4003
3958 6645
6158 6485
6429 6751
4002 662
7398 5508
6524 5078
6007 8943
5041 4379
7974 962
651 3078
9139 8957
6870 5396
8390 1967
5399 5900
5196 2830
3822 5960
8028 5375
8395 9678
9470 6365
4335 5635
3625 6478
4645 8966
6357 8872
214 921
939 9817
6679 3870
9131 3585
3697 2302
6068 9781
7350 2675
2525 1829
2608 6760
9132 4004
5574 2491
9807 1734
2834 3912
6356 8647
6164 1322
4656 8225
9833 7673
4072 1449
8916 285
4240 2544
3430 7216
4474 6912
5187 7723
7211 6978
6238 5316
3523 4699
9905 5065
6145 4791
8721 3824
9683 7455
236 356
4853 7008
3992 4914
553 7414
2668 5437
2173 9692
8355 5798
9997 8652
8484 7258
8287 4209
8366 6323
2553 8852
6598 6224
7268 416
780 7324
4863 1041
3832 5363
5 4147
2860 1188
3144 4955
2353 9466
2832 3791
6499 341
7640 6516
4760 6782
2347 3799
9752 5083
1454 7423
1175 1553
1476 9025
3567 3654
8086 780
2954 4765
307 8341
4741 8821
4697 8830
6461 5021
7627 5099
7561 6363
9706 8884
6092 5777
9124 3928
5956 8961
4239 493
590 8384
6048 7138
4456 4069
3769 8355
6562 9390
5269 667
8074 5155
4600 6192
1790 4520
7359 929
1402 6268
4146 4363
6480 1813
993 5420
2017 6600
1000 757
8739 8150
2677 7164
9478 8179
494 1067
3633 8298
2798 9476
3961 5560
6159 9072
4288 3330
7256 3923
7831 1965
8280 1878
2334 2251
5982 7728
6117 9725
9837 7246
5499 9002
1961 6678
3221 3196
2848 9042
2568 7162
3072 3145
2084 1210
315 9533
469 7762
3990 4190
3993 4146
7913 331
6105 8708
8756 5749
3956 1823
530 5620
2186 2361
7563 6221
7008 8824
6552 4491
5148 2116
3391 4235
6503 3672
5224 9673
7625 1062
9619 5972
863 9410
8269 6629
949 8393
9048 8328
7649 1380
4371 7366
35 1268
9971 982
3836 1732
2107 8027
9921 452
507 4437
5177 6697
6394 2458
3227 5468
6807 2182
559 5689
5495 5660
6180 8308
6972 5821
8048 9808
3994 9811
611 6118
8458 7885
5476 4513
7080 7414
5547 6192
7636 6828
9692 5244
7416 9928
5801 4789
1856 4763
2537 6950
4694 6936
9826 2886
1746 1214
2810 1644
9550 8246
8321 8882
7338 7322
4322 8423
5600 503
143 5100
3257 8876
6948 1009
2829 8970
5147 4310
3969 7741
4547 9275
1566 6988
8061 2325
6209 4482
2554 6144
4262 8161
3000 2107
9059 6478
9681 4428
1348 5272
539 9953
6564 3641
7336 2023
2276 4671
4249 2214
4969 7454
4772 5490
4656 1590
5125 8898
6936 7712
5999 5896
244 2840
8467 7726
5138 5255
2842 8441
6336 7603
8897 2618
8619 8534
7544 4035
7068 8027
5686 8209
993 9552
2594 3548
7523 4538
1608 2579
8138 7625
5840 3941
6887 8635
6361 2181
3606 1844
1383 3720
2846 9169
6077 9724
7376 8110
6220 3373
5119 1161
2627 7605
5960 867
4660 2718
4502 7860
8863 7707
8192 3382
6753 5922
9497 6642
3656 9335
1756 2078
366 9216
1095 2929
5988 2080
3347 967
6401 2557
1717 7056
6436 9694
9873 7733
7346 2119
4795 2364
2801 3210
3834 8811
5802 6079
7506 4277
2902 7017
9418 9749
8654 2791
4037 8776
7328 8453
9967 6699
7530 845
3768 6755
7743 8795
4767 4669
8796 2341
3774 8113
4922 4985
336 7380
3549 6855
4061 5240
2613 4984
4848 6792
9682 9581
5452 779
8976 8819
1782 6044
4106 4270
4831 828
3195 3608
2487 7479
7167 5506
9447 7473
7844 3850
9803 2919
1228 268
5329 3999
6643 1455
2588 126
6834 7481
5351 6533
4680 5602
4634 6416
2354 5681
2395 2591
711 4854
4349 1919
4089 1292
9906 1724
5481 2157
1924 4438
324 9644
8005 9889
1927 6927
6508 598
1999 9871
6225 44
3636 3265
986 2112
6566 7709
9169 168
7716 2818
971 9693
9483 3155
8148 1099
7171 8160
8442 6463
4310 6432
3824 6874
817 6176
5069 8438
651 5821
9813 8045
469 3992
2954 3158
8356 5345
8213 2429
7415 7472
4887 3718
711 6243
6636 8893
9258 4398
894 4065
7692 5656
1786 2909
5350 70
9380 6671
4439 8597
7362 7704
7851 8485
3590 8192
2197 5698
4900 6604
2262 6264
9132 4582
1904 7132
8758 8046
5018 4543
6723 747
5817 4511
780 382
6164 8071
7840 7876
2264 9344
3343 301
5609 8288
6155 7616
9868 3060
2310 416
3908 4247
7210 5905
316 6718
4013 1491
757 4759
9809 487
1154 9857
4753 7901
2959 7698
188 4848
1717 1737
4970 6129
5658 7208
101 8563
9885 6527
291 4727
1760 250
1609 9067
4429 5504
7485 420
8133 6903
6860 1740
7975 1119
2594 6598
4879 9962
4959 2918
7334 6048
762 6827
2431 6477
5026 7041
2526 8030
43 1726
7018 786
7817 67
9146 7823
2000
16 71
19 41
59 81
29 22
87 82
7 31
39 94
5 36
51 75
69 12
81 16
59 32
32 14
41 70
26 27
42 28
99 80
62 5
66 24
87 41
31 12
50 84
7 39
67 30
97 90
88 8
34 63
54 87
75 7
40 19
96 47
45 57
58 38
17 73
46 39
72 87
27 66
19 97
55 36
77 98
18 23
10 69
50 33
64 44
99 30
5 72
38 24
62 68
15 51
25 6
90 47
28 2
85 96
58 46
18 34
33 24
99 28
30 3
84 34
91 62
2 6
77 52
46 8
93 9
67 56
69 12
17 57
41 87
37 78
89 65
86 18
14 85
50 42
85 83
30 64
69 29
37 60
69 87
34 42
55 3
49 25
60 57
88 3
90 9
76 22
49 69
45 59
32 86
21 39
13 36
74 39
71 91
84 14
45 69
64 43
23 11
95 76
1 95
53 28
23 70
37 26
32 72
44 35
79 14
94 83
68 44
60 73
38 59
58 9
43 33
7 2
92 52
24 9
34 12
32 94
87 10
86 18
67 83
64 52
3 38
22 35
47 81
31 12
70 31
98 50
44 70
89 54
2 64
2 20
65 80
20 74
95 48
15 57
1 46
12 80
36 93
64 45
26 38
44 47
20 88
26 37
45 34
62 30
43 85
97 3
2 21
54 36
32 97
100 34
97 44
50 24
89 42
17 77
44 62
5 50
65 62
90 23
90 80
76 60
41 41
51 61
57 35
31 55
83 92
39 35
38 55
40 65
3 36
77 3
54 90
37 13
69 1
40 73
3 68
17 96
16 90
4 92
81 31
37 62
37 37
21 69
97 56
39 83
12 94
97 10
92 76
48 96
5 83
1 72
15 46
68 87
85 4
82 93
55 90
91 93
6 19
34 35
75 71
88 70
68 88
69 84
8 48
15 46
32 70
22 20
100 94
73 86
33 31
71 65
65 22
53 67
45 60
42 62
55 39
69 84
38 15
22 61
86 99
35 57
22 19
70 3
25 52
11 35
88 18
78 34
81 43
32 10
34 80
87 72
55 73
9 35
40 64
8 82
88 11
33 33
79 41
80 65
62 55
22 73
62 17
87 22
75 19
87 34
65 92
93 38
66 61
58 45
34 37
55 10
38 60
10 21
34 66
97 59
21 76
12 33
31 37
43 89
83 73
8 43
90 29
87 88
80 42
54 85
44 60
23 53
92 94
53 92
82 83
22 58
72 53
74 22
37 22
98 95
59 67
52 95
78 23
70 94
87 83
100 80
42 86
91 57
31 26
96 26
50 70
53 23
63 81
18 42
13 84
39 92
71 30
57 65
46 24
88 98
16 9
41 70
92 65
7 43
41 9
62 55
78 91
46 37
36 49
97 49
71 50
50 4
79 47
15 88
64 52
12 81
53 98
23 17
14 54
42 15
84 68
25 69
65 80
51 59
46 58
4 66
50 53
57 99
62 95
8 44
17 73
9 50
67 46
74 14
6 80
100 96
30 96
62 63
52 46
90 55
67 38
78 50
32 29
50 41
9 22
82 5
88 79
23 68
29 82
67 5
15 21
8 42
59 87
54 21
43 99
17 64
29 72
91 24
8 30
67 82
26 79
67 58
35 53
34 49
7 66
27 66
24 99
80 29
86 13
73 56
29 13
51 12
6 43
65 90
31 97
71 88
62 74
99 37
97 96
93 77
3 76
55 75
99 40
81 13
76 69
43 52
56 94
64 75
23 1
48 91
50 93
33 39
44 10
52 35
59 67
66 66
67 18
67 96
72 26
70 42
50 66
19 70
28 96
50 42
17 36
86 16
46 14
96 24
66 21
71 82
4 1
9 13
83 16
57 54
84 19
19 32
76 94
10 8
4 79
3 14
30 7
61 40
4 10
95 79
30 89
94 61
66 47
53 58
79 30
40 38
26 93
36 62
65 38
90 20
14 31
7 92
6 10
33 51
39 2
15 43
43 42
47 40
72 100
15 5
46 25
36 87
18 47
100 78
95 68
79 7
29 46
99 27
33 55
64 27
59 97
22 10
19 33
58 64
64 3
91 67
71 63
37 98
7 11
39 55
57 8
73 96
39 16
85 19
79 52
26 38
42 59
23 53
72 73
39 11
96 27
29 97
77 37
28 16
28 10
77 48
46 73
1 9
74 59
13 60
73 26
12 4
37 3
49 14
22 63
44 53
62 84
66 18
59 42
100 58
54 89
21 34
81 71
73 87
80 47
97 75
33 50
62 96
45 6
24 59
53 97
20 29
8 97
91 62
53 63
34 77
80 74
9 39
17 72
74 39
98 60
14 85
88 52
21 62
96 88
66 35
24 22
2 67
54 51
60 17
31 30
91 29
58 86
27 65
68 52
65 100
94 19
99 60
10 89
51 46
18 63
83 70
3 84
22 51
41 92
16 66
10 13
84 13
100 25
44 13
64 50
30 76
15 96
29 79
68 2
71 41
20 81
49 3
72 19
2 47
19 57
74 3
36 4
62 75
89 29
64 76
77 13
50 38
16 80
37 83
3 38
52 72
36 56
87 62
82 62
52 66
87 42
19 98
57 14
68 32
71 93
96 13
20 17
100 20
30 27
74 63
2 15
42 26
81 36
18 62
12 20
43 19
98 57
52 50
85 68
81 43
18 80
1 14
85 70
14 78
7 45
64 46
3 13
15 88
79 3
58 61
13 58
1 36
55 2
64 87
70 84
3 93
34 39
59 54
2 86
66 58
88 88
7 48
99 61
42 29
78 90
66 75
58 84
58 74
51 80
35 27
6 33
83 47
86 76
60 1
53 20
23 67
81 45
24 10
4 40
54 16
89 2
63 46
53 53
37 34
96 100
95 92
47 30
49 88
49 74
96 80
89 85
71 66
11 96
57 11
96 53
47 93
32 28
11 44
64 92
43 83
4 71
54 75
53 16
8 44
4 31
45 98
50 15
96 64
88 95
8 18
67 87
74 42
6 98
40 24
56 8
97 98
23 16
19 64
70 99
3 35
40 25
74 83
65 6
4 87
37 68
2 59
4 55
97 90
8 17
73 91
16 44
91 58
87 33
100 68
75 57
43 32
48 88
50 30
24 30
15 46
54 53
91 82
36 19
30 61
61 57
19 31
94 34
15 1
97 3
50 47
19 24
49 62
33 85
62 60
55 83
5 64
16 36
90 11
32 23
31 34
57 30
35 60
77 23
27 84
15 80
30 81
24 69
17 76
24 46
26 65
37 10
41 65
56 4
80 65
27 90
61 9
6 59
43 87
75 10
24 78
66 76
9 29
1 87
61 6
64 46
96 8
8 56
78 23
12 99
84 46
56 64
42 37
94 63
86 89
40 69
59 80
68 51
19 23
61 1
93 9
20 42
16 99
2 71
17 100
39 75
39 68
51 42
76 90
77 12
56 84
60 99
46 2
1 5
68 98
20 82
9 45
59 74
80 63
60 39
58 35
6 23
1 14
21 100
47 15
11 58
76 6
22 71
72 68
9 50
85 16
53 21
75 11
92 73
50 23
34 99
33 66
6 50
61 47
79 48
48 55
55 62
84 32
43 57
1 35
62 56
1 9
79 72
43 4
46 77
1 64
75 96
100 19
95 5
79 15
77 57
78 73
98 75
6 27
24 29
68 78
94 17
21 35
50 75
57 42
84 28
24 34
31 9
11 33
85 44
99 50
6 31
25 85
95 75
1 14
36 12
21 11
1 79
68 24
42 12
17 66
86 54
27 100
88 29
62 31
83 8
97 31
6 54
18 70
56 80
85 24
39 43
16 8
15 69
91 53
1 45
68 27
91 16
41 17
23 98
27 33
16 46
10 24
41 1
13 43
53 27
29 66
76 55
99 17
78 36
37 29
74 56
24 52
80 27
78 20
7 19
65 92
35 27
22 3
50 63
22 45
59 13
52 75
28 43
28 2
49 7
59 16
24 72
19 4
2 13
18 92
73 6
40 21
5 81
45 100
34 84
100 96
15 7
33 40
26 66
71 19
20 21
17 72
22 41
80 1
91 94
94 42
33 49
7 38
100 13
60 13
67 97
83 57
19 28
56 75
96 39
8 66
18 93
18 43
86 58
48 22
89 70
77 8
91 37
42 29
77 25
19 1
61 78
13 52
44 66
57 74
14 8
77 86
89 54
71 75
58 6
38 14
79 40
34 19
79 62
30 69
41 31
47 51
24 66
88 73
51 97
35 34
92 5
77 76
42 48
30 96
85 65
39 67
64 83
79 80
36 78
25 28
76 85
41 35
63 16
8 14
41 1
40 52
52 29
10 49
19 10
5 34
18 35
60 47
5 20
33 2
34 57
55 15
30 28
84 55
11 83
85 95
100 75
30 10
24 21
26 33
26 16
7 71
8 40
62 10
52 57
4 26
51 94
93 23
84 56
52 19
10 3
40 50
27 60
27 44
83 18
47 87
18 54
97 43
76 1
62 8
69 100
36 74
69 25
64 33
67 30
94 7
49 95
99 4
43 61
98 10
41 96
56 61
48 77
82 2
11 17
9 26
34 21
23 70
7 10
65 87
26 14
25 88
28 91
84 62
85 72
57 50
72 25
100 21
98 90
34 81
98 87
25 36
86 40
38 8
19 94
61 8
64 67
96 75
82 29
19 32
52 35
24 83
78 17
57 15
24 77
55 99
33 6
95 44
89 16
67 18
7 76
100 92
5 84
5 11
68 70
82 70
53 57
99 29
47 2
44 3
78 66
38 43
43 45
92 69
15 73
87 94
67 92
49 90
64 33
90 74
24 78
87 18
31 41
47 76
55 31
13 65
61 19
70 91
43 8
18 7
18 89
3 30
56 97
65 25
84 42
71 15
77 23
52 55
4 5
55 79
25 21
18 5
91 16
66 78
77 69
71 6
13 13
80 49
17 84
60 46
35 58
23 96
13 13
53 3
87 40
39 61
70 35
43 17
17 59
19 19
24 1
31 54
6 48
33 29
41 25
13 64
73 50
60 34
70 98
89 28
66 30
6 87
95 68
28 83
28 78
76 71
5 3
16 91
71 63
2 70
50 83
89 83
34 88
34 84
56 1
10 53
66 34
62 63
4 7
13 90
29 92
14 64
31 9
82 32
80 72
69 62
13 75
52 13
26 71
63 61
66 69
6 41
17 50
31 43
96 58
75 100
14 26
99 23
45 44
42 86
17 88
23 8
79 97
4 22
34 1
84 90
36 13
65 27
74 35
57 42
37 95
1 33
37 21
65 97
52 22
21 86
89 76
13 16
7 70
81 73
95 56
54 90
46 5
58 35
41 52
9 30
19 9
65 89
99 76
46 50
17 15
6 17
12 29
20 60
65 83
13 88
46 23
82 58
100 56
88 26
46 82
75 99
27 94
29 6
57 6
23 14
23 58
25 24
51 62
24 12
18 55
53 20
29 79
67 47
50 97
44 44
19 14
42 48
4 92
18 49
13 29
16 65
26 55
58 88
34 79
17 75
73 37
71 12
5 25
20 70
68 22
39 84
18 80
4 70
97 80
99 52
55 41
90 50
71 31
9 5
19 77
77 49
72 46
37 19
27 31
27 69
88 54
61 94
34 76
57 66
68 7
31 92
83 53
83 51
76 99
64 33
91 51
35 51
71 31
1 74
39 24
13 17
30 12
68 16
52 85
34 47
62 24
26 6
40 71
16 32
18 63
85 87
49 12
98 87
95 43
66 57
44 75
96 69
42 94
54 18
31 93
89 37
42 33
45 10
24 41
61 13
17 15
43 72
75 94
34 62
33 56
48 94
35 78
54 16
41 68
7 39
46 31
38 37
93 20
86 3
92 80
13 41
74 27
54 73
33 26
21 76
61 20
20 38
77 77
37 16
61 81
93 32
52 83
35 36
61 44
79 2
61 90
94 43
32 1
37 83
21 84
57 87
40 41
21 82
94 43
43 30
5 74
79 53
14 77
38 3
56 63
40 97
70 100
25 50
27 43
52 69
83 81
3 67
12 64
65 100
56 60
45 36
41 92
71 40
45 7
71 16
54 36
81 42
95 86
97 55
89 16
65 69
33 26
52 56
76 38
47 34
63 76
44 28
49 89
90 42
8 61
8 72
75 55
31 42
61 71
97 88
35 81
24 6
31 66
7 5
28 76
68 52
86 78
90 92
95 91
3 93
94 100
70 31
96 29
87 22
97 9
7 48
86 64
30 71
56 11
34 3
91 6
16 11
60 5
50 5
29 31
56 79
16 93
34 79
14 17
84 46
5 70
66 65
79 98
51 26
2 6
42 88
81 84
37 78
71 34
24 45
70 67
81 87
7 100
48 73
50 59
9 61
74 48
73 84
6 16
60 16
48 2
99 43
87 85
57 21
98 60
10 55
92 16
84 11
97 72
63 47
59 28
88 1
100 84
34 98
98 74
54 53
13 43
27 95
26 42
75 77
16 68
41 35
48 43
36 1
27 12
77 37
8 80
75 89
23 67
22 7
85 9
89 49
92 69
89 13
83 31
20 5
33 36
57 100
5 4
43 36
81 13
86 30
30 67
77 68
7 100
36 31
80 69
64 40
69 60
17 94
40 97
6 73
93 36
41 24
68 68
80 20
81 36
83 87
88 25
92 54
44 4
8 68
66 89
96 15
11 76
8 72
41 30
8 5
74 6
90 12
88 2
75 19
66 5
82 39
96 36
66 48
32 11
24 37
21 70
48 88
28 1
72 77
16 50
79 71
30 59
6 26
30 46
74 31
98 51
26 67
72 53
67 20
45 3
2 50
61 45
68 74
4 50
20 9
20 37
50 61
74 94
54 60
42 4
79 14
99 99
31 89
30 34
14 95
86 33
90 87
59 54
15 9
75 9
71 33
83 84
43 77
9 13
100 12
73 72
14 97
75 38
34 70
41 40
94 2
45 23
8 16
29 39
10 10
51 85
12 20
97 89
73 90
3 6
68 7
35 45
17 28
43 67
86 90
81 93
13 99
89 71
70 24
2 17
81 30
24 44
26 70
74 40
89 1
25 58
86 10
73 16
67 88
13 98
7 5
4 18
68 100
81 19
22 51
74 2
61 70
81 80
71 42
27 60
14 87
29 48
75 13
62 45
69 28
94 31
51 24
89 52
55 60
51 51
56 55
98 73
43 90
92 40
24 53
58 84
35 70
98 59
83 34
18 31
57 59
15 48
59 51
35 50
9 11
84 49
44 5
4 58
88 2
63 79
50 12
44 48
6 98
77 22
12 49
60 37
98 37
67 47
46 15
9 76
80 54
31 31
4 62
38 23
49 66
81 93
14 71
30 62
88 47
21 38
10 79
51 32
37 82
30 53
4 53
20 8
97 24
17 33
20 27
37 38
93 6
89 99
44 76
1 22
64 10
42 80
42 63
91 51
5 83
22 5
62 38
3 2
6 53
79 61
71 69
77 87
84 83
48 4
41 16
83 61
3 90
80 22
14 46
66 53
60 9
92 34
90 55
61 86
16 91
4 26
67 78
51 73
43 16
55 13
40 75
22 89
97 100
32 52
46 47
53 82
84 70
70 84
21 4
66 75
5 32
30 20
81 76
14 60
48 51
4 67
87 75
93 97
99 42
4 6
84 69
78 41
48 18
38 98
18 88
35 70
14 55
12 39
7 42
34 62
35 10
64 50
25 98
63 86
88 12
85 25
75 85
26 33
77 54
67 10
31 58
23 41
84 95
44 85
50 5
91 6
1 12
33 7
35 33
30 57
9 59
88 22
8 7
30 71
100 17
91 18
46 42
91 10
79 43
13 40
65 38
57 90
56 89
59 23
83 80
96 61
22 38
25 72
11 96
4 13
12 78
87 58
33 96
67 28
39 27
31 9
5 58
100 27
45 14
1 61
35 25
45 57
5 55
30 79
99 74
41 92
45 18
32 48
62 92
42 93
17 82
78 63
66 74
26 59
60 11
57 30
44 60
23 70
39 6
15 7
25 88
55 80
80 51
6 59
96 75
64 43
83 79
86 43
71 67
32 29
83 42
57 96
80 95
17 92
5 70
42 47
82 69
18 37
16 71
81 22
51 8
29 19
69 88
4 67
13 72
60 29
20 89
81 52
49 63
34 5
28 68
2 38
20 85
80 63
55 87
14 26
36 84
49 1
60 26
12 40
58 17
30 16
58 64
40 29
13 66
42 80
73 90
65 75
12 62
98 38
5 79
83 38
52 13
94 34
42 43
3 83
77 84
49 5
46 59
89 19
48 87
25 96
59 49
49 41
63 80
55 64
83 20
11 80
32 79
100 53
44 28
23 92
56 3
29 61
11 32
28 74
67 48
45 67
82 65
88 27
44 87
74 92
67 77
60 88
14 92
84 2
57 26
81 41
8 31
8 8
94 79
18 24
67 91
70 55
4 76
12 77
75 61
92 39
4 99
46 35
42 44
78 46
32 54
13 71
97 75
28 68
27 52
83 30
98 23
24 70
15 56
35 78
77 19
16 79
44 61
63 94
89 64
56 71
6 23
54 45
35 65
88 81
7 12
11 63
23 56
27 48
3 23
34 25
74 36
6 14
81 75
6 4
98 80
58 40
5 84
82 26
59 55
98 22
26 26
15 89
84 69
1 13
81 28
80 76
45 81
57 14
57 25
8 21
47 10
57 30
47 21
88 36
66 90
73 100
82 90
36 99
98 87
42 78
81 5
81 64
39 97
29 96
39 92
39 73
30 43
71 62
77 88
76 75
72 61
1 10
62 4
72 74
88 76
48 39
86 52
53 77
57 53
45 27
71 28
6 88
52 94
60 82
71 84
16 25
27 70
33 3
5 14
32 79
28 44
9 46
69 23
73 43
59 41
39 87
98 98
31 78
80 87
69 51
61 50
48 4
95 3
56 13
77 51
32 40
11 2
52 67
10 9
99 16
33 46
36 90
69 16
4 73
66 78
68 55
73 24
100 33
96 65
27 84
90 40
88 55
61 15
9 92
76 29
79 35
56 25
40 48
21 57
51 20
61 60
70 25
90 4
13 100
96 86
72 8
23 48
4 43
52 69
91 44
96 71
55 79
32 95
65 91
82 16
28 48
