1000
6017 7293
6064 2089
3224 2098
490 7497
7288 1709
1382 5499
503 5548
7459 2097
9475 7733
8714 5617
1960 6866
6705 2693
3078 6463
6323 6177
6020 1055
6190 7667
5373 129
7155 3549
371 5585
9025 4148
476 1188
9016 903
1337 5960
7421 1638
9245 473
5752 7473
2805 1399
4787 1742
9620 2263
4154 85
4912 2547
8455 6903
3959 840
3845 585
2874 4429
8544 1014
3516 5088
1410 1440
5169 2053
3415 9259
5534 7104
7569 8827
5530 8036
6997 7015
5139 8546
2951 9264
9916 9768
9628 4714
7865 4005
2535 772
535 6055
4559 8486
3663 213
7289 48
7374 6586
3695 8792
164 4267
5997 3513
4145 6883
4239 9193
6716 4397
6492 212
3708 1094
4328 6668
6358 2736
8240 9619
1291 1550
8190 1017
5195 9861
9394 1654
6198 6172
8105 9259
94 6668
6243 8426
1357 9444
2062 7642
2238 3785
6905 9944
2073 9134
165 5763
554 6284
3330 4383
351 6668
2253 1023
9971 573
2399 8162
1235 1506
1161 9416
6581 500
492 3872
3008 4567
5782 8331
8996 9958
3166 1480
1048 8273
3579 8375
1898 9325
6250 8559
6535 7797
3249 9053
6393 3455
6227 3648
7675 878
2595 197
6306 4821
6498 6271
1593 9219
5406 7919
5737 3536
8398 1915
4944 9870
5076 2530
4883 3511
8935 9457
6218 6416
2378 2390
2871 8703
9248 2435
536 9876
8356 2581
3813 4919
9439 5474
6204 7753
7491 8073
5943 1444
8096 7714
2017 7670
1826 679
5781 46
9398 8229
9240 9936
1569 9682
7884 5648
233 2556
4627 9665
3322 7923
4669 5604
6044 2373
4421 2856
6360 1455
6876 223
9955 4303
7838 2989
1508 6171
6507 4178
6190 6992
6038 2338
5205 6744
7379 7258
2395 2644
5943 9102
8706 7009
6671 626
7446 6675
8758 1232
5624 8201
187 1940
1181 3635
3061 7906
4996 833
2380 5698
5161 6898
919 388
8864 3957
6683 6529
1615 2921
6267 3568
6491 7987
5850 3
6258 3698
4211 6135
4286 1449
2070 1515
5600 4664
624 1844
426 8716
7568 5917
156 8441
6403 2371
4427 9394
1806 5596
2311 4103
3749 500
156 5050
2550 6772
843 6712
4152 1020
6043 2727
5961 735
4258 3090
3332 7008
8950 1986
1536 2130
1025 2221
8909 3728
7290 3997
6132 7211
5246 9987
1467 9491
1910 4372
5263 9754
6865 6082
7582 4284
3914 850
4659 1767
7845 9645
7043 6613
6321 4623
8596 7916
4926 7378
4980 3398
4536 5841
1669 408
1460 9531
8126 9624
3619 5255
1170 6302
2795 241
2710 8236
2448 350
3333 9837
2014 7195
5051 6735
8495 1877
9461 8722
1112 1184
2100 9902
3385 2623
8317 7826
5017 6117
7454 6468
48 3517
8938 2851
6876 7778
2063 6590
6630 4241
8747 3450
6143 1840
1022 9892
7729 7247
5656 1774
5259 1517
2031 447
4190 6422
587 7178
292 5198
7812 1795
950 3312
7260 1148
4252 5950
2376 8924
282 9589
2541 2274
1365 1553
8019 6589
9455 6477
5223 6380
6341 5576
2657 7183
4737 2039
1020 9933
7341 621
6400 7171
7866 5939
8835 8742
7090 6381
9960 8769
2996 7256
3850 8830
2785 4876
1860 6983
8710 2818
2510 2359
3295 4660
1969 3976
8350 198
3100 8677
9089 5709
3310 7908
1155 8930
4658 6282
9091 8379
7363 8813
3694 7574
7347 9333
3586 8707
9324 9055
9101 4063
5178 8426
5757 961
6354 9611
7459 6293
8255 2973
3198 1225
6389 8216
4626 4793
9183 6690
9749 9882
5145 110
6163 1263
5642 9455
2325 4210
5088 9114
896 1004
7531 6654
5535 9645
8418 5256
3642 7893
7278 4978
2189 8175
9944 3672
1407 7672
1901 3251
1805 7836
221 3516
9098 2536
8674 2122
7585 5445
7291 162
6909 8343
8093 7018
8022 2241
9144 3215
9480 2924
5790 8430
2942 2148
102 9774
4229 9669
5026 6321
5076 7151
9778 1454
6466 6712
1950 6819
8980 2194
3523 2997
9833 4378
7098 1856
5847 3609
642 3650
1082 8739
7183 6360
1478 9460
4522 3860
1581 907
1492 9302
4763 34
1773 3497
2971 6873
6122 1114
9599 3718
1446 2879
9454 5347
2480 7381
6423 8612
5947 6651
6245 787
5942 6819
9064 9048
7596 4029
8958 4318
3407 1944
1813 9765
4804 8180
885 6871
2925 572
6784 2676
5555 7635
7783 2575
6210 1980
4842 9942
5257 2327
8342 6432
9235 7459
3853 6444
2100 142
3959 1661
8859 5346
6636 6169
4794 229
3519 7932
1763 8337
4508 6144
9036 163
6008 5683
955 2145
9226 5154
2564 9212
1799 4458
5612 6789
4660 7725
7898 331
9056 9290
8528 5292
9443 7125
4550 7958
8798 8254
6314 606
6931 3391
3364 5864
2159 4267
439 3550
6872 446
6011 9526
9091 6255
4905 3422
7516 6808
6266 9313
2525 2476
2897 6934
5983 2862
2391 4788
9851 8703
1778 5453
535 4327
5838 6600
8655 8445
6574 8188
8223 5247
3314 9101
6034 9903
9792 8577
1568 5470
5779 6634
7678 7872
4874 3199
4159 7088
2155 3250
2121 862
9142 8114
7734 3294
9781 7965
6241 7368
4656 5336
9355 8398
2280 9293
254 1164
6663 3560
2973 9627
8790 6300
3541 7412
5149 2520
4167 1857
8752 2694
6115 9154
1029 3208
5826 8709
6892 1059
6446 1029
8080 2237
1147 9996
7631 4111
4258 5692
5185 845
5670 4988
4506 1784
6361 2218
228 9091
8808 2019
1029 1444
933 7333
772 6657
7424 9370
7579 4220
6332 8679
9272 3924
4906 8575
9676 8457
730 8149
1437 9960
4654 2739
6901 5838
7541 1882
1493 4131
9467 4019
3263 9022
8048 7087
3547 1870
3719 7336
3974 968
5749 3900
2824 8642
4417 3182
9751 9997
3415 4553
8638 5782
2848 7270
6268 2690
4543 5306
5058 7236
294 1712
1153 3620
1194 8122
6051 3862
12 8577
9018 3664
8156 8132
8933 6159
8418 1172
2681 8719
7460 2140
9560 7421
3316 2997
8191 1275
4711 4152
323 6009
3774 2367
8867 7158
7583 2172
5185 6043
7089 3432
5672 8885
7311 8078
6641 9782
3427 416
4867 8254
5487 8246
4645 369
3101 7577
2869 1810
5679 6608
1017 1384
9085 6896
4286 3250
3649 7034
4307 2856
600 7653
7056 5356
9054 7403
145 8706
9783 5575
2082 6460
5565 2326
529 7973
4560 9989
5383 1638
3582 236
2070 2254
3418 6106
4138 8750
6763 3248
5656 5959
2175 5105
1138 2684
1199 8281
3646 5873
4079 9212
3810 6016
713 8026
863 1122
5829 8624
1865 7416
4710 524
4868 2268
3322 7940
7342 3203
2765 8431
4700 1691
7832 8612
1262 5704
6006 2203
3826 1198
3879 1021
5283 3649
3338 1588
816 8734
9966 2219
9476 2306
6382 9369
5210 3859
7740 7873
4031 707
7825 6407
815 5148
2520 961
421 9620
4508 5986
4578 902
8267 8540
4581 31
8653 9065
9649 6871
4963 2294
406 2067
9214 561
6214 2929
8725 6552
1892 8191
8110 2708
6128 9592
9207 7781
2746 1225
3357 138
2885 4331
5525 9826
8721 9237
1286 7677
3065 9807
4063 4478
4582 3970
43 5480
5665 7328
9104 2312
1261 4867
7048 1669
8173 3319
4214 7821
8528 2608
160 7811
3620 4547
6190 9766
4868 1154
4594 4453
2805 6595
7384 1575
2800 1656
5777 645
706 6149
4082 9469
6308 5076
5266 6668
8551 7654
8737 7708
2913 3262
6676 4390
7424 3882
9928 8717
3900 4150
6415 4796
4739 3253
1095 8021
9199 1764
1067 8572
8522 2783
5711 9153
3250 6542
4652 1710
7157 7898
5060 887
9981 9526
2450 313
5980 86
9158 7780
5278 694
977 3997
4496 1770
3569 5894
4669 8701
2545 4540
705 5005
1842 3008
6365 3112
1186 8685
9474 3231
257 3950
243 1184
2474 5569
652 6821
3791 6769
3311 4885
2752 4230
9581 4843
6201 758
8358 38
5319 2806
1543 4587
6907 7475
8760 3800
1050 1047
762 6928
7853 756
5437 4634
4072 2285
4739 4594
6662 8067
7987 799
9650 4812
9923 4924
8209 9574
6344 649
5258 7277
3608 4926
9748 5232
7240 185
7161 6825
714 3522
7063 3362
2847 6924
3130 1106
1206 6310
8426 4416
1476 4022
6485 456
9997 2462
5971 2675
7494 6719
7229 3141
3194 8472
943 7242
6404 2926
3831 5090
1927 6137
7793 3441
6131 6208
8512 9583
4425 8604
8203 3932
8877 3591
9346 3597
7946 4618
9696 9135
9362 6500
1533 9080
4605 9253
7643 4296
7936 735
9505 105
7133 7461
7782 6221
79 9816
7158 9960
5199 3681
6857 231
7067 8741
3924 2338
2623 3166
2839 5117
1842 5974
9745 5410
9982 6621
1738 3458
386 6910
4329 1136
8480 8425
284 4265
351 1276
7938 2201
1820 685
4483 5303
6133 6254
135 8308
3258 5907
5048 7319
9725 9451
66 3374
9522 7294
4226 3090
4667 4712
7321 8765
2766 827
2759 199
292 9748
2592 6335
2646 7215
7225 2128
9513 1876
8123 1702
8584 8092
7372 544
986 2704
2161 6475
2456 4824
9124 5280
2733 3808
3504 5469
3316 1647
9767 6096
4754 1308
2641 53
612 8653
3724 4300
5494 5357
7698 4483
9235 5106
9252 2096
822 947
4711 5833
7410 8646
383 9656
6587 2281
7349 5363
2406 2624
3663 1007
2264 6881
9527 6377
6607 3799
359 7472
5765 1118
8076 6795
2886 9889
5171 7325
8713 4117
5665 4397
3153 4594
316 2878
6048 844
9913 8302
3550 4427
5811 8197
3778 5641
7685 9715
5899 2927
2565 6605
4075 5898
2273 6267
4003 4967
4245 6209
3634 5873
1405 7677
206 1
1344 6757
9682 7336
3227 7799
6880 2289
3429 5218
1882 1657
3824 1216
6864 6082
9140 3933
9646 306
674 849
8674 8227
3328 3816
6868 2500
5191 308
4955 6191
9463 2352
5921 1901
4820 4542
1400 1309
3213 6502
8198 2957
5620 1658
8177 963
2309 9490
5471 6925
4396 8990
8327 7101
8856 1871
2688 9663
5102 2119
6398 6519
928 6682
6915 1413
4095 4228
3920 6647
1504 4003
734 1962
6612 7925
1613 3915
2033 8295
6490 7450
7909 5296
8693 4539
2933 6246
5309 5125
7026 8259
7342 7528
2416 1195
5633 1256
2914 6288
299 1978
1202 3128
4703 5976
6618 9818
6229 7037
353 6468
3175 7210
1240 6273
4477 3357
2383 3370
9418 4515
9494 498
9203 1226
6402 2161
4034 7015
52 4929
1765 865
2423 1317
7830 2857
925 1188
4843 5892
848 3974
3380 427
3922 8036
7281 5929
2770 8336
2544 5284
1851 3652
5119 4611
5178 8830
3158 958
1496 1080
9338 7564
9363 558
8006 7261
3191 1250
4846 2178
8074 4957
9773 7839
437 3190
5726 3524
1148 1695
1693 9261
7353 733
1383 3828
3454 1137
443 612
946 9924
54 5747
2713 2309
2401 839
2691 4803
765 7093
7584 3228
4487 2606
5112 880
9172 4361
6682 2505
5141 2668
7671 66
2069 8196
167 3603
1826 2326
8638 7200
304 3483
8365 9944
1205 5666
3851 9470
6752 3384
6610 6529
804 1117
3785 8927
6916 1362
5544 4585
2523 5069
2571 2664
4907 9980
823 3880
6627 1969
9343 5227
7043 6955
5842 1951
7390 2667
380 336
710 3949
4506 1932
2266 5550
6094 9100
4641 7793
1425 6254
2642 4790
8586 3471
8873 7186
4365 6269
3067 9167
1529 407
1624 8121
6609 6749
276 679
9230 572
4448 1651
9308 3694
7615 6705
9491 6048
9746 9917
5706 3484
4670 4883
9300 9727
8509 7503
6969 8371
5411 510
8242 399
3115 1384
60 5882
9949 5076
5373 4097
862 9081
1645 6020
548 3043
4662 5802
8041 6507
1013 1547
2257 2335
5571 4516
7845 9042
6101 3300
1747 8328
610 4101
7148 441
4383 6915
4391 682
5136 4014
9984 1033
4168 229
2963 7329
2776 8520
3561 2096
1457 9335
7213 4906
3352 6331
2000
92 15
13 19
62 88
45 73
48 88
18 71
48 64
14 52
81 48
20 35
81 70
34 28
61 34
73 2
85 87
85 73
26 19
31 47
76 36
79 30
86 4
65 94
83 18
95 60
90 63
24 58
18 59
87 21
86 19
28 15
94 88
89 72
99 59
49 83
22 27
100 73
60 23
48 10
89 14
51 33
60 92
42 77
31 100
76 43
97 41
90 33
16 80
56 91
61 81
60 38
36 5
73 31
64 24
4 69
54 39
14 7
82 75
91 10
11 62
29 89
70 26
31 86
50 10
50 75
41 47
55 84
37 85
60 84
55 23
76 60
92 4
13 23
67 21
5 32
41 31
80 64
8 68
92 15
22 72
68 25
19 88
59 67
34 99
97 48
3 67
100 63
29 79
38 72
17 73
16 17
89 71
41 30
47 54
82 100
15 15
35 78
88 11
100 84
40 28
51 26
14 57
42 62
82 98
68 60
16 87
41 36
100 84
25 67
74 18
42 17
7 4
89 88
47 91
94 49
76 80
2 26
57 55
52 57
74 50
98 31
29 83
24 38
28 21
97 60
57 51
80 55
39 71
82 49
51 16
24 76
81 92
12 24
17 4
75 30
25 15
57 79
50 59
96 58
41 27
96 33
21 11
31 99
100 65
14 19
50 44
89 19
7 78
21 60
100 48
16 90
47 64
95 4
16 95
70 82
26 31
47 26
40 79
53 89
98 34
12 16
75 5
94 99
70 97
67 75
21 9
20 10
75 72
10 73
54 69
20 47
91 84
91 44
8 12
74 15
82 24
44 92
88 18
29 79
25 27
25 85
39 4
48 8
11 99
77 67
11 12
90 14
83 45
83 63
88 60
97 5
13 41
77 1
11 35
45 11
56 76
72 95
25 4
34 30
11 34
6 71
45 16
35 99
83 65
37 14
31 45
57 96
43 32
72 16
57 89
21 95
69 79
95 99
15 55
92 86
98 40
30 43
45 76
55 9
100 94
94 17
49 55
12 32
42 32
63 57
82 60
45 22
56 32
33 48
55 40
53 89
20 79
56 89
64 12
97 46
86 37
41 44
9 81
84 18
93 61
3 9
96 69
34 9
42 19
96 73
83 10
57 49
7 55
71 100
91 82
79 10
73 25
21 96
69 64
26 91
22 8
93 45
50 93
5 38
63 18
12 15
87 65
18 10
32 9
30 5
47 31
46 77
99 83
24 22
67 83
19 3
32 34
4 41
18 21
69 56
95 14
91 100
22 84
61 27
4 47
20 98
12 79
47 39
65 28
53 54
50 17
45 34
56 69
88 73
39 61
2 43
24 97
21 41
74 85
11 89
54 20
80 79
63 60
73 24
53 31
83 82
4 90
20 11
15 73
5 79
61 56
8 13
66 92
59 37
67 74
13 4
2 22
48 28
80 80
6 14
68 76
46 33
58 12
50 82
49 34
42 87
94 27
88 71
35 90
97 16
82 84
38 48
76 40
73 100
75 81
64 17
65 67
3 5
63 33
5 29
57 63
49 93
29 53
85 26
25 8
83 70
49 53
72 87
84 96
27 49
17 62
59 13
76 51
61 56
40 37
74 50
72 55
10 52
81 71
10 44
10 19
25 31
33 29
11 47
10 7
74 24
51 11
100 58
17 50
55 41
24 25
90 93
94 64
77 40
35 75
83 73
61 45
95 2
36 2
76 4
81 100
82 73
69 33
91 93
29 51
31 44
32 86
75 8
68 2
41 64
57 72
99 22
10 51
18 46
34 86
48 39
94 77
3 64
53 58
7 40
41 19
47 73
57 32
7 64
19 32
48 46
98 80
67 6
98 94
76 7
98 52
72 74
2 54
43 95
37 39
43 61
70 62
56 97
69 87
7 63
73 72
23 96
3 10
80 95
76 34
99 39
47 7
87 66
10 79
20 49
6 78
56 67
58 63
48 1
93 82
82 31
40 34
81 81
4 83
60 61
98 8
55 44
4 64
13 64
86 26
88 28
40 4
38 4
59 74
11 98
31 40
61 30
11 24
47 20
12 26
18 37
15 96
32 83
41 96
11 42
90 56
42 30
88 28
80 17
45 56
56 38
36 11
56 7
13 66
52 53
51 62
85 7
44 18
17 77
89 35
71 30
97 47
8 19
46 28
64 32
50 33
27 42
83 34
25 23
31 33
57 33
11 15
52 10
29 75
51 56
37 89
73 19
36 84
27 16
11 25
12 93
75 73
56 76
62 15
18 99
78 73
18 88
14 79
12 78
13 11
13 51
38 2
1 72
23 41
63 38
88 23
81 82
28 95
67 83
70 98
65 18
15 77
4 75
86 90
55 12
72 51
13 84
73 83
86 95
53 46
2 66
96 37
24 54
82 61
6 100
70 52
63 61
12 40
40 43
44 77
13 4
49 66
6 47
6 49
55 65
19 59
51 32
34 87
60 17
4 73
58 69
88 3
59 46
32 22
63 86
12 21
85 57
22 64
82 85
99 11
39 64
79 66
44 48
79 86
89 20
36 90
71 78
59 6
13 100
83 38
6 76
2 54
15 57
61 18
30 35
90 87
92 46
80 68
57 23
78 19
30 36
49 38
62 56
64 57
76 57
16 57
64 66
45 98
57 42
32 73
33 14
74 75
70 38
7 28
32 71
12 69
69 57
87 5
71 62
71 93
33 71
83 88
2 70
93 80
58 2
4 76
24 71
19 31
63 41
62 13
16 40
5 85
39 11
81 54
51 11
70 40
21 23
25 77
7 95
37 65
78 40
5 31
89 100
16 89
35 50
52 68
60 64
7 87
70 93
53 45
28 6
90 72
44 12
42 48
52 50
72 12
90 34
29 54
15 94
98 54
41 10
57 95
52 87
30 65
33 96
89 32
39 53
70 2
9 40
27 19
11 36
26 79
25 12
31 15
72 36
37 97
18 60
38 84
88 75
65 94
4 7
8 87
40 84
67 3
88 52
24 51
33 26
58 28
71 94
18 47
74 82
46 3
97 13
35 23
3 70
96 51
33 82
79 78
82 27
3 21
63 18
31 56
82 65
34 87
21 46
12 45
2 28
87 92
51 48
10 26
35 27
38 36
76 81
58 12
43 30
79 33
31 28
61 95
92 36
15 66
94 70
83 33
71 41
76 13
39 11
37 12
3 80
69 80
47 68
96 50
72 27
26 81
58 32
6 100
95 36
16 90
96 64
22 25
79 99
2 57
28 31
18 96
32 62
48 81
5 56
31 75
9 32
88 78
33 18
65 19
54 60
9 19
65 65
39 13
60 9
35 91
65 3
71 98
70 12
19 57
71 79
30 98
64 54
35 95
75 73
86 44
41 15
88 20
47 82
50 15
52 36
55 38
31 83
55 32
30 96
61 39
82 6
55 89
70 14
72 41
21 18
20 88
10 77
11 78
25 31
79 4
97 67
50 6
94 17
76 66
46 83
55 49
77 40
15 77
27 62
99 98
80 19
43 3
18 67
16 88
64 40
47 24
93 7
38 97
83 39
43 66
75 44
4 39
26 68
68 73
28 8
31 4
44 10
10 7
63 85
27 68
3 5
54 42
73 38
22 15
46 35
37 95
27 89
86 80
83 51
99 46
44 57
56 46
93 61
76 56
70 11
89 85
30 3
97 47
79 44
44 66
35 87
16 24
30 69
78 98
51 6
75 12
39 49
32 88
84 13
54 76
4 89
33 49
54 54
42 9
55 100
10 51
27 82
91 84
78 38
1 64
45 30
5 44
56 77
46 44
68 72
40 54
63 49
50 95
52 95
60 89
82 5
12 81
74 60
35 78
10 68
31 54
12 6
23 49
45 21
98 16
89 75
33 82
96 29
24 21
97 29
64 17
2 3
78 73
50 52
68 44
24 74
52 21
59 29
85 27
25 90
97 10
33 35
3 13
75 81
60 2
90 5
25 46
85 71
40 21
67 22
48 56
80 74
20 58
52 13
28 18
32 43
37 44
19 61
44 64
80 23
50 73
22 20
62 23
44 53
82 41
21 51
39 39
26 67
60 98
97 54
62 88
45 34
10 52
6 42
75 64
89 23
19 18
72 12
49 15
97 31
94 51
73 52
30 61
51 35
37 89
73 81
7 9
93 80
36 68
43 6
79 14
29 97
60 84
75 95
59 20
65 30
28 10
94 27
83 98
77 17
85 88
64 22
69 12
21 56
63 5
20 62
59 21
3 8
80 76
36 95
38 71
16 78
14 93
40 99
83 44
38 33
7 20
61 30
29 97
7 94
18 5
35 100
78 81
20 71
96 41
53 22
28 20
3 59
80 71
95 23
43 94
56 57
2 55
92 32
12 3
6 13
6 29
60 52
98 66
54 92
93 56
4 49
26 34
82 67
55 16
41 7
48 92
52 72
21 21
84 75
35 90
26 45
41 88
59 78
10 12
81 61
50 18
60 67
99 75
83 21
91 33
35 30
35 59
58 63
13 58
17 16
41 69
38 60
67 29
36 25
22 46
18 34
76 9
69 59
55 31
46 14
96 6
6 2
22 34
32 100
100 67
98 55
77 70
81 59
85 24
21 36
41 65
56 37
50 67
62 62
47 9
50 81
9 56
20 77
73 30
13 43
83 25
6 44
30 84
71 41
93 66
54 4
60 10
82 36
70 56
56 74
68 10
41 3
32 35
3 80
16 39
95 24
66 88
96 72
27 79
16 69
88 100
34 4
63 98
65 6
96 62
78 32
52 62
27 33
87 32
39 68
3 20
56 79
59 36
94 45
51 43
74 25
88 24
10 82
6 83
7 68
28 71
56 88
24 72
16 48
94 54
17 19
50 82
87 100
27 42
100 19
6 80
22 44
54 59
77 65
4 73
16 6
81 18
45 39
9 94
50 61
45 12
24 34
51 61
69 97
53 79
12 40
86 67
29 26
9 41
85 10
97 25
53 53
20 88
90 35
10 16
98 22
38 41
29 89
43 63
18 10
73 78
7 37
59 90
76 85
84 41
22 78
42 30
29 31
71 40
50 100
11 26
4 78
1 51
8 9
12 53
27 47
62 32
94 100
38 67
90 24
69 81
72 50
46 42
56 37
93 50
64 89
15 71
70 45
57 93
25 58
54 2
5 77
32 40
28 2
20 7
86 45
51 62
93 75
9 39
82 42
34 72
82 55
83 8
91 14
49 88
65 26
85 87
19 28
54 24
24 62
24 8
44 86
11 11
58 98
93 53
32 30
54 91
70 68
28 2
57 43
90 87
43 80
63 81
79 64
28 93
33 52
38 97
58 15
57 99
45 87
6 33
49 83
13 70
13 2
51 84
93 61
81 55
95 47
63 35
39 39
1 27
9 47
42 83
99 21
9 14
47 93
96 91
86 46
86 7
89 5
58 91
17 55
73 2
84 26
75 79
90 80
64 46
99 37
3 5
84 76
21 49
26 39
17 96
8 58
74 18
20 80
28 38
92 67
7 40
9 46
88 42
89 54
58 42
29 70
25 74
9 7
58 10
62 100
69 62
35 79
72 46
37 77
51 52
21 22
36 67
23 56
37 72
74 27
23 85
79 74
52 92
14 71
78 86
18 17
63 13
56 98
89 17
89 31
39 17
11 31
80 46
78 7
12 83
44 78
50 59
55 31
52 52
64 77
37 13
13 8
95 73
51 78
86 44
79 63
33 69
96 31
9 16
47 94
10 30
3 9
66 77
53 14
55 91
17 2
4 33
17 64
18 8
74 94
66 35
70 87
21 35
24 26
59 65
75 74
24 22
44 59
22 15
28 18
39 9
21 19
27 83
35 47
97 39
33 21
64 81
28 91
51 23
75 22
23 83
48 86
52 39
3 32
62 68
16 22
42 30
65 4
50 66
81 54
32 30
19 25
67 59
22 83
22 61
61 18
8 1
2 79
83 41
10 100
7 21
16 41
45 24
74 26
30 43
94 68
30 81
53 34
54 79
42 63
3 4
41 84
58 52
88 11
91 96
96 92
60 27
44 17
88 68
64 21
44 61
73 11
5 77
49 9
8 90
29 93
31 92
46 73
88 77
100 64
64 96
46 92
17 50
26 21
33 63
52 85
18 38
71 74
92 69
49 12
87 58
19 1
61 61
10 59
76 17
79 12
98 31
8 76
29 12
97 69
19 89
40 28
68 69
17 39
16 26
68 26
72 25
28 81
2 54
60 33
72 76
76 12
48 11
73 46
28 57
99 80
44 77
84 66
19 73
69 60
9 29
91 57
37 40
52 77
22 52
72 80
32 13
19 75
100 13
45 91
30 10
69 65
85 82
31 94
17 21
96 64
15 34
16 64
66 72
9 47
53 22
39 56
81 100
57 89
30 32
53 30
6 60
72 65
28 27
32 67
7 33
13 61
57 26
46 9
27 38
45 65
78 3
34 37
41 79
22 97
56 34
44 10
87 36
56 4
17 69
4 58
5 32
86 29
84 95
82 1
45 28
67 44
10 58
36 48
44 95
55 25
99 61
88 86
79 68
38 34
77 38
7 95
71 59
19 10
18 67
89 9
56 23
58 75
12 13
38 53
14 92
14 23
57 12
100 13
84 4
19 49
57 32
90 80
55 71
29 79
55 95
100 97
53 25
29 30
1 34
49 1
15 55
80 92
21 56
85 39
97 7
38 89
96 76
66 49
64 7
30 24
80 67
30 75
1 25
44 31
71 79
48 92
85 3
17 69
59 45
92 72
9 35
96 10
92 45
28 28
69 41
1 67
18 34
22 74
80 28
7 11
56 54
62 15
21 39
74 99
53 2
8 84
31 25
97 77
91 73
54 32
45 28
88 1
1 60
35 52
50 77
11 32
72 62
58 8
18 30
81 76
6 30
12 44
66 31
80 99
21 63
61 14
2 18
35 84
7 15
93 13
46 95
13 24
7 69
3 99
81 70
15 35
13 4
77 40
74 3
86 77
61 3
7 62
12 87
83 57
26 89
83 32
50 44
57 39
26 14
4 91
15 17
19 51
61 28
20 40
57 95
84 77
88 92
67 39
87 87
57 28
18 49
74 48
23 35
79 42
79 54
80 32
54 43
93 85
2 88
20 85
69 85
58 88
27 45
53 42
64 62
50 6
4 56
21 88
69 8
19 26
96 17
82 60
69 29
70 32
46 39
49 16
40 67
40 83
52 32
78 36
27 89
53 36
56 43
40 57
58 5
10 53
84 70
16 16
13 82
68 81
27 68
20 83
11 60
56 85
34 61
49 30
85 33
82 24
99 75
41 32
6 85
71 20
51 97
92 49
94 24
47 50
46 83
41 29
73 82
85 49
23 97
49 95
84 92
65 66
32 16
42 32
59 98
19 68
23 81
14 27
13 94
17 69
91 44
95 11
20 12
79 27
87 18
80 83
7 68
95 42
23 64
73 80
20 34
75 66
69 9
49 60
98 78
98 60
42 42
34 52
6 86
64 77
8 20
54 1
37 7
59 43
83 64
99 76
20 61
72 48
81 13
98 37
47 99
80 53
17 54
9 35
32 87
9 34
5 58
79 52
4 80
45 17
1 49
2 85
59 88
85 19
32 15
68 13
43 34
86 45
87 19
42 100
49 98
37 4
95 99
74 100
29 59
62 57
41 43
76 33
46 2
25 33
3 53
85 16
79 99
85 86
20 72
28 1
90 51
15 63
48 52
85 40
84 17
29 68
62 5
36 43
65 16
92 2
4 48
45 29
97 33
66 22
49 36
99 58
41 33
33 46
36 45
37 58
42 21
42 51
10 42
95 11
69 36
70 62
29 85
93 95
34 68
30 28
96 71
93 63
28 89
76 2
4 41
48 3
58 14
42 55
77 19
3 41
3 71
27 79
3 45
33 70
74 92
14 72
67 88
13 86
56 53
18 93
83 43
72 84
13 89
78 75
32 77
88 94
31 29
38 17
9 72
96 63
60 79
52 28
79 83
31 29
58 23
87 70
17 56
41 19
65 39
46 64
87 11
41 51
100 58
14 86
59 82
65 8
84 48
51 99
1 88
4 22
31 50
63 19
67 59
75 64
54 66
90 57
73 24
46 53
38 6
76 89
13 77
14 29
4 59
99 45
88 51
60 8
45 74
21 77
94 13
91 20
55 6
84 13
23 55
93 9
30 13
47 81
52 14
44 98
62 26
16 97
31 8
14 54
4 93
88 29
76 45
71 87
78 8
85 60
49 20
54 83
58 88
7 25
41 50
78 51
55 88
70 23
5 26
57 28
40 45
3 58
97 18
65 80
60 90
74 13
54 92
37 53
80 23
8 100
30 40
67 48
3 90
97 13
33 29
30 84
63 48
14 59
40 61
14 90
45 20
19 38
51 64
1 62
73 97
68 48
72 20
17 76
67 14
85 47
65 27
55 14
22 70
23 75
5 61
32 70
7 94
34 77
83 9
99 39
92 5
33 66
24 67
35 67
26 80
35 67
85 33
13 38
86 53
81 12
35 45
99 52
43 68
44 21
86 56
57 82
27 12
26 80
3 58
66 57
38 59
54 32
7 97
3 79
4 36
18 58
10 83
81 94
92 3
85 70
42 24
11 58
6 87
81 54
24 28
61 69
51 41
69 39
45 24
31 93
48 63
84 52
75 89
18 100
83 42
28 84
88 85
59 62
86 11
30 2
19 79
83 17
12 56
35 100
69 3
7 33
34 61
10 92
24 49
57 8
2 26
67 64
13 59
61 15
38 64
61 61
80 59
29 28
68 60
4 99
64 26
3 16
5 15
62 55
19 61
39 85
19 20
56 15
98 94
55 56
44 29
60 91
41 46
86 94
88 61
65 31
89 15
30 81
79 5
85 76
62 66
94 57
15 3
60 98
39 98
32 21
24 51
49 13
77 20
10 23
46 21
54 59
33 45
19 51
7 80
79 8
98 89
100 90
45 51
79 22
57 2
13 72
33 33
35 61
71 41
23 99
32 27
9 23
90 38
75 72
39 15
95 40
44 76
37 21
85 33
31 48
50 83
64 38
89 8
1 25
3 76
20 22
20 59
41 63
73 69
50 80
74 72
94 49
91 92
5 86
33 73
76 8
38 48
29 43
