1000
3557 9240
1592 6121
7557 5217
1531 4804
1809 4829
8380 9923
3894 2736
3235 2538
284 3665
5932 3138
1435 2438
8509 174
8121 4437
5106 9466
2561 1268
5813 5991
3183 749
2750 6086
9512 6701
8446 7291
118 8938
2848 8089
4639 3767
9002 9182
5841 9976
852 6755
367 503
1956 6076
1236 845
4956 1282
1389 8346
6547 1575
255 2579
1730 495
7819 1870
7996 8088
6496 1511
5145 4141
7061 1685
8286 4694
8318 7932
8761 7311
7429 8235
3422 1642
218 9400
9184 9582
8106 9647
5443 6779
7058 7175
984 5839
6960 4161
9220 3697
7527 1759
6485 6307
2647 6839
4370 2742
6830 9452
589 9535
6036 6150
3349 5893
530 9542
7244 7601
7 243
7427 6153
4128 8327
6217 6879
5366 8146
5412 4884
4037 7245
6199 4894
6345 8808
3089 7829
8053 3691
281 4968
3291 2733
6176 4015
4030 3578
8752 2817
2859 9098
8924 7887
6660 1096
5772 408
6457 994
8293 4872
5970 4987
9357 8581
4361 8381
6513 1156
1570 6583
6805 1505
2977 8111
5444 449
2915 5126
4335 3088
7674 2694
1021 6895
6494 9765
5868 6244
3764 1856
5755 2143
4234 1925
9099 3964
3302 3794
2416 5035
7678 2006
821 4001
1374 7413
9187 9483
8957 3736
2120 6345
1473 6156
6921 5211
2872 4944
8881 315
5835 4633
4344 3667
9135 2586
9779 3631
2774 7721
7709 7356
5250 8549
4914 1985
7961 6953
6066 3137
3699 5060
6329 4014
9162 3722
8567 3968
2171 4786
8360 3078
2359 7804
9267 1489
2366 8287
6570 1170
9207 3959
6489 2591
174 2596
3754 7472
4066 5447
3402 2955
7215 3259
6350 5174
9741 2066
2375 8780
553 7218
3804 9536
7714 1053
9762 3423
3318 9784
9237 2318
2712 7213
7635 4118
5550 5418
8075 5730
5378 8979
226 4930
7270 1492
5350 7323
9115 803
5766 5071
5584 8128
5146 1444
3005 9049
3461 8411
1760 8726
9763 3329
1184 4365
726 7781
8310 1749
6565 9048
77 3625
2888 2759
3987 601
156 9764
3232 3270
8745 6799
7826 2087
8111 2474
5961 8540
299 2945
5599 5276
7647 5261
1978 1250
173 6474
1760 1728
6228 7190
6317 7893
4174 9728
3190 9336
4534 5919
1645 4094
4792 5094
3379 5237
1890 566
3663 7152
9989 8585
9936 6025
1453 6707
1983 7980
3667 6399
5999 3107
1880 1823
6215 6692
7963 8695
188 3187
2445 5344
1109 2998
5979 9133
8059 9652
4106 9338
864 353
5979 4417
3385 1852
3093 6205
119 6580
4609 1758
736 8034
1746 6113
9184 8239
5953 8029
5769 200
2062 9742
4165 9887
6889 4887
7537 251
4982 8792
1347 1514
9044 4183
480 2944
5581 3822
8500 6315
1956 5003
2525 1575
8405 8851
616 1709
3828 9483
152 4492
8218 6744
9625 7627
7084 7712
9940 6125
3349 8443
6040 6542
8437 6598
7005 371
6776 1444
553 7089
6275 5477
3480 9607
8082 2665
9608 9467
2475 1788
3831 5555
3163 8820
5558 5213
6018 2650
279 704
2747 3961
7672 2405
8610 5710
3907 6197
4256 8660
8121 5160
4177 3560
1608 1409
1633 1630
1236 7708
3989 391
6561 1976
1698 4146
9641 1676
2574 5685
6404 267
7916 6679
4506 2920
5555 3504
4038 81
9889 3122
3850 9962
2391 2283
1759 7657
4283 5334
4133 5817
7466 3701
9699 5026
6992 4611
1712 9708
218 394
2676 4716
8812 8109
2737 8611
5890 2295
4364 8731
1020 9026
5720 954
9643 7353
9642 6779
7014 4682
1064 5510
4869 8964
586 1510
3273 2430
8015 7655
9280 7735
1607 8568
3064 7838
5017 1377
2429 1322
3686 2749
9159 7971
8319 8088
6610 5179
7267 5330
7461 5819
4549 2911
1472 5279
4728 1371
399 2176
7770 6778
8650 3857
7999 6834
9536 5174
5181 6005
9056 8691
4887 8920
874 4537
5785 9533
8515 7297
2031 5103
1249 2088
1559 9522
5595 1440
518 3852
2535 5521
8001 5690
5343 2027
6329 9589
8260 6247
7304 1959
8936 237
3539 5935
2839 8270
4529 9434
290 6932
8487 8988
2529 2173
8593 2850
421 6948
9975 6021
9862 8605
9692 539
5488 2943
3442 9684
5318 7564
3916 4153
592 3902
9393 4327
8353 9284
9411 1041
3953 9156
4491 1006
4281 316
4134 510
5864 8676
6403 1019
1062 2254
5213 4948
1121 7344
8795 9284
1458 7668
8560 3917
1021 7057
3057 7032
4499 21
9841 1870
6001 775
3925 3989
3804 1648
9217 6179
2728 5656
4680 5344
7488 8247
5953 3251
6143 5852
1829 6610
8988 5898
9484 2077
4116 7306
1544 5464
7196 2548
5009 936
9418 489
3902 1925
8347 3815
2803 6138
3451 2796
1721 834
6277 296
3159 7271
31 2051
3134 3903
6993 5181
9350 6103
6134 9312
8979 9796
3068 4863
9078 6414
1001 5217
5596 833
8938 3304
8899 852
4565 7222
1286 9897
871 9720
7512 6569
2245 7516
3768 7900
4781 1692
4627 5394
6867 1318
8330 3441
7826 2056
6547 5316
751 6257
4304 7414
8701 9723
9983 6809
4172 7001
6080 270
551 2037
4142 5901
2404 5123
4948 2214
1108 1586
4515 1435
3239 840
6358 6228
4306 6892
7454 7496
2733 7018
903 5776
4852 3704
1066 1991
3210 5584
2117 8585
1711 2223
3702 6558
1782 9427
3687 813
3329 6874
2007 6449
4687 6411
9149 675
5326 9865
3067 3983
5557 5315
3790 2566
4885 2292
6274 5080
7171 4356
6795 448
8614 9102
9812 1750
7167 783
3886 7909
7321 3610
549 1997
741 3457
3659 4608
6676 2230
3340 4290
5005 7621
6605 9152
7177 7360
5894 5821
2471 6832
6685 429
6830 926
3935 9225
6286 7432
3551 3225
2593 1237
9366 3835
3195 9146
3159 4948
7611 4344
7632 2667
4858 4273
1377 4894
7154 6130
2832 4426
3649 319
3642 4094
1361 2730
2797 8855
913 2091
7584 3385
6784 8637
5914 2858
186 1733
2900 8788
6253 6015
1078 6323
4953 4466
9260 7846
5654 770
498 6715
9848 6982
2042 1962
1590 9147
1600 3497
8886 4392
4358 731
8526 467
4389 4130
9054 8765
9337 9269
949 1276
5800 8320
2505 9347
3275 3634
8095 1879
2743 5209
3910 6785
3154 7363
8197 659
381 2820
6301 3234
8791 1620
3329 7080
5250 9911
2318 9826
5281 6437
1440 467
4657 3398
5036 8764
2613 4454
3090 8728
7328 8755
4165 6053
655 3146
6876 4520
9969 4076
1229 1308
8220 3895
7556 2611
4709 9550
8050 5961
4284 2136
9550 2667
4580 8946
8430 201
4650 3402
2577 5483
6233 3619
7516 4876
1246 4499
3104 593
9663 8185
1117 9353
8742 626
2147 7477
6433 2098
3713 6543
608 3749
4712 320
1879 1108
8352 3177
5332 4424
5795 8919
1940 7180
9091 9153
6257 9271
5551 3849
2905 2811
7934 6668
4537 2809
4972 4337
7385 7535
1279 1668
4772 9539
6729 9462
2695 6454
5377 54
1201 8071
5099 7350
3586 4133
6096 2763
7102 3189
4021 9861
9338 7401
9882 8356
51 4749
2373 2848
5737 182
6818 2839
2699 5053
5044 546
7621 5431
3306 7229
8564 2700
4915 7490
859 9561
7851 6936
1189 1025
2351 9716
4708 8430
7186 7806
4753 1210
4202 790
6155 2100
572 5703
1053 7753
9284 7123
2645 6874
2105 3058
1232 6265
5590 3750
578 3929
8711 2427
6377 4149
5974 8398
8306 3527
8241 1980
1789 8256
8496 8423
2085 9990
6552 3560
5807 2025
6218 319
4122 194
5934 5173
9708 373
7640 7277
4833 9141
7147 8463
6529 4057
6877 6177
6476 6773
7194 8580
9843 1232
2693 2669
7864 7816
3249 7518
6127 5687
3977 7121
2739 1020
3750 43
6725 5849
3998 8792
4178 5484
9008 8671
5888 5347
7103 5881
9183 2556
2827 5807
9496 8865
6255 9020
9313 555
4117 4885
1237 9773
6380 660
6904 4521
5197 6682
239 5744
9701 4064
6717 9402
1677 6411
6513 53
3734 8427
4836 6568
5488 9539
3923 9446
3215 8091
9109 2146
9686 1410
690 6153
5380 9609
4429 2882
3227 6074
1823 7454
2223 3289
1426 4255
9019 4206
6078 4830
7435 835
7638 8407
5999 3447
4929 1472
628 8450
5697 2747
4202 1144
2293 3219
2997 6054
6321 7992
664 690
1592 1471
5964 5264
5885 920
8555 8891
1211 3345
3890 7694
8136 3472
2559 394
1779 4802
2239 9588
2600 7300
3117 1048
6075 1262
4205 2491
7254 4821
5948 8880
8917 9755
6690 7722
3157 1927
2939 8381
764 1089
8210 5682
6766 1845
2302 3247
8732 4135
1280 5682
1911 2357
4627 2862
5100 891
2628 1814
7426 3316
7724 2571
520 3728
8285 9995
9060 6152
7057 6129
1716 1806
3259 2701
1033 508
3825 6964
7853 8119
4835 2138
8022 3153
982 5693
5240 5440
5296 5539
4243 5733
8167 2239
4735 6291
2746 1358
1847 5105
3579 137
7818 7423
9900 8456
6134 4906
5398 5765
7246 3570
3938 3859
2898 16
5215 7076
6347 8027
1464 1242
6102 7743
7049 8220
6453 3900
5046 4001
3226 3964
6073 3924
1626 7693
4468 9090
4891 6208
6975 3641
3982 8907
4659 3064
904 2364
4261 1201
4644 6354
8925 7586
297 5835
1106 9682
971 9238
2179 2857
5699 1793
164 7812
8932 2266
1066 2851
9374 1315
3998 1905
7436 9418
3179 2740
2449 8566
5559 1957
649 7151
3135 575
5367 1243
9974 5420
8429 1571
2822 5594
2685 8030
8961 7743
7755 1827
721 131
8779 3868
9163 2529
1058 9655
3748 7053
4893 1353
4486 3995
9426 6626
7355 5226
1163 9234
5173 7053
265 6020
2140 6544
1084 138
6418 7327
8797 4950
5634 6506
9910 5593
3511 5705
9189 8865
6010 9110
5121 817
5360 1909
1747 3305
8212 6099
5516 9423
9265 5640
1448 7063
2659 7709
4323 9937
620 6031
5082 3789
8928 2450
8718 774
3839 9721
6143 8208
3579 63
615 5097
7872 8553
681 4472
8073 7387
9557 3416
9335 4324
7450 6002
5304 6606
2729 3758
2007 8244
4938 3547
200 237
4602 132
6456 696
7741 3799
2649 5477
6714 5165
1503 3549
1434 3444
7331 1299
2775 3348
3303 5336
8437 5684
5778 4907
795 547
5540 4017
7002 8701
7807 3673
1051 2813
8996 1248
3065 3815
4061 2081
2526 2558
2520 2046
5486 4373
6511 8107
5138 7524
8920 9763
2911 9655
5989 825
7893 9420
8696 4744
3686 649
4772 1886
991 6403
6930 3174
5327 9412
4442 8044
9683 1833
1797 8372
2919 1247
6751 9778
899 1498
3446 5537
122 9634
8726 3633
419 3680
8856 7650
7201 9762
8048 6841
9601 8763
6476 7775
629 7144
4865 3975
4489 4241
6827 2326
3514 4651
1346 7133
2719 5407
6101 5120
8994 4183
8798 4498
8894 8697
7170 6336
4480 2139
8582 2548
3752 2490
1253 6920
2677 9168
6373 4027
9135 4079
5673 3560
5440 9702
2513 7759
4146 7143
1987 6236
80 435
9290 5935
5223 7991
4301 249
2873 1315
7314 4219
2372 3413
7662 7922
6335 2019
2442 2051
7824 5425
7034 1437
1290 3645
4067 3922
9607 3456
2741 2824
5062 3702
9814 2395
1416 2213
8790 3923
6492 2537
9191 7992
51 8970
1331 5116
6529 5029
9534 4629
5096 2988
691 4074
3931 4054
5961 4169
5409 2248
720 6118
8347 5619
4324 5828
4824 7577
2559 5994
2624 1950
6771 7913
607 2853
2197 4768
8924 7698
3004 1120
6847 6481
416 7901
941 9978
6336 132
7238 8741
4040 6536
772 939
4874 7243
8575 7484
5174 9664
2917 7601
6539 5565
7095 4984
7062 8397
1346 3164
5603 1212
7883 7363
8327 5193
6728 2061
2500 9993
8468 7269
5079 4012
6644 2070
4601 3820
1179 1454
5826 3036
9741 1874
4814 7149
5867 6302
3675 7190
6169 8976
3068 2410
9257 4711
9920 403
6017 2528
2430 2205
8377 9624
8402 3576
2000
16 25
77 16
7 22
63 54
66 37
37 9
6 56
37 24
34 14
56 90
70 13
91 54
29 31
8 58
49 98
73 38
24 91
24 99
80 14
90 61
61 51
53 25
25 74
73 48
10 9
53 84
15 13
37 58
76 46
38 96
57 6
93 4
49 22
51 84
39 18
80 9
17 51
17 41
17 37
76 75
48 90
56 69
40 20
81 23
58 91
7 14
51 96
51 98
2 61
65 36
22 72
21 99
60 22
57 2
93 85
39 32
56 89
34 45
91 84
76 21
95 50
31 81
65 93
42 25
97 53
79 37
88 23
95 100
92 4
90 78
25 29
89 80
77 7
23 50
52 74
47 13
12 77
68 81
30 69
94 50
74 28
21 54
89 96
67 57
73 81
9 66
45 16
63 79
61 60
19 44
72 85
26 11
67 41
80 22
92 5
79 20
43 22
96 36
73 19
34 42
81 76
29 32
46 34
21 70
9 8
4 73
70 37
58 52
45 63
44 81
98 88
74 1
37 86
95 52
18 56
20 44
83 34
50 99
8 37
70 31
76 33
99 68
43 21
1 47
21 28
43 32
47 53
55 59
75 19
76 96
33 8
83 29
59 91
29 31
4 3
53 42
81 30
96 57
49 73
50 79
58 6
84 3
86 47
83 63
10 68
95 10
68 34
9 86
70 92
30 42
71 5
72 85
96 51
56 54
91 15
74 38
97 61
34 41
49 69
80 56
29 10
43 61
24 17
15 47
81 55
69 18
79 8
47 30
16 77
34 71
68 53
6 39
50 74
25 81
38 48
16 51
52 8
71 93
64 13
89 58
82 9
100 2
10 64
82 58
24 58
19 53
26 6
85 16
83 98
5 22
46 97
6 20
18 68
87 27
13 31
55 19
14 71
88 25
7 93
24 50
29 68
20 86
93 13
58 85
88 2
94 26
17 51
84 39
84 2
48 96
91 41
74 17
43 12
21 27
22 64
46 33
15 22
79 39
63 57
40 15
83 89
80 87
67 39
37 14
64 100
9 11
30 21
58 87
91 48
13 55
16 73
34 65
5 42
38 61
4 76
63 55
4 24
74 67
94 66
45 31
98 51
87 12
68 1
43 24
65 100
6 75
64 35
17 53
71 18
53 5
23 12
70 58
72 91
59 38
64 20
95 35
79 44
19 31
15 27
9 69
30 21
58 35
27 2
48 37
99 1
83 60
38 11
56 31
61 18
66 9
74 63
40 60
9 89
72 75
27 95
41 98
24 8
92 65
64 61
19 69
40 40
11 5
69 78
98 6
73 49
81 89
7 68
64 97
53 82
26 18
61 15
10 3
25 45
15 49
51 98
44 73
41 21
100 91
82 12
75 45
81 15
27 92
24 94
82 47
2 49
94 22
6 7
15 23
87 56
77 62
81 19
26 86
12 3
92 41
76 92
46 98
64 81
22 72
49 11
26 17
40 74
86 22
51 74
96 70
37 77
66 68
56 91
25 29
18 44
22 92
81 29
53 61
26 48
2 37
1 74
77 44
70 56
1 19
97 78
8 66
8 6
67 25
95 55
16 73
68 79
82 93
42 52
61 76
28 96
1 43
60 45
69 44
55 13
1 57
74 63
89 61
4 68
47 14
8 100
80 8
31 3
30 58
72 16
37 92
53 8
12 60
35 76
59 87
28 47
60 35
46 92
32 20
7 58
56 2
28 47
30 64
35 60
61 6
53 83
55 71
64 8
68 71
85 76
92 85
21 73
19 34
10 59
95 31
45 49
26 14
3 24
54 33
27 22
15 96
60 67
59 52
70 6
22 39
7 89
51 1
60 36
37 13
36 15
1 92
13 61
6 16
55 88
100 51
44 30
63 42
69 13
27 98
21 72
61 61
82 90
46 56
25 43
7 46
23 72
69 17
70 40
88 33
29 69
67 16
34 13
80 8
45 71
51 96
55 20
33 49
85 94
94 57
64 54
73 63
81 91
77 6
55 29
18 19
11 73
77 14
84 68
97 40
27 48
95 6
93 97
13 7
81 35
33 84
27 90
86 94
20 31
6 61
94 5
22 72
15 100
84 44
69 11
20 56
36 41
21 4
92 56
44 25
17 38
88 63
67 7
59 10
98 83
37 83
32 6
4 76
34 62
23 92
80 39
89 29
71 96
15 68
85 10
76 53
69 44
29 92
84 77
91 37
55 57
45 54
83 58
39 26
75 93
45 30
19 93
66 46
10 2
2 72
81 69
35 56
51 58
87 32
81 33
64 39
95 14
11 21
5 32
92 19
11 69
32 59
33 27
73 6
98 20
15 1
29 55
56 60
34 79
58 5
53 2
3 64
66 66
41 24
26 3
88 60
42 27
8 75
59 23
50 4
41 64
84 50
5 48
74 78
83 67
21 20
53 8
84 83
37 26
6 56
8 8
53 9
44 69
63 72
4 49
87 92
40 90
61 95
19 63
37 37
22 25
97 28
24 82
27 73
89 33
85 36
91 22
91 49
35 60
87 78
82 5
6 61
79 87
78 89
90 85
70 6
33 69
63 83
48 20
10 13
67 34
73 50
21 41
72 15
67 37
18 86
70 9
74 58
75 78
27 35
86 7
65 89
19 57
53 37
17 63
7 7
83 64
28 5
24 43
21 68
71 67
58 5
24 28
13 94
78 75
7 89
74 56
7 58
82 32
26 89
41 55
62 82
61 13
80 4
7 52
88 41
34 64
100 37
62 48
92 86
2 20
87 92
70 92
89 49
96 72
20 48
99 41
20 42
95 25
91 68
93 25
36 81
14 8
27 29
97 23
58 60
76 76
51 93
34 57
64 45
62 65
78 44
84 75
65 37
38 2
44 31
80 75
22 68
92 64
3 17
25 35
22 95
12 43
67 83
60 39
71 54
92 61
40 58
87 41
75 96
82 73
54 51
2 89
61 63
75 62
14 100
59 49
86 95
34 37
15 5
68 96
52 50
38 25
96 62
74 51
3 63
72 10
46 12
63 64
96 61
10 17
8 60
52 7
96 26
33 76
3 98
36 69
26 95
90 8
21 86
11 14
83 27
87 96
11 32
82 61
20 82
40 67
88 7
68 89
29 60
46 19
29 68
46 75
68 47
89 30
67 73
52 80
13 10
98 86
92 51
36 35
54 38
45 51
74 7
20 68
45 56
77 24
94 83
30 86
97 21
84 55
91 98
88 17
31 18
16 57
42 9
81 42
91 16
99 33
3 85
46 10
81 98
47 40
35 18
25 7
86 27
41 69
98 2
31 61
10 43
16 19
25 59
62 31
25 69
51 95
64 91
63 36
94 68
44 44
17 88
70 70
86 53
96 93
41 60
52 87
100 74
64 72
38 19
94 100
38 49
27 32
4 64
83 51
7 73
97 53
39 62
7 6
67 17
26 85
90 72
67 83
18 58
78 53
74 16
55 93
51 46
79 55
60 63
31 31
43 17
5 97
53 5
94 19
81 18
10 51
44 44
37 49
57 9
61 88
44 36
33 51
84 27
83 76
62 100
44 14
37 3
39 42
41 41
66 65
75 74
99 7
51 48
33 84
52 18
22 51
26 38
6 42
68 31
82 97
55 73
50 17
30 13
43 94
83 46
83 74
63 81
34 71
99 62
81 15
9 40
71 30
21 36
27 69
36 77
27 82
58 20
91 97
94 60
97 9
93 97
43 77
49 27
87 41
41 73
76 51
35 8
55 56
54 51
83 65
40 100
89 30
88 74
34 49
71 52
69 78
89 15
16 17
71 49
72 62
50 35
56 85
31 77
80 56
52 64
52 91
86 33
43 17
4 82
2 57
65 56
34 20
10 63
64 90
91 39
42 53
71 38
100 3
95 46
21 49
47 28
7 95
78 22
60 24
99 48
83 43
95 92
58 21
79 24
19 31
41 99
83 23
89 28
20 52
72 7
35 20
48 84
9 54
6 27
2 81
12 7
79 59
42 46
37 1
93 57
42 57
2 54
33 18
55 83
57 6
86 83
17 86
84 8
32 8
39 8
6 89
51 48
39 6
90 46
37 97
64 20
67 24
16 59
20 12
39 70
84 39
20 12
97 81
14 87
82 60
1 68
64 25
49 8
26 88
31 47
23 92
1 12
15 30
86 23
39 46
31 62
65 48
16 13
89 31
57 86
84 55
89 50
55 38
72 92
43 52
8 11
91 4
98 25
34 12
1 71
52 12
5 9
16 96
30 12
61 39
45 66
11 62
39 57
21 84
79 58
29 16
80 96
84 56
15 61
64 32
69 15
84 1
16 74
71 22
7 92
55 92
43 20
28 60
52 24
17 75
23 89
84 10
64 35
17 48
80 13
86 42
23 6
36 52
68 58
58 75
96 67
100 28
80 75
75 27
97 56
64 8
90 13
38 23
47 5
14 44
94 36
87 31
97 22
76 6
98 97
38 71
10 24
14 84
80 12
54 8
61 83
75 13
83 70
41 9
33 85
71 29
69 5
73 23
84 4
91 51
51 33
64 92
63 78
55 38
47 70
91 3
15 5
61 11
61 24
57 61
31 19
96 36
80 48
97 23
63 53
19 69
8 47
1 27
78 53
35 81
59 2
88 85
61 75
81 41
18 97
84 83
49 22
36 55
65 90
41 1
57 82
4 76
56 100
14 46
70 47
76 62
69 19
81 19
95 40
53 81
3 62
64 56
52 40
57 99
21 60
3 32
75 15
10 78
83 87
59 20
43 90
45 17
43 39
21 62
65 94
72 4
63 98
56 50
16 55
51 5
39 41
78 2
10 79
28 63
78 8
82 82
64 98
5 46
55 27
70 44
5 49
62 65
72 37
60 2
95 37
36 18
71 62
44 67
71 31
27 76
71 10
1 70
8 26
26 69
3 89
44 49
61 96
85 49
26 84
18 51
23 48
95 99
19 36
71 97
93 93
62 59
80 69
35 9
27 55
23 85
48 68
22 96
59 96
56 5
22 42
44 47
13 100
61 31
68 85
19 67
30 53
92 32
50 87
79 64
11 95
1 90
29 20
90 47
89 33
40 91
84 75
82 38
85 57
69 41
92 72
66 23
28 29
80 85
24 55
23 99
41 69
10 47
31 75
51 76
29 16
2 19
10 74
54 22
46 46
80 87
96 69
95 24
10 73
98 27
98 95
36 12
52 51
90 59
12 45
52 13
9 14
31 93
86 2
25 34
82 67
55 37
2 36
92 62
13 23
92 65
29 49
100 2
22 83
38 6
58 76
39 57
29 44
23 48
32 54
42 7
21 100
73 51
77 32
45 6
57 52
64 97
5 59
88 75
96 60
41 25
13 1
92 94
16 29
21 53
82 32
82 21
55 67
82 51
93 37
93 58
36 55
48 96
35 15
55 4
66 40
35 82
84 97
6 81
4 96
97 52
8 22
95 19
24 3
11 12
45 54
7 70
49 92
54 35
22 81
44 48
7 98
10 22
98 51
20 100
16 40
19 88
65 95
36 77
46 33
95 70
75 2
6 77
91 98
67 45
43 79
31 16
62 2
35 61
40 98
40 54
89 86
24 11
28 100
58 9
24 84
44 43
98 72
31 49
55 52
68 78
86 63
82 67
84 9
35 82
55 37
34 22
12 15
7 95
81 47
43 96
87 10
99 98
28 54
15 33
37 1
49 62
2 100
93 85
16 30
58 92
31 82
85 2
26 41
84 48
41 64
53 82
48 7
9 21
22 45
68 15
29 38
8 36
27 17
69 14
70 45
38 83
25 41
15 87
53 36
91 16
88 66
80 12
19 10
88 54
27 74
50 92
99 56
74 40
42 59
46 31
30 85
52 31
26 32
97 69
1 60
83 75
67 61
66 88
44 35
46 89
16 95
69 23
65 13
95 31
2 71
30 77
40 38
25 96
5 72
74 39
20 71
47 88
16 18
2 48
79 36
45 15
32 84
52 70
89 100
64 49
49 50
90 95
31 24
96 25
47 5
33 41
75 38
42 84
94 22
48 39
64 91
67 14
22 1
81 13
12 33
87 74
20 42
26 24
73 83
7 13
15 69
4 89
48 48
22 47
92 56
74 15
1 46
29 95
12 7
7 7
2 68
20 52
75 76
86 13
52 33
26 6
81 49
79 54
34 54
21 86
93 40
83 31
62 43
25 44
56 59
3 28
57 76
75 81
54 18
43 64
12 38
100 64
7 68
54 86
40 100
65 19
25 65
89 64
32 86
67 61
56 30
40 48
16 92
34 54
48 45
98 81
91 74
40 77
69 39
63 85
48 87
21 61
4 87
62 34
63 12
26 47
83 15
56 83
42 72
69 82
65 20
31 46
36 91
5 33
25 68
59 83
80 82
43 81
97 21
33 77
29 69
60 92
64 29
80 1
42 68
42 83
49 16
67 63
90 9
44 38
32 16
100 91
76 50
37 27
75 94
12 64
26 48
62 11
71 61
39 27
69 87
23 28
26 23
67 8
75 35
6 49
42 21
54 45
33 95
41 22
16 9
50 16
51 88
95 9
54 11
91 59
38 57
23 50
96 69
74 30
53 62
37 81
69 88
47 66
17 85
97 48
35 4
5 76
89 78
37 100
64 19
91 18
22 22
1 45
23 22
96 17
14 50
65 95
76 41
80 13
84 50
84 86
7 17
68 92
32 15
77 76
58 73
27 71
61 60
15 90
10 94
27 32
92 50
44 2
15 73
22 61
95 6
38 86
50 17
27 68
35 28
14 84
43 9
90 77
3 96
21 86
59 58
9 61
34 39
31 77
29 27
22 28
32 36
6 37
59 5
57 20
69 40
15 43
54 18
10 66
16 50
22 63
70 14
15 87
65 17
16 51
91 5
58 32
13 1
78 87
5 88
73 29
47 79
81 43
34 64
58 16
65 75
87 36
76 47
29 48
12 4
84 62
27 86
56 42
34 82
11 41
77 49
4 11
7 20
32 32
100 30
8 39
53 44
78 70
37 55
95 59
51 24
6 11
62 45
19 48
4 26
81 64
68 81
4 21
6 85
91 40
79 49
93 52
46 59
75 75
91 42
89 49
40 22
33 61
65 67
81 34
80 56
40 67
82 67
52 90
50 23
28 21
34 74
39 13
92 43
62 40
83 3
71 99
98 38
23 58
9 55
89 78
21 54
6 56
81 47
11 47
34 5
7 96
74 74
64 29
95 49
74 55
98 86
89 71
32 28
64 56
34 7
3 52
50 34
60 15
23 84
20 88
77 95
84 37
98 38
73 32
73 89
44 37
30 41
19 44
36 21
15 59
40 76
45 12
44 81
22 15
15 24
98 2
64 98
32 50
86 63
14 95
63 48
63 30
57 50
89 54
99 59
14 65
20 12
77 62
63 94
20 12
53 87
26 27
46 77
66 52
93 13
94 50
59 51
15 87
69 29
19 23
71 81
47 61
48 78
7 20
80 37
85 16
57 10
79 68
69 28
95 61
33 21
48 47
30 29
71 72
80 42
22 56
88 52
17 3
87 80
17 27
52 80
24 91
67 97
100 7
86 94
37 8
91 2
39 71
29 47
71 11
44 48
66 100
40 49
23 73
40 81
4 84
43 97
82 17
54 67
37 19
50 9
58 67
52 68
86 41
54 5
86 68
31 41
52 35
81 55
97 54
4 11
12 8
15 10
18 42
29 50
23 61
7 34
5 98
79 36
15 11
12 89
4 25
41 98
9 49
81 17
16 39
2 27
7 6
35 58
96 89
75 50
68 24
73 96
3 36
4 88
37 52
93 14
11 38
39 88
76 59
93 91
65 79
83 50
9 35
18 65
73 12
30 39
96 50
39 60
36 18
63 47
31 14
40 99
60 63
4 11
15 27
74 66
40 14
2 73
54 78
8 72
86 65
23 20
2 91
6 89
55 97
11 14
85 80
90 61
48 16
32 99
49 61
66 79
7 58
92 68
10 83
94 75
19 68
90 68
26 36
6 83
95 48
69 73
54 41
41 24
10 91
11 94
95 8
95 31
9 69
55 9
46 47
50 56
82 72
38 54
62 64
85 71
73 13
66 55
65 47
65 39
7 10
48 50
7 93
31 12
48 33
29 67
88 61
58 48
86 2
51 37
89 82
19 82
65 99
37 68
47 91
92 59
76 18
10 85
11 71
20 21
13 9
20 96
94 95
33 59
19 92
64 46
87 50
50 94
59 10
97 99
68 65
7 51
31 25
56 62
27 19
60 69
19 17
30 7
16 4
80 2
42 51
6 24
15 95
82 91
16 90
45 97
16 35
37 2
11 92
59 49
85 55
88 59
97 48
52 52
44 30
32 19
4 3
7 61
3 80
18 91
45 96
86 28
92 16
3 9
50 30
31 47
83 55
76 31
96 47
68 35
82 64
28 17
5 78
26 87
97 65
84 10
99 35
29 11
77 38
100 38
33 64
94 50
79 86
6 88
52 68
71 42
13 70
36 70
73 88
12 26
38 84
15 52
33 54
39 23
28 97
29 1
99 32
35 69
48 69
73 93
95 92
59 33
10 50
59 82
12 74
66 59
44 33
57 84
55 37
44 35
90 46
85 67
94 69
64 31
32 60
7 16
77 15
76 15
72 6
83 73
56 25
64 9
100 28
32 15
14 38
4 46
58 95
30 12
19 38
81 30
3 47
82 17
100 13
19 20
43 23
30 76
100 73
27 58
53 16
36 85
75 90
49 48
90 45
87 86
45 98
98 43
41 46
60 20
49 27
86 92
70 73
47 50
41 90
1 60
13 39
65 98
71 47
48 77
85 80
23 41
21 73
82 2
58 62
7 78
88 70
33 1
58 14
63 65
21 61
43 89
14 62
75 39
57 14
47 91
3 18
56 46
79 99
89 2
100 53
77 27
55 45
61 84
44 69
21 80
93 43
1 12
44 76
8 5
91 13
15 87
36 87
9 6
37 14
73 11
80 35
67 83
26 15
55 10
2 67
56 71
97 62
40 1
15 45
61 42
32 67
11 36
43 21
58 34
86 49
8 42
37 40
74 8
17 15
71 92
32 55
23 21
9 32
97 60
74 88
92 87
26 76
90 51
14 8
3 35
47 5
62 15
