1000
9700 5748
6896 8509
5994 75
3808 3204
4079 5652
739 1967
5183 5734
9927 7757
7130 6955
6049 8628
428 8695
7507 7058
5463 4467
5183 5463
5497 3338
2434 3258
2364 9030
9907 645
7797 6439
6048 7274
7960 5913
8091 4144
9806 4897
4321 2388
9365 6835
5730 4248
2170 7128
4096 7258
8962 5664
1483 5299
9770 6115
4338 9105
4365 8564
3892 6276
2580 4511
6243 2785
3545 8490
9429 5457
8371 6002
8629 9832
6532 2011
4773 8544
4052 4487
6579 4430
5653 6959
6429 1606
7673 51
2020 318
4504 9574
3687 348
1379 6902
4471 7828
4666 6242
36 8583
8084 9984
1308 4491
6955 7261
1518 1899
9542 9899
4104 8096
1741 5467
6065 1202
3535 9986
6581 3800
6397 4336
287 4342
1342 4734
4 20
7052 4085
3957 1304
124 2628
4877 9113
6903 2003
8659 2632
7545 4555
2815 3024
4115 9063
5889 5936
7316 3145
1972 6695
161 300
2853 1414
745 6949
77 663
8398 6681
432 4665
5526 3460
8570 8556
2877 9008
9182 3825
8849 2007
8429 9287
8010 9659
8657 3651
8466 5487
7713 4629
6026 5864
8408 7999
4622 6241
8272 4602
4500 9485
4787 8231
9389 4125
4193 4902
3731 7109
3972 4749
9591 299
9910 3939
4639 6657
9566 9424
9887 8586
9333 8276
9479 5420
7405 6399
2006 2646
1045 9174
9584 5374
3368 2337
5984 8485
4520 195
2671 5000
1285 3120
9888 5882
7614 7475
9621 8244
9037 4358
6459 260
4301 6853
9232 5782
9400 4160
7790 5787
9499 2213
9198 4524
7043 9711
4413 7882
8608 3314
9898 8913
1434 5274
7556 9282
7774 7918
4383 9801
3010 4185
159 611
8465 2826
3512 6252
9021 7773
9743 5536
9463 2012
8868 8090
6951 4723
2715 6973
6268 2177
7029 7697
6447 2555
8575 7546
8163 9819
66 8121
9902 9109
4682 4987
9734 4647
2364 5925
9513 3023
86 6557
7205 105
8763 2298
4105 5131
6608 5366
8988 7373
5639 9158
3752 1567
597 4272
9206 78
4730 7929
7484 7619
7943 9719
4272 9737
8985 6768
5692 1960
2762 9908
4186 983
8800 6222
237 8258
8373 5322
8235 9895
105 2698
1957 8017
3076 890
1540 8762
6458 4936
1799 7582
3507 4792
3528 6289
4711 6124
8429 1261
2588 3519
6427 3413
1060 3369
2179 4399
7111 5988
8711 584
8282 3592
2039 137
416 9384
202 3939
2483 5089
5431 6120
55 8857
6178 1161
7101 4106
1440 650
909 1332
5293 2318
4318 4062
8817 7877
788 5883
7625 469
2105 6997
1084 1414
1270 4463
7244 8964
3689 7614
9182 4455
4607 3227
985 2748
3597 6863
7131 7942
9364 9452
4929 5161
7332 1335
1315 402
5659 6405
4591 2341
7285 3423
3054 8349
5654 7936
7200 1505
6641 6268
3264 6866
3927 7865
5154 546
9772 4130
8222 8528
5685 9090
7247 7723
8935 6488
3908 6610
3585 9715
8978 1102
5340 8233
1278 5036
3603 3538
8128 1402
5105 2909
5094 8560
3095 9669
5630 7080
5850 1176
2597 3107
2240 5494
782 3947
1681 8272
4112 7905
2920 4555
8092 1991
9503 6330
3792 9102
6695 8038
1198 6329
3979 4729
8492 3914
9896 5828
6237 5853
8332 9943
2570 4749
3397 367
3865 1472
6173 650
4875 5007
1578 6722
2956 1447
3520 2351
5040 1655
482 2688
9024 8508
307 8580
7085 1822
4230 8612
3334 5681
2702 7590
7581 1282
79 6476
6571 1147
1727 3988
9086 3087
1295 718
5847 7192
3137 8021
52 5942
6601 9972
306 6503
4282 8545
2676 7981
6021 6320
9934 2703
705 4960
5270 4253
8473 8569
1403 358
9083 6997
9991 432
2184 3452
861 4952
1425 1521
4964 5866
9710 7797
9856 3614
736 279
9765 3693
7269 1939
8197 2824
480 2890
2295 6298
7935 255
6040 7939
7289 2176
7148 7739
2618 6680
6265 6553
9089 1485
1351 8604
6349 4967
4201 8456
2364 6578
9658 682
6397 6698
8451 1505
1285 391
8301 1581
9331 9756
6221 2629
3115 5503
3273 3119
274 2700
8765 6696
745 4215
5707 7127
2150 908
7853 6246
5370 1945
2629 9004
7830 1606
2866 7840
5838 597
2066 7632
9551 9764
4835 4394
961 9527
3651 3810
2922 5996
1533 6299
1735 9353
2702 8801
7569 7276
3911 7118
8991 1944
2889 6583
6435 9533
7091 1205
1105 3480
5335 489
1996 3222
7084 9538
9786 6273
8394 9700
3907 5813
391 1597
5035 3790
8209 7921
2270 7846
2835 1880
117 4332
5844 7771
9909 8127
6719 2506
9073 7253
558 6893
5612 2532
8413 9200
9529 7106
4757 5900
2423 7604
352 2569
1143 5878
2964 8297
8316 4306
436 5150
4473 5566
8951 7977
4555 785
2881 3412
3309 2621
5762 7998
7753 5295
7904 8717
5906 1342
5658 8918
9284 6888
3289 7555
291 5965
9719 2282
606 3822
6870 3965
7881 7892
8223 4237
5119 3945
9047 9116
2121 8286
2044 6941
7988 5480
7715 9133
3796 6150
4854 4049
3034 3420
1955 9392
755 4472
9445 7845
5116 7538
2080 538
2814 8162
1827 7237
4897 7928
751 4272
9073 9606
3149 4441
2695 7614
2475 1061
9828 9662
6714 6716
3443 8125
4093 4380
139 1106
5266 6744
5527 8412
7352 9619
3124 9689
6624 9456
7014 212
120 7061
3510 1440
8908 2681
9968 9151
6127 4499
8326 3277
7970 8974
5375 8627
8089 3346
2503 2312
1880 6582
1235 5603
7086 7665
9181 8612
3381 6358
5048 9036
233 7395
4249 6501
9487 8397
517 891
1805 6705
7437 8107
2710 6944
5020 8142
7717 3705
2723 4362
8835 259
2665 8950
9093 3193
3226 9411
897 6092
4632 6719
6157 4239
2093 5926
2421 6336
8795 4646
6996 9954
506 1079
3978 8333
1953 5422
3874 1781
808 9279
7184 1908
166 4810
4327 6300
2460 8441
9387 8593
7369 9580
3045 1780
948 7257
1994 4845
2670 5436
1577 2315
685 5232
8802 7190
6428 3605
6208 2296
3173 9782
2504 9046
3669 8758
6878 7902
1934 1286
6429 4766
6263 1190
6456 6280
7189 568
7071 8991
6798 7273
639 5457
393 5956
4986 6746
9252 7549
2864 1059
2006 4570
6401 6750
6392 3109
3331 5403
9304 8469
4043 6996
9640 7345
8919 6377
993 2523
9571 1698
8912 171
9599 7161
4080 482
9172 4545
3633 5847
7534 7090
2424 5477
602 8295
186 4450
2947 9016
7170 4024
319 2530
4325 7123
648 2333
5543 7232
5317 2777
6509 442
2013 9929
8460 8536
3131 3961
4618 8785
2178 6577
8818 8137
5383 2177
7409 8561
6140 9615
5606 9659
692 1762
8873 9013
5037 9936
6917 4552
2896 402
7991 7338
5972 5001
5237 923
5253 5322
4156 9848
3125 142
9682 9535
6896 1875
8494 2984
5736 7133
8517 9490
4137 7416
6864 4816
8509 4219
8322 7168
4055 2795
7266 1255
5463 4882
9631 4664
3045 2679
5324 6066
5032 8249
577 5399
9404 6495
2494 4796
2336 39
7212 6678
4626 1944
4445 3309
2357 3960
3351 9631
4706 405
5745 1990
8971 1294
5525 7016
6209 9727
3865 7594
8031 9415
8757 7090
9928 474
7088 8869
8366 5642
5249 9623
115 202
1200 6562
7788 4922
124 2170
2935 7358
6084 5366
3014 1259
28 8625
7402 7121
6088 173
4352 3746
7789 9575
9849 535
6964 5722
3460 9548
1178 2248
7436 6010
3155 1542
5904 4653
1322 3395
2963 5056
5296 8138
9427 24
1743 7267
9457 5392
6203 1187
3961 1705
3919 6143
2509 2289
4189 3532
8217 985
9196 3402
4222 394
2332 3952
3796 4015
5897 5623
7898 3050
8663 8421
7229 7162
4840 8922
9772 5609
5647 6050
1908 9041
3695 2719
4998 723
2285 3792
2604 5354
2007 821
7153 8317
1090 2840
9718 3362
9584 9205
2791 8920
5057 4048
1334 1041
7782 4649
7414 4324
2022 8425
7576 5061
3220 4184
6725 417
1955 1807
7735 4613
3482 9598
7255 3949
2607 5253
2810 9435
6444 9793
7160 4848
1665 1388
4481 2656
8480 3518
8253 3713
2169 4503
7994 9266
3612 6865
8065 1920
9788 2742
144 8535
9940 7110
9093 7902
1878 4265
2319 2296
7580 9519
9536 4817
5735 5507
3163 4738
7082 5939
2476 1153
7424 8307
8133 6924
8046 4663
3083 1027
5046 3377
474 7724
8103 2082
8432 4722
1190 4777
5068 9986
9551 2907
9782 6478
8839 7111
9005 3757
3355 793
5122 4576
5257 6060
5527 4586
9642 9377
1702 6464
3341 5657
1682 5302
9220 2620
3661 2323
6760 9122
5794 1118
4352 9720
9214 7165
7678 1889
6760 5768
8551 3404
1261 8204
7928 3307
1129 8406
9995 5944
8561 342
658 5834
7254 5019
8301 3153
5088 8301
6299 6409
9560 4410
8984 3115
3931 3229
3818 9034
9007 4352
5669 1898
6782 3291
873 5404
9503 8997
5113 9390
6087 7367
7903 5413
1168 3014
936 8528
2022 7571
4090 7248
6187 1152
2977 5360
3259 7424
6739 14
7975 1416
2873 12
2241 9512
343 3385
8941 8942
2128 8257
8434 5480
4691 4322
5580 2421
2885 9802
9736 7336
7960 9771
2653 8655
9981 4559
7904 5415
1188 2656
244 2417
3648 6800
7524 5309
8475 6588
9613 4590
5311 6997
6621 460
4772 7316
8256 1758
5330 5191
2172 343
9375 8253
7077 4108
8664 3576
6747 7133
12 4434
9360 2907
6512 3547
9349 4431
8686 4156
4263 3407
4612 5996
645 4628
8852 8640
2869 4093
194 2382
175 3045
3011 7305
5205 3045
2989 2344
8205 7947
2852 8577
8661 2271
8939 6336
8206 1927
3225 8857
4575 4313
6036 3136
6710 8263
8012 5647
2087 8552
2144 7312
8195 3423
2096 7743
8135 7026
6524 9121
8159 3510
1865 5153
6116 2619
4715 445
7212 1425
5643 5061
8008 3940
1663 2112
8846 3961
8577 1565
7399 8986
1733 8388
2231 5451
4286 3041
2714 7505
8738 6406
4976 3227
7970 3836
2672 5006
5477 3280
7801 4566
9503 8091
3231 5223
6218 7291
3858 465
9720 9078
6326 8587
6468 4851
7566 7007
323 9775
9701 6323
1272 2563
9145 81
8996 7653
4824 5014
7917 8779
2192 6755
6072 3767
6649 5261
5556 300
936 715
9623 8007
3340 9229
128 9194
9728 4480
3817 7788
7407 3088
1727 233
1317 825
9690 2134
6797 3193
4496 3417
2188 2045
3332 3585
5870 2356
2236 3141
3238 8383
6933 1764
173 5763
2100 104
933 3880
8990 7642
4380 2465
1291 5530
4047 8780
7147 3638
2638 2582
6429 6472
9873 7070
1714 755
2356 7247
1359 9724
468 1063
3996 3930
1198 1754
3665 9903
9541 7487
5990 9490
9745 1411
2044 4624
7190 1311
4454 6593
7579 8823
3811 8617
2076 7389
6548 4420
4997 7917
7725 4283
4350 5927
940 3150
6592 5527
6491 830
6654 7621
291 3335
8952 4046
3634 5172
5326 2794
3833 6987
2765 5512
285 3050
3601 863
7113 5518
7494 600
4300 1033
1632 6141
4166 3651
686 3513
9150 4043
8551 2389
2970 1681
3648 4282
9350 9903
1664 3200
4123 4069
8766 2480
668 2992
8943 98
5660 7921
9588 2739
6464 6760
6026 3329
7087 3745
431 663
6470 4188
7615 7777
6849 8173
4837 2676
6423 3335
3797 4145
9936 5870
4429 6999
9221 1648
3236 74
9883 2937
481 4913
8648 25
2317 4266
4774 741
2988 567
3443 7317
4601 4896
3115 242
516 2443
8968 1591
1940 8703
34 3450
2173 4112
654 5320
3559 1582
9464 461
866 4931
7721 9848
9925 5671
2799 5525
4487 5661
5358 821
6426 4498
4792 2218
8322 5376
4588 8543
2735 9468
3603 7190
1325 8229
1619 497
875 5254
1241 6766
3713 2929
4763 4705
9330 6343
5449 4831
4242 6658
2807 2203
4436 4788
1760 7480
5163 1861
9680 243
8378 9878
2394 5417
7757 9553
9247 5802
2456 7887
5245 8492
8151 6095
2000
82 95
70 62
71 7
55 56
95 48
20 9
26 67
60 38
88 84
80 74
55 23
34 57
17 53
36 77
33 20
6 50
22 23
98 99
64 63
77 72
78 69
7 52
27 60
87 89
96 7
66 12
78 91
50 35
53 28
21 14
27 14
70 6
72 24
18 77
66 15
6 54
92 57
84 78
99 71
32 18
70 45
13 99
98 75
84 36
65 97
42 48
54 87
10 32
25 53
22 67
2 30
54 11
35 94
32 54
65 89
5 37
94 22
91 91
69 1
92 29
22 13
13 74
83 53
20 89
47 15
80 13
91 46
65 51
88 28
82 84
33 67
62 94
85 4
27 71
83 91
23 23
36 90
62 98
66 68
64 65
20 21
90 19
51 2
80 82
39 5
89 85
95 36
65 35
50 28
98 79
43 73
61 28
10 13
2 69
59 78
82 32
60 76
70 45
16 18
21 42
81 80
57 65
68 70
39 35
27 98
68 76
54 96
72 98
75 15
16 74
46 93
5 79
7 20
31 62
48 91
13 4
25 12
19 56
3 51
3 37
50 30
7 9
81 2
79 39
86 91
83 35
63 10
37 18
63 39
28 60
50 33
64 52
61 71
35 40
72 17
77 54
10 37
37 26
92 65
93 9
77 41
27 62
16 65
74 67
28 2
92 83
20 10
18 44
92 87
49 15
73 70
48 27
47 59
50 93
61 92
71 50
5 47
39 94
56 46
80 76
15 95
31 99
54 93
75 31
88 33
99 71
48 25
8 42
90 28
67 100
46 54
28 90
29 2
41 47
23 28
91 63
63 94
45 97
36 45
67 48
9 28
62 9
30 48
25 18
33 87
45 26
55 80
94 82
92 49
69 77
83 14
25 96
20 92
10 82
27 17
36 54
45 92
28 67
56 55
19 39
97 100
27 84
31 89
51 19
78 36
99 94
34 9
51 37
95 87
71 85
94 29
27 52
30 84
70 92
44 15
66 67
32 64
58 50
4 20
62 65
45 74
22 90
9 63
93 64
96 72
30 50
91 17
57 92
52 32
5 50
79 30
5 25
92 69
26 19
22 2
70 90
17 76
79 47
20 41
98 2
37 15
44 20
35 82
15 47
24 51
35 49
69 100
33 61
65 48
40 9
66 36
93 57
7 59
23 37
38 18
2 64
5 88
54 100
71 99
52 11
20 9
100 1
27 71
79 62
72 85
79 29
47 58
25 67
3 57
66 75
47 60
39 90
71 32
33 1
82 15
78 8
68 39
79 32
80 12
74 53
22 5
59 86
12 31
82 79
50 12
28 31
29 6
61 39
25 75
22 63
30 92
2 32
96 98
50 31
45 72
51 4
65 94
76 40
10 74
75 7
39 59
44 32
72 17
31 89
46 69
23 52
36 26
2 47
57 69
84 67
42 33
81 89
2 78
30 96
58 76
42 60
14 40
19 37
88 25
70 53
75 57
36 11
54 96
5 15
69 68
37 18
6 49
53 61
66 34
2 25
5 28
96 63
69 7
50 45
86 81
27 50
30 89
49 71
68 97
87 1
13 73
93 46
89 1
91 88
75 65
92 11
59 54
32 41
26 60
85 27
93 44
27 74
22 44
3 55
50 71
79 83
66 4
54 12
32 70
77 80
54 69
71 98
13 94
68 57
83 56
79 10
90 34
79 15
55 18
99 27
22 33
3 20
32 41
26 87
87 61
17 55
39 86
96 41
64 24
13 10
12 64
53 70
66 30
20 8
60 27
85 20
73 62
57 73
52 17
4 62
61 56
47 55
50 46
64 50
24 13
79 94
16 78
92 78
98 44
39 62
37 95
87 18
50 3
51 6
59 11
67 19
93 64
74 57
81 56
90 14
58 13
79 84
15 96
2 9
84 26
19 36
26 43
78 74
3 43
81 26
43 74
85 30
93 8
31 23
50 14
6 4
62 16
24 66
96 79
21 29
42 94
74 41
15 28
14 58
86 54
35 6
85 23
81 90
34 6
84 1
14 48
21 28
89 38
40 46
13 80
38 71
40 16
43 24
52 45
60 96
100 81
10 39
48 22
11 54
54 67
51 54
8 7
17 21
36 15
51 14
98 77
60 85
16 15
53 78
92 90
60 73
97 75
98 85
83 60
73 98
38 5
33 58
87 56
9 87
50 98
76 58
47 79
32 100
32 54
41 64
27 81
86 45
6 59
64 65
19 2
21 77
98 52
77 41
22 96
52 85
78 37
93 68
4 18
67 65
3 7
77 4
32 25
26 63
79 91
18 58
59 47
98 67
83 22
6 63
22 89
49 62
82 27
18 92
9 16
97 16
11 6
69 50
85 5
80 35
93 60
71 8
22 5
49 60
10 95
87 62
30 90
75 32
70 26
64 34
33 47
57 12
52 35
54 70
35 20
59 19
9 45
53 9
50 70
97 3
20 44
60 96
42 12
52 86
85 81
46 82
66 58
94 78
57 28
21 63
64 74
72 27
99 1
98 22
91 48
80 42
37 47
57 60
30 21
88 41
74 72
6 87
87 50
12 19
54 50
67 26
46 8
92 84
1 32
24 31
23 75
47 97
93 81
98 42
98 58
99 74
67 75
2 53
19 10
17 49
5 6
41 35
38 73
52 20
54 88
99 32
63 65
1 89
12 43
22 47
80 56
38 24
10 61
83 83
47 14
77 43
25 27
64 69
5 47
8 14
89 88
67 99
98 96
67 51
43 20
8 26
48 36
68 85
47 46
61 54
76 88
44 53
95 88
15 94
7 36
61 2
37 95
13 88
13 58
66 38
64 68
19 39
2 6
83 95
55 13
53 18
14 87
55 51
50 86
86 28
14 21
3 67
52 5
24 74
10 71
19 9
9 93
94 32
80 73
27 29
50 48
91 8
7 82
17 21
38 23
47 91
23 25
60 49
55 32
1 80
69 51
17 87
50 55
38 57
12 95
77 81
6 20
53 96
25 46
17 7
87 47
98 69
76 95
6 80
86 74
76 11
63 11
81 97
76 28
38 7
81 9
80 32
21 28
87 62
84 80
93 12
27 93
49 61
30 26
69 49
98 94
65 16
95 49
13 15
42 32
4 51
25 81
14 44
42 4
67 67
88 34
86 38
13 39
31 78
9 15
82 1
90 37
29 35
17 28
72 24
69 45
72 79
49 56
53 44
65 62
19 23
70 21
14 27
30 17
39 90
71 95
85 84
54 89
21 98
18 4
26 88
52 54
62 81
82 65
38 40
17 60
15 92
7 55
48 87
98 73
72 75
48 54
99 26
96 61
36 95
81 35
65 36
95 28
66 68
26 25
100 17
37 13
74 57
67 64
12 71
99 88
35 62
42 41
44 78
23 57
47 13
57 39
10 80
87 10
31 39
99 26
54 57
17 3
4 35
11 21
38 43
98 74
82 97
72 20
79 55
60 45
62 81
56 43
86 89
87 63
31 9
67 81
7 64
79 17
12 11
51 71
23 79
4 65
15 97
7 35
70 5
22 25
45 75
16 64
45 76
24 65
35 90
20 61
89 90
2 89
44 88
42 24
99 76
29 38
25 57
67 42
74 9
75 20
52 95
88 25
4 43
20 98
30 55
69 56
2 84
19 45
44 34
5 38
19 86
20 18
40 3
89 65
33 33
63 93
61 34
45 37
52 83
57 97
9 31
69 76
83 15
6 5
9 63
67 43
48 28
88 92
77 61
51 22
99 55
52 46
53 19
38 60
91 57
47 11
21 13
55 29
59 23
42 56
67 83
55 37
38 73
49 71
60 6
44 38
92 43
74 58
37 82
88 67
95 46
31 82
84 8
76 99
57 14
81 29
46 79
58 32
13 64
99 90
65 10
46 41
75 42
76 95
61 21
82 92
81 59
53 53
19 15
86 92
31 17
66 81
87 42
3 20
3 62
27 19
45 58
60 48
91 65
43 96
98 24
33 17
64 90
1 70
62 12
99 79
52 88
37 5
97 95
59 96
76 20
18 71
37 97
16 85
66 53
59 18
24 26
35 87
77 60
52 50
44 71
83 79
9 92
79 42
15 91
45 34
7 31
38 77
11 63
36 11
85 7
90 21
20 47
95 15
96 91
8 86
39 83
21 51
56 9
81 56
30 100
37 69
37 13
95 67
8 66
9 92
18 66
31 68
54 1
52 15
20 46
93 4
47 87
68 5
18 71
33 65
96 63
62 99
8 48
19 99
97 78
99 40
8 55
22 45
11 9
92 47
47 58
86 55
4 6
94 53
81 2
58 72
75 33
7 36
82 45
32 9
28 25
80 59
23 59
29 63
16 4
71 41
66 68
47 7
83 96
59 20
70 17
1 62
35 1
92 68
89 40
76 68
3 12
66 93
48 81
54 88
61 40
19 71
85 38
20 79
18 23
48 2
90 61
89 13
87 21
21 99
81 35
91 73
69 78
14 97
77 73
43 58
34 50
85 27
80 9
45 55
58 45
69 1
9 47
74 88
5 65
50 37
4 38
11 80
93 14
23 79
91 24
56 46
96 56
27 50
24 37
71 54
5 50
62 93
97 35
94 30
94 23
37 72
88 14
28 61
34 91
86 42
35 64
9 46
75 41
46 25
43 68
74 59
68 92
29 93
49 97
15 65
44 20
68 57
60 10
37 82
49 41
24 24
64 59
54 51
21 30
51 74
94 54
93 10
30 13
36 89
86 77
73 90
98 30
24 78
14 63
5 9
66 71
16 88
11 9
50 7
6 41
76 79
55 71
98 66
95 64
45 91
52 14
64 44
66 59
6 72
53 47
69 61
82 62
97 44
88 90
19 33
22 88
86 32
2 23
25 82
35 17
28 16
90 71
46 13
67 48
20 28
43 16
43 2
56 2
62 7
8 62
73 54
40 86
1 57
78 22
48 90
3 34
97 50
49 68
92 55
38 66
12 22
99 89
42 59
62 31
99 32
50 33
66 27
99 90
33 82
7 76
34 11
47 62
52 50
58 77
83 71
58 43
54 43
48 25
11 63
99 63
44 45
24 81
73 9
11 7
44 73
3 22
63 3
17 78
2 40
97 58
57 76
77 56
3 7
9 85
15 53
17 32
43 2
52 48
4 58
52 66
67 30
53 90
66 86
64 57
9 93
23 95
34 73
64 54
57 35
51 79
44 92
40 55
82 97
3 64
63 33
45 13
33 48
18 8
16 1
87 50
15 87
56 66
74 76
15 88
96 25
60 20
43 25
46 18
5 69
66 14
54 30
83 8
76 15
75 28
85 9
55 36
21 59
67 38
79 53
46 62
47 85
98 66
81 84
63 83
16 7
93 75
51 23
56 83
9 10
30 62
24 14
46 1
30 87
65 24
38 19
95 40
95 58
82 7
86 33
93 24
61 49
26 48
36 50
54 13
61 15
48 98
56 35
82 93
91 94
71 44
73 15
47 69
40 58
44 79
15 56
77 100
21 85
16 71
39 55
17 33
68 97
60 37
41 52
17 95
83 48
18 66
67 13
80 88
62 91
16 5
21 4
70 61
76 43
71 89
55 63
11 60
26 97
22 32
59 22
45 4
86 66
19 74
37 22
55 15
84 30
14 53
16 86
55 57
4 42
76 37
39 100
33 83
66 66
61 58
11 70
99 48
21 41
89 56
67 99
45 59
66 71
27 62
37 75
38 9
83 74
50 93
31 32
49 76
27 88
21 58
69 91
10 38
11 38
64 61
21 54
44 11
74 25
68 43
16 51
20 98
34 66
17 91
82 83
25 91
97 33
82 77
40 88
1 88
19 66
27 80
31 50
50 23
39 87
29 55
83 92
39 29
91 44
49 89
41 39
51 96
36 63
4 74
99 88
41 31
54 43
89 53
71 15
78 78
63 84
47 36
15 7
99 84
92 95
39 91
8 27
98 34
23 64
72 33
22 74
40 24
22 11
85 27
83 70
85 49
68 30
65 15
89 12
38 94
27 34
5 26
81 54
49 95
5 39
53 3
92 69
66 71
18 5
69 57
71 94
6 78
11 27
24 95
88 51
68 80
75 45
17 15
28 50
5 94
96 88
49 42
73 98
20 85
42 89
3 57
20 49
32 51
81 17
28 28
35 91
19 16
76 73
39 97
37 29
2 97
88 91
99 45
29 12
97 55
63 68
95 90
95 4
87 87
90 78
76 88
5 47
100 71
10 13
27 19
52 26
39 30
94 31
92 53
17 48
53 83
54 71
29 28
89 74
6 28
64 58
61 1
25 7
74 84
94 34
18 33
42 10
7 30
62 61
36 3
97 62
41 21
86 91
78 58
75 26
18 91
79 94
32 25
41 80
73 7
87 61
60 95
73 93
89 51
76 73
81 44
77 36
100 60
85 35
86 96
29 21
12 84
43 87
48 33
2 20
83 79
74 37
28 32
88 64
1 63
53 49
94 74
46 80
67 15
16 57
52 94
17 50
53 12
26 34
72 86
96 79
22 12
68 32
36 43
44 75
38 54
84 86
33 49
83 53
28 4
4 94
76 10
20 22
44 16
60 2
69 86
16 76
33 76
43 90
2 76
81 19
63 49
29 74
17 83
95 47
62 33
87 25
25 22
22 81
95 81
92 77
2 77
26 100
63 51
9 56
74 26
40 61
75 76
18 83
70 61
66 25
83 55
68 95
93 6
53 53
80 66
51 6
18 57
25 57
85 69
15 35
4 71
49 28
30 23
10 30
33 80
84 25
66 2
15 71
12 14
20 57
98 94
58 25
84 92
74 63
75 68
83 66
13 13
1 33
98 19
65 73
61 17
73 29
33 32
63 25
64 79
38 18
14 47
35 95
4 21
3 40
92 1
35 24
26 30
68 63
31 5
12 82
79 24
12 36
10 84
74 57
85 90
49 11
90 10
65 36
18 19
12 51
75 28
8 84
66 10
78 60
45 72
79 55
83 14
69 74
22 90
5 16
47 22
95 77
60 69
46 31
13 91
74 80
73 44
34 61
51 69
32 75
83 58
51 84
50 85
7 28
93 36
25 14
12 25
86 86
46 55
48 26
28 84
54 91
25 65
53 82
78 4
38 11
22 68
63 81
66 53
37 17
39 99
13 54
75 50
2 1
79 23
1 84
66 99
62 85
60 97
35 26
2 1
4 71
90 91
66 55
54 59
43 73
91 33
14 14
80 78
35 98
74 63
34 61
38 85
92 64
68 19
86 5
61 2
1 70
24 27
92 83
53 93
84 24
2 93
42 37
33 29
60 16
31 83
38 39
23 82
83 4
75 56
48 39
93 83
45 88
43 47
30 51
52 30
79 5
85 25
43 65
11 1
58 43
85 27
21 57
1 62
31 54
35 70
14 94
88 16
53 47
68 27
58 37
26 52
37 11
54 97
87 89
7 3
19 7
59 50
24 17
19 50
45 42
3 56
96 52
29 50
2 10
79 87
93 93
1 29
9 90
45 9
18 12
28 3
9 73
68 68
40 21
100 49
4 1
59 92
84 85
68 63
5 50
75 75
19 8
79 22
31 94
85 5
21 81
71 80
17 67
14 92
3 31
86 95
74 53
3 77
6 69
19 89
53 50
12 21
41 24
7 82
16 71
96 2
3 59
13 34
20 65
10 39
31 26
66 50
14 59
57 80
31 78
13 73
56 67
91 98
4 61
70 72
7 37
22 27
27 56
57 79
80 13
18 22
88 76
60 74
73 29
49 53
52 28
29 51
71 43
29 7
36 9
25 5
87 34
62 16
92 68
93 45
49 55
66 57
69 96
9 47
4 34
24 13
27 87
47 30
50 32
23 1
56 50
45 62
68 66
86 65
68 46
32 54
15 49
76 77
58 40
58 27
61 17
13 35
72 29
69 2
5 23
49 18
59 74
47 5
12 38
39 70
74 39
36 49
44 72
75 83
58 46
16 21
52 92
9 90
93 16
19 74
86 62
66 24
34 43
30 39
9 32
76 88
24 69
51 96
72 13
63 40
39 58
93 68
67 89
58 65
14 53
50 56
66 1
60 9
28 34
93 37
83 46
29 45
87 4
19 1
100 32
93 39
48 60
66 88
86 6
8 18
90 28
46 99
55 38
2 94
56 18
54 84
40 5
39 92
86 92
26 12
97 46
61 28
67 37
83 15
36 51
13 86
75 57
51 27
66 96
90 7
3 59
72 96
8 2
46 51
16 23
5 41
44 47
34 94
50 61
9 14
67 92
88 45
52 87
27 87
36 22
45 50
59 6
84 87
12 95
47 68
45 76
7 64
27 4
77 98
87 64
85 33
37 84
12 62
29 58
43 52
82 41
26 54
43 6
42 96
85 78
37 24
18 35
19 32
34 82
8 75
9 6
13 100
66 49
17 69
84 74
35 33
38 14
23 37
97 67
17 93
53 96
74 34
52 40
69 28
75 6
60 28
86 19
95 48
84 83
35 73
41 89
88 83
48 44
50 77
21 55
14 2
16 15
47 97
61 79
44 98
41 98
3 38
59 31
40 55
40 52
20 25
6 67
39 40
69 58
92 78
63 61
37 20
81 30
81 72
5 92
27 10
67 69
88 95
64 37
56 48
28 67
19 26
28 4
28 21
94 48
71 54
53 41
64 61
39 28
57 8
91 53
64 32
68 12
48 7
36 60
8 53
18 57
15 27
83 86
88 14
21 63
78 99
33 14
7 28
27 81
79 38
67 93
13 39
95 59
36 33
47 24
70 65
16 49
4 18
44 63
46 42
43 16
69 3
55 55
84 8
96 64
6 61
11 11
65 87
52 94
19 63
54 9
12 87
48 2
28 45
54 29
97 71
30 88
87 22
34 98
49 87
74 62
29 94
100 87
90 98
36 94
19 73
88 83
19 31
42 46
1 3
100 95
55 30
68 86
94 91
65 96
72 7
88 23
21 6
98 15
79 91
54 80
57 69
60 68
88 29
18 14
95 11
36 97
68 47
43 17
49 77
73 54
68 1
8 58
54 28
72 32
41 38
80 67
85 63
71 61
11 97
90 24
72 77
70 18
79 79
44 14
96 82
94 83
54 75
51 19
35 38
26 9
69 74
79 40
49 12
75 37
77 79
95 82
10 2
