1000
8934 7105
1594 5957
5150 1762
3188 1129
8174 186
9373 697
1298 6282
1523 5361
3286 7056
9854 7506
4449 8095
3291 3977
5468 6235
8125 6311
7724 7997
8734 9530
9739 4670
878 758
4090 2886
8969 3596
3401 5252
4359 2635
3414 8607
4694 3954
7294 8994
4853 8521
7536 6429
5252 7775
728 9783
3577 5431
2859 8043
22 7865
2250 4444
4107 6151
1467 6867
4950 8843
2454 8921
8182 7049
9818 2455
5186 8177
2114 9006
3586 3173
1718 6263
4122 2630
5752 9198
8392 3123
5234 7693
7031 4757
847 885
6299 1321
5486 7839
7214 2915
7523 7693
9086 3353
850 5056
6041 4578
3180 151
6312 2629
9210 3457
9000 2339
161 6838
1247 1538
375 5421
4533 1342
2922 1421
3692 944
8121 9650
7343 3907
7582 3586
5636 3034
7672 9238
7111 3867
8252 7844
9237 4028
671 8966
1920 7533
4313 99
1123 1047
3576 346
2530 1116
4861 3528
7878 6989
9936 6823
2185 9016
6961 9912
4789 8431
5064 9707
1746 58
786 9332
3110 2099
4989 3668
306 7290
6179 7769
7441 4400
7856 242
2179 7537
9116 623
4328 7802
4826 9926
2319 8186
1084 2781
2792 5914
7946 606
6861 7982
6130 2409
7899 6845
8345 7158
576 5636
3 6508
4742 5723
7066 7603
924 5647
225 7904
9036 6619
8513 8316
5492 1439
9503 3635
5452 7452
7026 3546
5294 6548
7888 6482
9226 8945
4372 3891
4884 39
7302 3042
9833 4582
8803 9178
2779 5512
5991 2320
3049 7763
4075 4291
1305 5702
9211 672
573 4947
1337 662
1245 5699
9058 3429
699 7148
305 6201
9371 282
3386 5952
1097 2594
6128 898
4674 8218
3623 9110
2651 4342
9502 80
1684 9717
5270 6452
9776 8985
8069 2340
929 5858
9795 6622
7407 908
7506 6929
4302 1756
6669 3456
7109 3027
3059 2511
9546 1810
9388 9886
8649 1416
7870 7601
9203 8555
4117 7354
1054 8437
4967 3517
4035 9086
7892 6704
2805 8828
5261 2300
2749 3002
4176 6448
3113 4323
1211 1397
6246 624
9903 9249
8771 5911
5983 2077
5258 1448
1297 9596
4054 7732
1547 8747
4703 3213
2067 8533
690 7616
5491 8996
4065 6884
5404 6852
4169 9852
5921 5593
3718 3652
4111 8648
895 3823
4854 4509
2878 3917
2882 298
5319 4465
9636 6496
6636 986
2240 1863
858 3845
6262 2159
1017 6807
2533 2340
180 8597
2639 7481
5165 5799
8043 2880
9612 4012
1520 7752
5948 6151
9509 9650
5132 9530
3390 4480
2658 5988
1389 6732
5451 4633
2448 2609
39 5252
7185 496
820 6402
1374 676
5082 6065
7312 5149
2581 3755
6799 3946
7489 7191
1814 4629
8232 2232
7626 4509
5843 1982
3486 1972
1984 6597
4412 289
9785 303
1194 6202
2995 4455
9290 3315
6372 1224
9318 861
6877 9069
7356 4378
1143 9405
7501 9768
46 1783
8417 1770
1315 5614
3415 1609
6717 9385
9536 4771
3344 6912
2764 1880
2528 3925
2581 8376
5888 8862
843 8639
3794 9884
979 1781
323 4894
3633 8333
426 7914
9389 3266
8706 4074
8894 7607
2595 6696
2698 4940
2557 2401
3692 6432
9083 1705
3393 9730
8464 6175
9994 1218
4863 4085
9295 1827
4379 6568
9916 1237
9392 3703
3576 5323
2204 6651
1 8392
4140 9727
3027 8369
5291 6867
9065 9840
6370 8541
9717 9916
4004 7498
4219 5607
1228 4713
9221 5321
2423 1723
9924 895
8852 7345
7785 4292
9876 2660
9871 7001
3922 938
9832 4177
3320 7219
5214 3952
5019 8756
3539 5069
1576 4131
2207 941
9808 8008
2236 3597
1728 6749
9437 8256
472 2723
7288 9320
4121 9694
9592 7449
167 4883
674 6296
5719 356
1536 848
7561 8874
5311 4871
1915 7193
5297 7580
1666 499
1738 6373
283 8800
9288 7137
9015 3050
5069 5094
5746 113
5374 7057
7780 5704
2921 7482
1222 858
2493 3820
8495 1038
6446 3935
8627 456
8289 8449
5036 7596
8100 4855
501 3017
1485 5345
8504 6370
4114 8779
5184 8585
1895 3810
362 9042
9353 7767
6119 5101
2995 1350
2443 5902
4603 633
312 2489
6808 890
7689 2963
5199 1343
753 7597
2804 69
4955 2223
1663 3647
7166 4825
4112 2825
3547 8206
1402 9173
3490 4170
173 8503
8581 5290
1180 6400
4889 5031
6242 2057
3352 1447
158 4018
4356 2765
9409 1023
4541 758
2048 4565
8319 2728
8321 3871
6724 6708
1092 2857
4295 7055
7614 1023
3033 7181
1003 1141
1679 5396
6759 3658
9745 8962
588 5425
2375 1948
7212 6074
3950 3766
3698 8785
6268 6130
8074 8174
7138 6682
4391 1941
1671 8389
612 6859
3059 9801
3314 4635
838 2734
509 5453
6801 4747
4452 6655
2365 8627
3198 440
1880 30
8015 2204
715 7119
6697 164
9544 6488
4372 7457
4404 7009
7775 5099
159 8428
7305 4037
3612 9219
8280 7952
3437 8892
7911 6467
9431 5926
8965 8642
4272 5146
177 4562
8583 2182
507 2004
6673 3911
8900 4233
2868 3650
4462 7753
9714 3301
1516 5233
2209 7159
7138 7695
9502 6440
4985 9873
6813 5914
9231 3810
2093 8848
7388 6268
791 6635
2253 3345
7523 8939
1314 1561
4575 238
3074 715
451 9220
8338 9951
2863 9515
4817 9123
3414 9027
3993 4743
1496 7610
5973 5606
2725 2830
11 5707
4867 9021
6992 770
316 6467
5018 2825
4472 298
7861 6482
2819 6843
3930 1918
4838 3159
9677 9664
9703 8668
8692 5723
5706 8149
7432 5582
4989 4309
9413 9255
7122 4126
2901 3393
4188 6910
8917 3530
7285 6131
1045 6560
9408 9026
701 6214
1474 9428
4050 500
3843 7866
4964 312
1420 3485
7152 9644
6166 8136
6938 5559
4659 5407
7585 5067
2562 8415
7670 1314
5966 3336
2161 9129
5184 6883
7011 5844
9449 9554
5710 1263
9872 7797
564 383
4022 1223
7743 9887
965 2133
3293 5568
7030 4561
7068 3972
866 2489
3077 6371
6518 7661
6005 1866
5264 933
9544 6523
209 3154
3261 5592
8559 4704
3177 3276
3467 9642
8258 6998
3762 2166
2915 4573
8545 5144
5494 3412
9907 2072
4332 8835
3012 5443
9770 7984
8823 181
7441 8823
5525 4120
377 3389
5793 1245
3588 4675
3271 8998
9526 1105
4816 9817
1383 3369
6813 7181
7872 9340
4025 156
9533 1091
8432 3647
404 937
2594 9944
8626 811
3191 9288
2288 2811
4596 5440
5287 723
6712 8799
7135 1260
1055 5070
6115 7611
432 4001
8271 9751
9345 5321
4401 5310
226 7320
669 6710
9114 8463
7687 969
8390 1384
9022 6097
3394 3075
9511 222
2131 1647
3251 363
1828 6643
3931 7008
9074 69
6269 8943
9350 5551
590 6719
8875 2299
7345 56
4135 5920
2420 868
7096 4047
8858 4587
8355 9904
2504 1359
4619 9354
7878 2029
4904 1893
3503 8435
1236 1724
5663 9740
4062 7262
3463 7598
8374 6600
6533 9783
9445 5233
3232 7771
9530 9213
8596 263
6563 263
9827 3554
3441 7144
5361 3661
8883 1434
7550 7622
2809 1283
8818 4898
1536 2620
4309 1712
5963 4897
8816 3824
2045 2856
6511 5344
8219 6615
4740 8408
4465 5142
5237 8622
86 3538
8283 7851
4897 2993
8777 7078
4596 4631
9803 6147
2137 4713
9729 1165
8434 2469
1530 4030
5992 1303
9603 6065
6953 6716
3165 2031
9065 5237
1867 993
5992 741
6903 9086
5232 763
5910 7635
5921 6941
8756 1452
5970 1241
4807 5880
5057 706
5927 2859
2336 1108
5530 4686
2546 7828
446 526
6759 8801
1091 992
4365 5259
2382 7537
1199 1037
1751 9347
3350 852
4654 2637
5718 2062
8943 8695
3527 2557
5678 4327
3530 5532
6028 5729
1878 517
4882 4852
9652 4081
9553 5650
9933 4618
9620 5935
8506 3651
2915 6882
9898 6419
6741 328
354 826
9723 2603
7691 5169
3386 8528
7088 7696
9448 2981
6385 4702
2511 6032
1997 4489
1734 5490
7726 9304
6453 7307
722 7736
1749 9903
707 7161
5643 2256
5366 5695
2265 4328
4988 5197
4564 7093
2005 481
444 97
4094 7516
1631 7460
1849 8001
7467 4493
9229 822
4108 1671
1960 4598
7307 4083
5438 4246
5342 8791
3557 6848
9560 3098
2083 3181
7119 2847
9047 879
1750 8475
5612 9466
4698 1293
4078 9165
5834 7207
5184 4451
4512 9603
8089 785
8509 1411
7520 4489
8857 6868
4029 5649
5822 6544
7812 1532
153 2932
1269 7360
2339 3872
7648 9801
1415 5457
632 2253
7863 7081
8805 7793
9970 8476
1588 2767
517 1684
1015 3029
2324 2399
732 8760
5526 3112
6961 1810
1586 1927
3999 1041
1495 5670
3338 7038
7558 463
3554 7448
7721 5661
5897 5366
6700 1058
5380 4138
6085 9660
306 3843
6256 6795
8037 6567
4076 6458
832 7892
3484 9032
484 8661
6712 6377
7115 8358
4545 7548
7726 4811
1762 5353
1496 4189
1300 5296
5491 9812
3417 6490
1604 2507
9354 4724
8636 6355
8625 2849
9166 4032
9361 2644
8289 9074
9212 15
6894 7241
210 6559
1335 5178
8240 8420
9676 3772
4709 5197
5956 3727
9058 8909
344 6933
8000 1763
8535 7817
5161 6782
6264 8741
4777 7468
669 826
2873 9348
2313 5459
8903 8190
7533 7208
4877 1278
2947 2015
4070 5331
9709 2386
8542 6554
7455 4671
1461 3632
105 9390
3358 6617
3499 8866
8725 7337
7860 8207
142 1375
6376 6224
7789 1002
1757 1972
180 6364
6808 6989
5097 7963
5180 7935
2556 93
698 2030
1181 517
3821 1507
7468 697
8804 9301
9318 6006
9168 3690
6015 9198
1943 3034
7744 6847
3448 7292
4372 98
4069 178
523 7542
1673 9296
5859 2835
2552 5493
8578 1558
1235 43
406 6825
1521 2863
6801 4265
4351 5114
2975 9528
11 8550
9351 1136
1298 2100
1034 6984
4796 7855
5037 7259
8719 7172
5701 7056
6299 468
8628 3142
9131 6904
5153 6122
5845 7714
8980 9824
6661 5652
8059 5773
5248 9671
8621 1234
7904 2121
1552 607
5685 8963
9221 9947
1305 9270
5312 4746
7517 5798
5168 477
2857 6735
6288 498
3159 3021
8333 1507
8308 4254
2996 6733
7216 1856
3645 6821
7231 9785
699 1420
7845 9677
9752 6585
9917 2278
8659 4579
7155 5520
8994 78
4316 9198
6496 7666
255 3338
9973 8998
9574 2447
3369 4983
119 9039
1731 4343
978 1793
3807 9189
164 9227
1043 5037
8112 1290
2426 667
9109 5059
188 8215
6972 5972
5159 5437
6742 7282
714 8798
1268 3092
5070 8637
6079 5863
259 9461
6440 6881
4314 5451
5923 9119
308 2233
8467 6618
4392 82
6367 9982
5767 6024
9651 971
8601 8247
7479 966
5240 8169
3988 6598
1366 4238
4427 2727
8416 9141
6202 6382
946 3600
5125 1834
6683 9980
9205 1783
6962 1795
830 5138
19 2223
1519 1604
3618 2893
5631 7418
7674 8989
7239 6424
1743 6614
68 1866
1601 6643
6801 7675
4889 3876
6003 2281
902 3899
6580 7972
8143 9718
4944 3066
6324 724
3374 5487
5025 5301
5597 6314
6396 3797
5805 7346
5754 7010
7131 5156
2013 5817
8435 5038
2930 6861
9702 1253
3512 9962
7850 8101
4439 1324
1785 2306
5216 5023
9156 4550
4479 8690
8920 662
3326 7107
4123 5544
7075 433
234 7139
3503 6101
1365 3338
8495 326
1924 4511
5008 8539
6485 1916
1356 7954
2969 9087
9743 9090
1206 7999
8335 9146
5327 5582
3987 6547
3344 1499
946 7961
5052 4375
4211 2231
548 5222
1146 3378
9301 1114
7667 2769
2103 8940
1587 2315
77 2858
525 6573
10 6049
8418 8651
1007 8413
7105 6582
1866 7295
5858 6050
5025 2884
5609 7472
9899 1390
6075 3217
4718 6746
8877 9394
2993 2466
833 2964
3842 1758
2000
95 74
25 82
39 94
91 19
31 23
68 30
98 13
79 75
3 33
38 5
28 70
27 19
28 3
53 9
82 67
92 26
87 21
88 31
24 7
24 100
71 100
32 67
40 15
35 58
77 30
13 29
47 70
4 12
61 32
4 46
26 59
15 3
97 9
91 4
23 5
74 9
25 51
2 3
42 22
7 15
4 39
47 88
77 6
15 74
33 21
7 66
76 68
69 29
50 96
26 71
27 61
17 27
90 84
69 15
36 12
13 61
88 4
69 15
44 38
77 57
10 59
58 12
99 51
41 42
30 100
46 79
6 42
19 80
79 60
27 28
48 41
63 24
11 10
48 43
91 8
38 1
69 26
98 26
44 99
51 95
100 27
20 98
52 88
7 51
23 41
93 10
27 26
42 9
54 80
71 61
34 6
85 24
97 99
10 34
81 94
9 33
9 22
74 34
100 95
26 49
95 45
12 30
53 95
79 84
47 10
6 5
49 5
64 39
81 42
8 2
73 67
8 82
69 49
89 3
34 89
1 15
24 76
69 25
16 13
12 98
4 58
71 67
2 58
77 8
12 27
40 41
1 91
50 75
84 67
40 88
33 19
61 73
3 57
87 18
94 12
89 26
3 38
28 100
13 81
77 20
40 1
32 49
60 6
54 64
32 90
35 53
63 61
38 47
66 41
77 16
14 19
60 59
81 74
98 27
48 61
92 36
8 16
33 46
72 85
25 39
27 45
73 29
37 94
68 20
22 22
40 59
60 35
28 41
49 40
63 36
18 41
37 15
44 81
23 43
44 12
70 42
63 37
39 10
53 6
16 80
93 20
76 100
1 78
70 21
82 46
100 57
30 90
81 88
67 84
76 22
21 16
74 24
36 87
10 94
37 68
6 15
70 1
5 94
85 96
45 75
94 47
27 52
70 76
6 2
83 66
32 39
36 58
34 98
74 78
43 81
6 100
2 2
65 10
75 7
32 31
19 69
53 15
19 6
87 57
39 59
50 27
76 76
71 20
14 2
93 35
94 98
7 21
44 13
47 66
48 87
71 92
94 6
31 85
23 45
30 22
10 48
88 28
18 78
80 77
11 32
15 12
57 53
5 78
97 47
94 81
94 22
40 17
42 57
80 9
77 86
25 38
39 5
22 46
93 98
21 47
43 72
98 100
49 68
99 54
70 74
13 79
54 19
54 97
76 84
45 44
31 82
98 68
58 60
63 81
25 87
78 58
15 96
4 78
92 28
24 21
70 4
100 63
79 7
28 81
51 88
37 74
67 9
82 67
58 49
50 38
31 37
85 32
40 32
38 17
39 84
56 34
96 26
56 42
61 46
34 34
56 22
59 62
9 6
27 48
14 86
1 73
41 51
99 81
51 55
40 25
59 48
92 63
37 57
38 28
11 55
69 92
46 81
80 40
80 39
67 64
33 54
77 48
65 93
23 81
35 15
92 67
77 96
58 98
20 35
19 16
31 62
53 1
27 84
49 50
45 16
35 45
66 32
31 62
4 75
67 51
48 76
59 87
32 77
22 80
29 98
67 88
43 71
32 34
57 33
81 47
84 22
64 2
25 17
1 72
42 73
95 15
70 10
30 40
44 94
3 70
94 60
98 14
3 35
36 43
38 42
83 81
69 33
71 2
70 21
38 28
91 57
62 97
7 12
33 95
83 45
79 95
75 50
77 26
93 51
78 16
6 68
1 93
42 68
18 88
98 59
86 2
71 54
85 92
10 30
66 55
77 39
16 3
38 70
71 86
73 35
92 89
27 62
37 67
71 61
77 85
81 65
42 81
97 24
81 66
39 16
33 62
70 12
75 41
80 10
25 54
55 30
32 2
68 79
24 74
25 94
10 98
62 60
39 5
68 74
49 13
91 47
1 82
63 68
21 68
85 51
76 98
54 100
40 4
44 99
38 48
91 72
71 45
43 60
28 95
54 44
41 11
33 65
36 23
82 87
65 13
8 53
18 29
46 100
98 47
31 95
15 33
96 36
23 6
24 78
65 37
92 77
85 45
47 46
12 66
10 85
45 62
27 56
32 56
2 34
40 28
47 31
18 59
2 66
45 15
60 89
31 40
61 44
95 18
65 44
16 73
92 26
3 65
64 62
15 96
22 65
48 11
100 94
38 34
87 25
40 91
48 21
51 83
63 56
78 34
92 1
36 97
13 87
31 91
41 27
75 51
25 39
54 87
17 100
31 49
77 61
34 51
13 76
79 14
31 15
43 83
36 38
69 42
81 10
7 37
46 10
70 10
6 65
98 4
72 41
47 81
3 57
8 87
78 89
24 97
37 85
18 19
17 20
16 50
75 35
76 12
13 55
7 70
25 94
30 82
34 69
1 78
2 55
8 91
89 29
24 17
23 38
42 96
20 2
42 15
22 93
27 95
7 51
85 43
91 50
20 4
67 68
60 11
11 99
70 79
62 49
46 15
79 38
92 65
6 22
27 68
74 79
75 25
84 73
11 52
33 82
17 19
46 47
72 57
50 86
51 54
21 96
37 58
67 44
16 9
62 80
57 54
56 13
35 23
22 42
94 75
17 79
43 71
37 14
71 59
58 42
14 35
72 46
81 65
24 32
13 16
40 41
88 28
97 98
36 78
4 96
50 64
43 13
89 28
8 61
21 59
56 15
24 79
55 49
53 93
77 91
98 13
70 77
7 41
64 98
60 22
97 91
11 9
81 27
51 1
86 27
4 75
23 48
73 74
68 83
63 98
29 70
72 53
17 60
55 3
68 87
89 53
31 96
80 19
94 76
98 90
24 30
30 54
14 54
79 100
45 6
67 70
18 91
54 6
99 28
12 3
68 29
14 76
50 65
13 76
69 20
4 65
54 28
31 80
10 29
77 50
50 83
35 24
4 2
18 29
90 66
82 16
4 50
13 33
59 81
74 66
46 31
35 94
87 15
10 30
79 57
67 48
90 42
20 51
15 22
65 14
22 48
55 33
83 57
55 84
57 100
49 78
20 22
32 16
98 7
45 47
94 70
65 11
69 27
3 56
44 53
65 86
10 82
29 87
35 74
86 87
68 49
13 8
24 95
37 55
33 75
53 37
64 70
1 35
19 51
57 60
16 94
67 20
63 61
93 28
2 87
8 68
98 40
52 19
83 32
78 91
6 20
57 33
90 12
65 10
73 88
6 39
78 59
59 99
19 40
72 27
86 27
64 72
16 73
12 15
12 56
31 69
10 30
77 62
14 4
29 52
13 75
30 52
36 39
58 30
36 27
67 35
42 64
16 57
45 93
99 90
41 30
86 61
74 67
78 78
3 63
89 53
95 53
11 48
61 69
64 52
95 22
25 11
100 17
15 50
93 77
37 17
49 83
14 17
25 56
33 86
69 74
14 60
3 64
93 59
81 58
69 30
72 81
96 53
61 18
73 84
29 10
68 61
51 55
21 70
19 4
96 91
4 40
46 85
13 56
90 4
50 81
48 18
27 10
23 3
81 99
2 96
53 79
1 94
89 1
65 66
72 29
53 88
13 69
47 87
65 59
66 71
20 19
52 75
69 36
24 34
50 51
10 29
26 73
5 58
25 41
65 84
76 59
41 82
48 89
2 28
97 33
94 42
80 1
9 97
2 58
84 58
73 73
44 73
85 98
93 67
9 2
28 75
86 51
51 5
10 99
19 39
91 86
86 23
69 81
37 56
64 83
44 37
96 99
46 71
31 18
37 26
6 82
41 7
36 95
68 70
77 17
84 76
36 1
13 22
36 86
93 67
56 6
69 26
20 94
77 82
83 67
19 9
6 66
15 86
4 60
57 12
76 1
47 13
96 49
96 64
76 68
58 79
26 77
12 23
82 96
55 97
39 40
46 31
18 55
91 33
14 65
80 70
90 32
89 26
6 97
84 28
22 96
25 74
92 10
3 52
22 29
83 8
41 54
10 34
72 66
89 56
74 63
80 96
13 80
25 32
24 84
2 32
30 49
39 95
69 44
17 95
35 59
69 50
78 87
36 46
30 41
69 14
93 64
59 40
98 17
3 67
50 57
1 69
15 81
59 64
98 52
3 14
20 78
1 20
20 58
71 63
2 41
17 50
84 99
99 93
34 96
15 71
97 51
89 58
66 1
35 33
95 68
85 86
71 60
85 49
98 35
67 14
22 60
12 71
60 59
48 44
22 13
50 2
16 25
56 38
81 55
34 23
35 79
56 62
64 20
50 43
68 35
70 74
19 80
5 98
60 50
83 65
99 35
16 1
53 25
51 85
57 64
10 62
42 55
50 15
39 8
11 58
87 66
12 89
51 10
41 16
88 62
6 62
30 52
11 33
56 91
82 24
74 26
100 7
65 91
14 47
9 30
19 73
21 9
53 71
1 20
18 95
50 98
62 45
37 48
88 64
90 46
25 4
70 80
74 75
58 3
83 19
51 55
53 34
32 36
34 59
20 88
15 60
30 16
23 31
70 78
6 49
94 30
74 78
100 20
27 20
100 40
39 1
12 85
49 31
98 82
35 20
60 43
97 88
82 56
98 61
64 58
63 15
35 91
51 3
67 45
26 74
87 25
43 30
33 52
48 19
88 3
56 7
7 76
23 24
36 61
19 57
38 52
85 40
8 96
71 96
85 96
14 49
63 80
9 10
82 62
30 17
52 71
71 86
68 49
67 82
70 99
1 55
60 94
14 39
69 92
73 90
33 5
10 45
23 61
86 87
59 27
32 84
80 33
33 3
15 77
80 27
74 3
26 36
7 55
6 21
76 18
89 89
100 7
7 10
43 26
100 73
38 78
96 78
19 80
31 12
17 93
11 30
15 19
50 98
52 22
73 92
41 14
76 95
67 69
64 81
85 67
81 26
35 6
25 39
27 71
55 94
86 61
91 55
13 95
22 46
51 52
13 94
62 63
38 30
29 36
95 52
72 95
97 39
76 94
60 29
48 39
34 57
77 36
97 37
9 31
98 38
80 69
81 28
28 74
94 73
31 17
99 42
85 18
1 15
3 55
36 43
38 91
2 47
53 74
75 55
56 41
15 99
38 31
4 42
100 1
70 74
21 17
81 6
41 30
42 36
16 48
66 40
100 90
45 13
18 70
45 49
63 4
72 22
60 91
73 38
40 92
28 45
57 97
39 21
61 73
42 42
43 79
52 96
46 18
37 92
8 78
69 50
45 22
35 28
55 5
68 83
85 86
53 16
44 67
47 27
24 44
5 76
92 96
4 40
74 71
88 100
65 12
16 53
53 35
25 99
95 22
9 47
30 5
100 98
84 69
70 77
43 64
61 88
50 48
16 49
53 18
14 80
56 68
55 99
84 99
98 21
91 6
8 8
32 78
76 35
45 40
97 38
17 97
36 86
53 55
64 89
44 68
2 17
43 57
14 51
29 63
23 53
23 8
44 75
37 53
53 73
60 14
66 83
16 64
58 26
59 39
89 29
38 45
53 1
23 85
76 89
12 53
24 40
58 34
61 19
20 99
42 8
43 5
60 48
2 56
46 89
60 44
89 70
67 9
89 100
85 11
6 77
4 74
16 5
93 79
66 99
83 45
41 46
71 90
48 81
10 22
83 5
1 89
31 74
16 10
24 87
79 57
87 25
90 61
25 50
92 2
13 5
31 49
76 80
49 92
6 29
90 59
94 15
12 85
62 81
75 24
48 97
13 3
37 75
47 74
74 56
1 74
26 81
45 75
31 14
29 61
18 37
9 28
81 9
84 89
3 98
88 45
26 87
92 30
63 4
83 41
97 22
93 76
27 12
8 73
58 13
65 29
63 46
82 43
33 19
73 94
68 86
46 71
4 99
13 91
70 28
38 22
14 54
73 65
71 32
28 36
13 10
20 55
40 23
72 65
97 64
14 90
80 88
89 39
9 67
22 88
12 49
55 62
24 19
77 53
20 50
97 10
12 70
24 17
93 66
66 65
28 72
7 31
85 20
6 45
54 74
79 35
32 72
10 84
7 19
5 49
13 96
48 26
32 12
65 59
79 53
72 81
71 72
61 43
36 10
98 76
22 67
82 51
59 1
95 32
28 99
15 77
85 53
95 22
82 59
82 97
29 70
36 3
37 45
90 52
69 83
16 61
95 57
86 20
96 82
18 23
33 2
38 94
69 82
81 85
39 59
15 89
61 61
96 81
33 11
49 82
44 64
28 38
96 86
98 89
32 53
75 15
58 27
7 93
45 45
59 65
98 98
92 12
48 76
96 91
31 77
30 25
67 84
42 74
89 78
42 93
11 17
11 58
100 89
79 7
60 14
94 57
85 3
77 90
48 85
30 1
7 2
16 9
1 70
66 30
35 35
9 43
87 76
87 82
18 8
26 33
14 91
18 70
45 16
78 67
4 55
53 14
17 22
85 94
31 42
62 32
64 66
28 83
65 83
27 35
50 16
36 70
60 3
87 55
70 63
45 43
98 41
3 48
58 23
35 6
90 91
62 5
89 21
100 58
10 58
33 72
10 95
81 60
3 14
65 14
91 17
1 74
12 57
7 82
39 52
89 3
65 57
39 57
53 66
20 16
16 79
80 26
43 77
21 23
12 48
77 44
30 23
56 6
67 6
55 43
34 93
83 84
2 16
84 28
88 47
51 4
57 10
91 38
43 70
83 42
82 86
95 59
21 88
86 54
7 34
56 72
70 45
26 66
21 35
74 68
43 72
84 100
32 45
60 50
12 92
66 43
71 84
5 77
76 94
63 90
74 50
11 19
67 96
25 44
93 86
17 52
94 44
24 24
21 23
11 50
95 22
63 51
12 11
4 87
83 90
68 4
23 9
97 12
12 38
55 62
46 79
57 28
13 99
64 69
15 6
26 25
68 31
1 82
22 35
66 46
8 28
51 28
5 60
72 66
33 81
24 53
32 33
81 51
35 72
53 47
26 79
83 92
2 79
79 8
14 82
59 49
23 34
87 41
18 57
64 26
18 54
92 81
54 19
52 44
72 75
87 33
37 59
38 22
26 99
32 40
36 1
15 87
57 75
33 67
70 59
53 60
18 37
51 84
44 89
60 58
43 42
96 86
77 15
51 25
74 70
36 37
60 59
54 63
9 5
82 29
61 29
24 61
93 37
95 36
73 74
94 11
94 99
46 49
68 54
34 86
86 39
48 51
74 77
75 3
44 55
64 73
83 31
65 34
76 57
14 29
30 51
17 20
65 33
48 63
75 28
92 66
6 90
12 58
32 22
81 86
76 15
46 41
50 41
30 79
16 88
12 39
31 84
98 30
82 13
91 68
55 23
18 28
93 12
45 46
29 89
56 20
1 90
58 34
48 32
54 41
65 7
63 83
45 46
63 14
6 29
89 95
53 53
58 41
60 66
60 2
93 71
83 3
78 61
92 62
89 87
41 92
37 59
9 93
9 92
6 33
3 72
51 12
51 28
25 97
60 90
12 16
38 47
33 43
52 87
100 52
100 71
99 83
1 90
71 5
98 97
10 55
38 44
55 63
42 3
10 62
32 71
16 44
77 80
46 46
72 24
76 70
26 16
91 90
19 37
11 62
90 65
17 68
73 58
40 39
1 10
90 57
48 13
84 68
72 41
72 92
26 96
71 17
95 88
72 4
43 10
40 57
61 67
79 70
62 95
81 83
7 59
90 65
56 67
100 98
51 27
39 73
98 71
71 47
18 42
52 30
100 99
7 42
100 22
98 50
11 73
26 36
52 87
75 97
74 40
49 62
32 7
2 99
33 82
26 66
92 53
94 81
11 41
65 65
26 4
7 47
26 4
30 90
12 35
65 30
77 65
81 61
41 5
73 19
15 4
39 49
96 99
87 98
96 91
20 62
52 80
64 17
53 72
21 99
92 77
69 79
13 92
57 37
96 38
29 83
57 75
35 58
77 45
6 65
94 26
37 88
46 7
56 30
63 88
50 69
46 92
17 77
95 33
93 79
9 68
55 86
33 84
92 4
14 61
48 52
89 47
9 97
75 14
28 15
91 81
100 38
42 22
4 11
10 63
37 95
75 47
62 20
82 55
88 5
73 53
37 43
57 46
44 49
38 74
9 10
20 48
31 54
92 75
44 8
55 68
5 75
81 77
42 10
11 38
13 4
80 77
59 43
53 68
63 3
85 69
65 3
37 23
98 53
78 15
8 99
18 22
53 10
33 7
86 22
3 95
78 2
51 59
30 16
2 9
62 86
78 99
69 83
87 94
9 42
51 87
37 43
80 89
10 3
51 60
67 65
39 68
86 27
41 85
67 86
86 54
30 8
52 65
66 41
64 90
94 51
88 76
95 8
3 75
68 11
72 72
89 17
1 76
37 95
85 21
30 14
84 42
45 17
32 83
33 65
17 36
71 70
71 14
82 7
34 37
23 8
47 71
19 17
54 9
4 85
23 29
32 55
79 87
86 71
59 95
77 44
51 59
46 67
69 11
89 75
100 48
90 25
81 46
42 47
91 26
12 6
75 70
65 28
64 64
97 97
90 95
77 72
44 66
64 16
100 4
91 23
23 98
73 73
50 26
66 88
62 22
1 33
42 9
41 55
16 91
3 55
67 40
77 53
54 23
96 46
74 29
7 87
89 35
94 83
68 25
18 43
42 99
50 50
99 56
20 69
10 53
56 76
86 69
89 73
56 20
30 43
19 27
89 25
9 72
75 56
6 61
62 61
22 20
46 71
31 21
65 77
25 50
6 53
89 59
30 46
92 97
3 36
47 99
42 81
32 9
73 58
79 16
26 8
7 98
79 80
9 43
93 28
44 85
43 11
65 67
22 60
28 82
51 6
62 30
24 74
31 86
82 5
57 79
88 19
53 4
22 38
81 16
62 85
14 96
22 33
10 25
52 13
71 21
30 5
80 99
22 54
66 26
96 73
92 64
69 3
89 94
11 97
21 16
43 94
50 13
48 47
41 20
93 25
61 90
91 94
4 81
97 87
70 4
63 3
49 68
7 2
84 84
48 7
75 93
74 47
91 4
86 75
13 13
69 20
46 38
75 100
71 31
39 44
46 51
1 13
65 94
44 14
8 25
28 65
54 31
17 6
