1000
4370 1862
5358 6632
5270 4338
721 6685
4883 899
7765 8107
8753 4172
5099 6037
8457 8175
5103 5360
9278 4170
2307 8500
6686 7188
5104 7584
5627 490
1034 4756
9606 7574
8875 1475
9834 4642
960 4433
8376 7843
9504 3050
581 9990
7999 5504
5062 2836
915 4637
83 8151
2884 9913
7427 9563
4574 7898
9164 4268
7398 6991
2260 6066
6894 5148
1945 7679
8712 4011
8470 8922
2888 7085
5674 4669
8457 8026
3457 2516
3828 6507
8470 651
2342 1927
5716 1841
6712 4422
4482 7190
7304 4186
6101 9087
9388 9854
8593 1283
685 9109
1123 6500
1886 9001
5001 566
4474 4820
7230 8936
7404 2848
9654 4469
5443 2077
6294 6130
4385 9976
3186 6081
5472 1088
5847 703
2782 3768
7847 2117
4981 5457
8590 2110
2431 4838
145 1868
6308 9320
3337 4785
8063 7072
514 4261
9733 4785
8272 2283
7988 6645
5914 7596
3102 2433
5235 1305
9468 9743
977 820
2730 395
4932 8904
7441 8885
7575 7556
6362 6790
6052 2305
6410 5698
2217 4536
5917 7123
980 3920
4005 2305
9912 4954
8862 8259
2379 9803
5939 9163
4974 8851
2124 2024
7115 2316
5617 1088
4000 2379
5219 4566
8344 347
3226 627
8266 6489
2226 9837
3948 9781
1521 5090
79 1392
3680 3275
1665 6228
5446 9247
5397 9652
9003 3126
5089 3418
4103 9689
5557 9538
7932 3662
9960 943
9462 1203
5305 1046
8014 9664
3255 581
8733 7221
9774 2094
5907 8539
2899 4177
5358 115
7731 8240
8855 4698
3470 3770
5940 3161
6458 9783
2512 7109
8882 5976
1330 5526
263 2332
3039 5585
164 9360
5462 310
7589 2850
6042 749
8455 1863
7806 194
8083 224
4134 9985
3541 3423
5051 8987
5904 4197
7349 9892
7961 1788
6164 4350
2474 8191
869 8374
4866 8350
154 4949
3195 9298
6860 4190
2600 1091
5403 9125
1492 2951
3630 3155
6083 8802
3741 5827
2578 6201
6997 7189
1951 9891
4892 4599
805 4322
4948 1544
7060 4909
8608 8445
4972 3116
444 4717
5400 3818
8265 9897
2511 1892
7010 2068
1305 7223
4211 3656
7881 3118
1663 3647
8807 9254
2104 5853
4693 7101
1255 5947
2257 9236
3774 4786
7550 7413
627 2599
6387 990
8865 2451
7059 5456
2665 3414
7104 6586
5064 6412
3660 150
9253 255
1588 7965
7809 6426
1448 5941
8114 9807
58 4392
9730 2819
4546 8082
4463 9526
7741 936
5914 8313
2590 1413
1439 8922
3385 9954
8277 9448
5948 7068
1443 7480
1913 2003
2051 8445
4799 9990
1356 3022
1931 3798
3636 1832
667 144
1447 4413
6132 133
9158 50
4825 1566
8010 5473
222 5639
7529 5926
9192 7037
5279 7145
1509 8113
2549 8995
4044 7491
8604 195
7440 9811
3350 1818
3120 407
8946 9354
5399 11
7873 2157
2895 131
6765 682
87 4309
7214 3546
2389 6003
4372 2177
5599 422
7709 3127
2283 439
3059 4026
5532 7921
1392 7214
8567 607
3410 967
1707 4542
6031 7345
3059 6329
8112 4775
8737 2100
5715 5662
4054 7230
4747 2750
9473 7351
3919 4192
6696 6461
4353 1290
6035 9321
9791 177
6556 9981
2185 3922
4188 2272
4973 5138
3498 6539
4552 114
5943 1340
2950 4490
9446 5987
7005 5506
4764 6465
3262 7182
7555 8717
9698 8255
7218 3860
8124 8331
2666 5360
927 7344
6528 7580
5401 3128
8453 2408
2729 835
631 3887
8269 6812
8334 7002
4586 7597
4174 9064
5485 447
8032 194
2587 1248
5046 813
9223 7990
7128 9502
3368 6128
6997 8565
5560 1132
9894 1205
5457 7688
1110 3197
1816 5744
8559 2897
6304 9911
5971 3236
7412 9128
1190 3034
8209 425
6641 9343
6649 6681
7925 2336
5927 3009
9264 9875
3795 7386
2368 3793
4403 2972
2349 9547
9300 7132
528 9572
4320 5660
5549 8857
9115 6751
8546 7620
1013 309
5819 3427
7084 9507
6314 5422
3785 7695
5116 241
3703 3336
7394 4893
7738 8700
3245 2461
8012 1237
3754 2935
3510 9108
1152 4147
1889 339
6790 5694
9579 2003
9391 696
2557 1924
4451 4384
9975 7858
8035 4264
3853 9482
3591 4733
2343 6366
6855 4309
4729 9150
2305 9433
2134 2263
2650 3064
7105 2286
8436 8350
8362 8508
5202 2359
6567 9866
847 6892
8638 6499
8458 1376
4461 7473
8002 5753
7925 7857
2991 9343
3803 6081
8567 2807
8868 3698
53 3794
5051 8397
9146 3296
3109 2110
9072 2929
4377 1608
5276 6711
6749 3807
6856 123
6783 8161
2303 6387
2634 3464
7348 5516
9392 3175
1799 3124
8902 3193
9762 3575
5728 1986
4403 801
6241 2933
7431 8716
9897 8500
8919 2327
1731 2265
8963 2697
3616 6947
8507 4852
742 4323
3796 385
7037 4674
1329 5367
1156 2849
2045 8628
2631 1435
9109 2068
2668 4128
8582 6316
7414 5800
3513 4081
1147 408
3981 2643
7771 9910
7064 4555
9439 348
1267 6225
9161 2597
9468 9206
1694 8563
9484 2078
7948 3590
5623 5513
2589 6583
938 4968
9265 8513
1854 3990
3165 4475
1403 7221
598 2342
3432 580
4444 7182
8141 765
245 5787
2903 1283
8623 1866
8206 3394
1922 3227
5470 1
1775 4715
4291 2455
7349 6482
8939 260
7108 7352
1160 1457
8677 2501
5141 9095
2552 4708
6543 4568
2900 7344
7873 3428
2588 1962
3802 5392
3301 7683
3889 1142
3877 7697
205 2319
2632 4727
3473 8065
4137 4634
3961 8587
699 787
9835 8759
8522 2189
8808 8466
7710 9317
3685 3381
6284 2675
4609 6133
1084 4353
9328 896
9286 8607
9369 1529
954 1498
5495 6670
4635 9664
6362 8018
1748 7480
873 8919
6688 4843
8708 7549
6636 2443
478 5717
852 6228
8291 9903
5859 8794
495 8302
1687 7964
4663 2676
8927 6100
6800 7063
454 4526
7133 5758
7036 7762
3904 7514
3207 416
7468 7132
2308 3561
3202 5412
8711 4118
5964 7439
2750 3968
3088 261
6291 583
6977 807
6611 7197
788 6237
8934 6900
5871 9082
2564 217
7680 4439
963 3525
6627 4260
5442 2239
5697 7820
1468 9649
9366 4371
5795 5362
6214 2167
66 2048
395 2890
334 4328
2911 3595
1201 9622
652 2944
3129 6755
4617 4797
5250 9440
3793 6101
5127 7877
8674 133
6760 3864
520 7856
9778 121
2832 2542
2141 1598
8041 3659
7297 9977
7519 6188
4447 6808
5217 590
6284 6271
8365 2768
5748 1995
1728 2848
3930 4042
5941 6682
7015 1933
7028 2291
6703 6080
304 6670
9559 2282
2967 3521
2848 477
9457 8215
3377 6481
5385 9361
7612 1312
500 4166
1095 9629
8053 9188
3073 4121
6381 2178
4359 6555
5893 37
3718 8497
5170 2136
7269 1842
2461 4189
1722 2899
6866 8941
1192 7206
3229 6950
1810 5023
8440 7662
118 6773
1854 9455
1053 7778
4733 2541
5880 2343
7896 7085
823 6362
4940 2320
8202 8742
1434 2193
2567 9364
4419 438
6833 8078
2825 7096
5384 7181
5717 6540
9600 9012
1663 6536
6900 1840
5712 3952
5948 7157
7486 9267
5230 7552
1499 3802
5934 9433
9829 1016
1267 4897
7236 9914
6375 662
4907 6813
7695 7718
3225 7146
4639 5461
808 4478
2227 8648
8408 3805
8221 8450
4074 8954
6126 558
9493 6764
6275 5433
6327 1416
180 5843
4721 7850
1142 814
283 3337
916 2528
8728 9942
4072 2972
9061 845
380 3418
4196 7368
7661 1389
5720 1292
4358 6275
995 6272
2829 1396
1018 8995
3743 8102
8243 1820
3511 1777
1304 6394
1924 2875
140 3858
2749 5033
2996 4672
9966 4929
8417 1742
4506 9806
7000 6922
4206 192
2914 4077
6589 1872
2687 6311
8661 3196
7306 3027
2218 4105
346 652
5012 3178
4926 7534
8749 8555
9840 175
8361 4381
5009 4583
719 6083
4142 705
5964 9204
7086 8252
745 5781
8684 2842
6771 4510
2992 7868
3803 7316
1960 3858
1431 5232
8132 1418
4235 6188
7556 3937
4062 6789
8092 8262
6953 8437
5894 6630
6550 6045
3665 8098
292 1381
4579 5285
123 223
9248 5642
9058 1867
6799 1822
9919 1712
927 5887
5591 8589
3449 8059
7695 8859
8471 7140
7272 755
2209 8660
189 8424
3455 9324
5427 8963
8552 6342
3420 9427
3738 7293
8612 6581
4273 6883
3401 3917
1320 2432
8206 7532
1313 4907
1655 4426
5138 4832
2160 9703
9665 7691
1857 5150
5931 9680
4328 5701
9917 2988
8653 4562
3616 5230
4567 9446
1094 2559
8553 9516
7636 9136
6218 2447
3148 2558
4031 4775
3687 9513
1169 1567
8906 945
2680 2440
191 3271
7712 1412
5788 8329
5826 7438
280 6856
4449 5871
9458 7418
5288 5028
1205 2083
4824 1234
7603 9770
1429 6899
9941 6773
9972 7760
2920 6166
94 3123
7148 954
2331 2910
7914 5341
3056 340
7973 9873
104 4021
5464 1818
6207 8672
5580 1327
6780 6629
3864 4091
920 1725
5939 5341
5337 9725
2557 6237
9825 7610
6445 3346
1135 6016
8521 8977
3949 3461
3088 8716
2160 8979
9693 3736
3799 1045
2634 5592
1039 5753
173 6107
1433 6750
3672 8127
6712 3470
7807 9833
2377 7963
5011 6078
963 8196
4078 7972
7433 9673
5006 9612
9830 1085
1972 4658
6668 7938
942 8365
8307 9360
1482 2037
5180 3943
2426 1851
6597 555
9655 8269
1192 8614
936 4224
1260 7560
4488 2686
1427 7602
7476 407
5644 1357
7522 9492
572 49
9640 6053
8719 373
3355 3541
2825 3810
633 9889
7759 4664
5727 8743
7212 9116
702 2162
4012 775
6800 9073
4887 503
3242 607
9249 8811
8917 1167
4656 8649
575 1240
2539 2843
3170 4741
5263 1855
3878 3147
5768 4731
9579 5875
9475 5576
4953 3096
973 5274
2224 2406
345 5704
9761 2090
3271 2784
2141 1439
359 6157
9431 7659
458 90
6261 3382
2185 6366
4116 4955
7879 4799
666 3816
2359 2047
4845 8207
7107 7238
6845 6451
5322 1966
727 7922
3827 4204
5637 4418
9419 7005
8108 116
8481 5370
5905 6582
4684 5695
2237 589
2019 8790
758 6976
7997 6460
9802 98
2504 6939
1609 9003
7971 4934
9292 4879
9105 8445
5115 3498
17 9054
9192 6060
1552 4711
4588 1028
4960 5280
414 7304
9463 2461
6231 184
782 9676
914 3407
4404 4033
6837 893
3544 2855
7213 3338
8600 8702
3275 8995
4212 4751
3780 2063
8563 750
3530 6589
5099 1665
2600 4177
2010 7486
8923 3011
3225 1983
5008 4395
5584 2688
5745 9148
7915 1991
7840 4240
3674 6641
1800 7077
3422 2476
9329 325
8721 5227
8339 1222
329 6967
7635 7687
7898 1239
5928 3861
3079 6648
680 8307
4684 7201
6211 8041
7711 4917
4862 4861
4009 6962
3519 8557
8010 7083
4595 4929
1166 9102
2846 4629
3843 9102
9304 8802
2651 7045
5874 3316
609 2559
2346 353
2010 3862
3928 8139
9088 5448
4613 627
5319 9281
6620 1369
9230 5555
9549 7589
4841 6674
2429 5914
4570 2062
4318 8204
2603 6826
8580 3787
2318 6350
3618 2375
5058 1249
9771 702
203 8636
842 3135
2005 709
1219 1521
2288 9843
8615 2717
361 8154
9328 3932
3330 222
3615 1940
6481 4704
8917 1002
1234 2531
1209 7521
9355 9125
3718 3548
5475 7924
9483 463
4084 4104
9723 3541
2367 7788
3271 7016
8506 5719
5891 8042
3849 3463
4516 7636
2673 3019
8599 850
8614 6728
8826 8917
3190 955
791 7784
8122 3894
7032 1936
5571 3513
218 7266
8695 6357
4662 7095
4022 8278
2841 1446
8010 3737
5172 8490
8763 7170
5572 5717
982 5574
7448 440
4316 7155
1036 9865
5407 8518
6364 8542
7489 1539
5029 8337
4126 9452
3271 5059
6163 2293
4463 3800
4750 4146
230 6366
7870 5216
2000
97 9
5 86
18 46
75 56
99 9
50 7
74 27
25 2
90 73
3 100
9 17
26 27
10 6
15 76
78 89
89 52
25 52
70 51
75 57
47 48
92 38
56 2
80 27
91 85
88 100
69 9
92 69
66 26
81 30
57 1
60 86
58 59
70 99
22 13
26 66
88 64
11 12
13 4
76 88
90 47
31 46
38 64
20 30
68 40
94 8
69 73
10 42
100 42
72 29
76 75
69 35
28 40
92 25
74 24
21 88
59 39
11 48
63 34
36 57
43 73
4 83
23 54
7 32
31 4
55 96
13 80
69 14
98 98
69 95
97 4
41 5
38 17
43 94
67 47
37 88
77 63
93 92
84 51
2 8
44 8
19 14
23 36
19 91
26 96
40 49
24 28
10 50
23 22
20 64
12 86
59 39
98 57
14 19
81 73
2 47
37 84
21 59
42 67
55 52
38 77
23 53
86 15
6 29
8 74
24 4
2 67
76 57
57 86
6 20
82 58
30 88
56 36
69 37
82 66
68 83
78 53
97 81
75 12
88 71
88 13
55 41
73 78
76 22
52 27
2 94
94 86
13 61
58 69
83 89
23 18
64 30
76 13
49 92
67 42
27 64
65 97
50 45
100 39
67 45
95 33
21 35
16 85
66 77
16 29
24 74
44 26
7 91
14 40
26 46
69 31
35 35
89 93
50 39
77 36
25 11
91 50
23 51
12 69
82 7
92 83
47 94
17 5
38 16
9 12
10 19
63 81
94 40
75 42
70 39
94 55
86 69
98 15
5 35
19 98
59 57
51 84
26 55
14 7
99 92
30 97
94 3
81 68
25 59
5 68
33 10
91 91
50 54
49 39
83 64
28 32
70 100
62 47
64 51
96 61
13 84
43 55
45 32
51 68
37 93
10 84
31 54
24 28
21 79
6 7
85 60
59 40
73 38
60 37
99 59
73 77
56 85
76 91
26 54
29 21
22 16
42 2
18 76
56 46
85 84
14 19
13 4
46 13
1 39
8 66
60 77
63 92
81 67
68 29
29 51
11 20
35 15
48 73
22 81
16 24
75 29
36 6
92 83
10 91
15 100
65 67
100 100
48 98
53 53
29 32
80 30
8 63
59 49
85 88
28 92
56 38
19 39
17 92
36 84
24 61
89 11
51 93
34 20
60 53
26 34
35 40
2 19
32 45
82 8
63 33
61 74
36 6
3 26
40 68
62 68
19 79
60 11
72 53
4 94
1 44
31 29
22 4
63 90
41 78
16 24
100 39
36 20
55 44
82 24
95 71
82 53
23 55
86 14
34 85
98 31
87 81
4 38
38 94
88 43
55 19
25 5
61 39
85 73
9 66
57 9
74 76
1 53
83 69
23 18
100 60
22 67
72 76
37 87
45 61
7 4
94 38
49 91
49 12
49 79
9 60
46 26
44 18
53 96
5 2
87 5
1 82
78 99
52 63
46 94
9 82
77 35
72 15
85 74
85 72
61 20
90 83
15 6
73 90
5 68
19 49
24 3
29 23
45 39
67 95
43 65
44 57
24 99
1 53
2 68
22 51
27 26
6 4
11 91
55 53
69 47
40 14
91 45
35 33
84 77
4 90
12 30
2 64
23 12
5 74
68 23
74 31
99 73
28 43
95 29
38 96
28 35
24 18
61 13
8 40
81 76
7 89
98 15
14 87
79 60
48 58
93 87
16 43
26 66
50 70
22 3
20 47
72 32
65 88
37 17
38 59
18 46
56 91
47 46
10 95
72 19
3 6
52 93
44 37
1 30
90 98
15 38
97 80
55 13
39 4
29 21
2 58
14 61
60 37
22 73
81 63
27 36
36 9
40 25
28 78
81 33
38 31
12 12
82 59
77 11
59 79
94 48
58 7
53 96
56 51
27 26
12 49
61 89
7 75
58 52
61 20
71 72
31 89
5 32
68 20
1 17
92 58
6 93
56 43
21 91
21 50
6 3
18 92
20 25
83 35
15 25
98 44
31 21
43 66
12 54
100 67
51 72
62 59
37 94
78 100
58 75
41 2
92 72
54 98
44 87
1 95
87 42
98 16
29 55
84 10
82 64
81 38
27 21
29 11
5 50
47 29
100 39
38 45
71 59
50 78
100 66
9 88
29 49
15 94
6 47
81 83
29 66
79 99
95 85
78 100
4 70
75 73
54 46
23 98
93 31
15 13
68 48
5 84
64 24
7 33
15 67
47 24
17 78
12 11
92 10
76 44
56 78
74 80
78 96
53 84
29 60
71 62
69 10
10 82
70 63
78 78
55 10
74 43
43 18
9 18
28 16
63 25
25 38
68 26
77 70
95 31
100 70
42 80
26 3
5 28
4 12
55 25
38 77
17 68
78 24
28 46
31 62
18 66
66 88
38 100
1 51
51 36
61 80
89 96
16 94
71 100
23 45
75 80
40 71
68 88
20 93
23 15
22 51
56 66
75 99
13 66
10 1
43 7
67 99
51 14
96 35
61 58
91 31
76 65
69 76
81 76
99 51
86 38
42 67
97 98
69 75
76 86
19 61
15 21
84 90
11 69
81 14
35 22
8 44
66 27
51 12
12 92
21 29
62 89
2 84
14 67
56 36
80 66
21 87
30 4
24 63
91 42
83 40
85 21
73 78
90 99
37 1
59 25
57 36
23 92
12 28
37 64
95 79
66 73
13 27
58 20
85 36
20 65
66 22
65 58
61 3
80 71
97 52
9 48
21 45
65 93
6 17
36 56
7 72
20 9
2 88
68 57
52 4
81 83
60 54
80 35
39 39
86 75
24 92
55 69
41 48
8 62
33 65
47 51
87 15
38 61
38 68
98 10
44 38
20 15
35 99
23 53
41 49
89 68
22 32
42 43
57 91
21 75
29 6
51 39
5 30
68 5
97 84
93 39
64 67
33 45
87 32
56 34
3 34
10 37
66 92
16 62
38 14
5 46
67 39
81 81
6 67
24 63
88 60
59 96
74 27
80 61
36 7
63 7
19 13
70 78
54 66
55 94
99 2
29 8
90 42
70 74
52 44
26 61
67 71
72 75
54 25
87 17
14 72
53 99
11 83
94 28
30 60
31 75
49 85
42 27
34 61
97 88
20 69
24 48
95 56
41 30
50 61
98 36
32 8
9 51
53 22
88 57
40 95
85 71
56 59
17 81
32 81
26 98
12 59
19 50
40 23
79 41
67 89
38 53
59 77
24 50
49 5
35 43
77 27
49 16
54 51
42 70
38 16
31 47
9 60
91 28
26 1
41 31
70 20
88 17
35 23
54 47
34 65
32 93
95 25
56 95
67 70
6 68
62 23
92 93
46 65
53 11
18 40
94 50
18 50
53 44
69 82
15 34
20 96
5 6
26 10
1 81
83 50
19 21
15 88
39 29
78 91
16 79
82 36
14 10
24 50
41 51
8 48
64 77
25 72
41 31
94 87
57 57
91 28
84 3
76 10
68 5
9 65
58 33
22 93
53 23
59 68
31 9
96 23
3 48
60 69
31 64
42 23
75 93
52 32
26 52
28 23
26 87
62 96
82 89
53 39
96 28
86 23
7 56
3 84
48 76
35 59
7 82
46 9
51 77
40 23
26 44
27 33
66 59
2 79
97 98
63 81
52 46
32 84
29 37
32 46
94 95
94 12
81 8
33 71
71 82
26 41
96 5
75 24
76 56
19 76
12 38
64 26
35 72
30 21
82 11
72 39
64 3
9 66
12 36
58 82
26 76
3 65
5 92
79 87
7 15
88 33
22 47
55 53
27 84
79 17
88 38
33 94
5 62
61 61
28 76
90 44
74 61
49 75
94 84
1 80
29 94
68 3
75 98
89 16
52 23
95 70
4 47
33 95
46 92
80 63
1 48
75 95
19 37
60 93
100 32
23 64
34 40
24 17
50 75
19 23
21 85
9 66
37 90
56 36
37 50
60 53
32 80
34 36
61 60
55 30
82 69
58 67
59 51
54 100
47 56
28 4
72 58
19 94
67 71
58 37
72 30
70 87
58 54
59 59
80 41
26 28
2 33
78 56
98 80
42 87
92 94
29 22
46 66
46 15
86 78
46 84
88 47
49 95
82 76
66 39
8 6
92 70
46 19
74 32
19 54
55 18
100 46
42 51
42 4
12 50
16 3
96 42
27 96
7 2
35 44
35 25
39 48
20 93
36 87
45 52
36 91
68 55
97 23
90 12
52 56
29 24
70 76
58 18
100 24
9 65
32 68
86 23
77 55
2 9
40 53
70 61
17 43
19 31
64 38
63 63
69 28
68 5
28 14
63 79
69 53
75 10
26 23
74 57
37 96
15 90
54 84
27 94
63 93
10 38
61 10
75 57
11 40
9 64
5 13
41 63
32 25
39 64
16 86
45 13
18 71
69 63
39 20
64 41
18 88
96 30
3 36
92 58
18 42
71 81
71 8
17 58
54 48
25 61
98 18
38 55
55 64
95 47
79 93
28 74
58 13
68 23
72 69
21 20
36 83
80 73
86 87
1 17
64 49
62 80
48 63
89 38
56 2
37 18
42 94
5 90
15 1
24 74
11 48
37 29
86 41
48 5
11 2
16 59
97 58
43 7
64 85
37 77
42 6
20 58
8 88
78 63
44 78
32 77
77 55
61 11
20 75
83 26
24 54
40 65
83 27
98 46
88 6
34 54
62 75
35 29
12 79
30 27
45 6
69 60
30 17
18 90
71 64
63 33
68 8
19 89
37 24
33 77
75 83
47 73
88 33
35 41
29 32
18 81
22 99
95 31
85 62
42 62
19 86
60 42
16 14
10 59
51 89
52 38
89 45
90 78
34 60
66 90
13 32
88 42
63 34
78 92
85 1
69 18
5 82
56 75
89 71
80 44
26 86
74 27
1 17
9 24
27 33
98 68
78 82
95 48
35 4
53 66
10 2
61 94
95 35
17 61
48 56
51 28
91 94
100 88
84 12
33 32
72 57
8 4
95 73
19 84
24 58
20 83
77 55
24 23
63 88
100 49
69 30
2 93
71 53
78 51
53 10
11 65
90 16
49 22
70 65
8 20
91 71
10 83
38 94
63 9
74 47
68 51
33 35
19 61
3 68
71 94
92 67
100 58
38 76
92 49
34 29
73 99
11 94
94 11
87 20
45 52
79 1
38 56
61 38
51 85
27 54
50 45
16 99
12 35
51 82
76 42
2 85
74 38
29 21
75 36
54 19
33 48
94 65
60 98
64 84
96 76
59 76
22 57
42 23
98 75
17 80
89 70
51 88
95 18
70 49
95 24
59 13
32 9
89 71
43 7
44 97
3 84
1 75
47 79
89 26
45 12
28 54
29 93
51 6
42 54
62 99
28 15
81 46
71 77
53 82
61 91
10 78
13 38
82 55
16 50
63 36
89 46
47 17
64 97
51 94
99 35
75 2
8 89
67 51
64 13
64 58
90 36
36 94
9 65
31 55
27 40
48 37
7 11
87 41
18 19
73 11
29 28
61 45
5 75
5 27
15 16
20 82
9 95
90 89
96 55
13 65
84 80
10 21
9 61
85 25
93 21
28 49
19 9
32 74
8 67
9 51
78 55
26 42
62 62
56 29
24 53
89 61
33 45
81 99
66 11
67 80
41 14
91 31
28 56
40 76
74 64
88 70
38 28
82 34
78 22
5 65
62 83
52 86
48 95
82 23
14 40
31 84
3 36
76 88
54 63
82 40
4 50
15 81
94 5
39 56
85 46
63 59
25 2
87 58
73 43
41 90
10 95
15 48
15 23
30 10
22 52
90 26
73 12
38 21
5 59
89 94
57 54
91 26
99 92
41 30
1 34
54 77
15 24
28 40
92 16
9 98
69 19
90 35
99 3
41 65
2 40
7 35
6 30
14 89
57 87
84 25
58 90
47 83
69 57
57 62
19 11
22 18
30 56
24 28
57 1
91 71
90 89
96 83
26 91
69 91
53 28
64 86
1 7
81 17
32 50
94 75
38 14
75 87
12 59
8 95
38 79
45 81
40 82
67 71
16 10
51 7
44 55
10 92
29 94
92 44
3 98
19 89
29 14
8 84
30 16
28 79
73 13
56 46
91 66
67 96
22 100
82 21
11 20
79 72
37 73
55 91
78 87
93 35
27 65
9 45
46 48
3 98
97 5
40 8
99 82
73 48
66 52
62 23
53 33
38 33
60 84
79 33
9 59
86 50
7 77
53 32
32 43
58 60
4 9
50 3
51 95
6 95
7 4
26 80
9 81
100 22
81 18
7 51
51 17
38 37
30 6
11 6
79 79
42 7
12 38
40 46
96 100
62 45
50 50
36 13
22 28
62 53
35 16
70 55
56 10
65 7
44 51
77 52
18 31
38 41
60 92
69 84
22 87
88 70
52 55
93 79
72 60
50 24
27 28
40 36
77 41
62 92
23 55
90 63
66 71
15 93
7 74
55 84
74 44
25 63
89 26
100 87
95 21
63 88
44 85
86 90
20 90
61 97
91 9
17 82
16 89
51 5
49 71
89 68
98 32
95 34
25 77
30 26
30 16
85 91
61 51
13 69
99 51
79 6
93 61
16 78
19 86
13 6
57 96
89 84
100 80
49 72
13 23
72 71
86 44
77 77
56 65
95 7
97 8
84 44
27 92
58 94
66 78
34 80
35 5
13 74
28 15
7 40
35 87
75 24
46 35
54 10
69 13
88 55
86 75
52 92
39 56
86 6
12 6
94 80
7 85
63 56
31 13
25 84
26 25
25 23
39 70
51 83
70 23
42 21
50 69
100 15
39 12
2 5
79 27
40 87
78 27
48 100
27 21
73 27
96 96
46 14
5 43
14 73
84 22
30 15
89 73
64 1
57 60
5 76
49 43
88 37
17 84
53 13
55 8
89 37
79 2
52 52
89 23
84 69
8 12
24 30
78 29
24 17
29 51
6 91
96 70
70 28
40 83
49 27
36 68
19 97
47 41
55 18
31 40
60 51
36 18
5 56
58 62
39 28
29 59
95 25
8 59
100 92
96 91
88 19
38 82
3 91
100 30
15 56
64 80
13 98
38 10
6 51
15 82
96 48
87 48
69 27
56 68
91 12
51 70
25 46
15 93
36 96
62 37
68 52
73 71
70 52
39 19
70 50
17 74
9 5
19 48
6 82
3 100
11 70
17 92
99 13
74 7
12 8
37 92
39 79
16 12
83 65
87 2
43 36
47 93
65 100
42 14
64 83
36 44
87 40
78 93
75 81
54 1
56 59
38 72
47 43
21 60
15 47
7 79
15 47
62 54
48 42
81 89
10 33
7 34
60 83
36 29
76 50
17 33
85 77
96 87
57 62
16 1
93 8
8 5
29 66
57 66
5 5
77 59
83 31
79 38
67 29
39 14
39 64
25 98
75 74
24 65
17 77
60 64
30 21
77 51
79 30
65 17
62 25
75 75
34 85
23 5
98 52
91 55
23 10
6 39
45 39
85 33
31 42
41 23
29 19
88 94
53 79
18 41
28 46
45 48
78 95
22 49
37 38
96 50
2 89
50 51
16 41
25 78
35 88
2 27
50 98
50 32
43 10
44 58
92 20
41 62
97 36
84 55
16 37
24 58
8 21
71 30
1 37
6 9
33 92
51 1
86 37
29 79
15 45
82 90
96 26
93 84
98 50
42 59
6 43
55 9
57 74
21 84
41 82
91 76
43 23
64 29
34 95
56 55
42 54
55 12
98 13
81 59
40 22
18 79
31 13
14 42
95 53
88 95
33 15
7 18
90 82
75 23
16 67
2 95
16 65
24 68
74 70
56 37
13 15
7 30
37 96
58 4
15 10
39 74
73 74
27 61
80 90
70 97
22 91
77 85
16 88
34 16
7 3
46 49
68 23
81 35
34 7
85 86
22 69
9 84
41 67
61 99
38 26
69 57
97 32
30 92
2 87
88 45
15 89
17 89
16 35
54 33
53 66
44 19
11 98
37 60
47 77
95 74
78 96
37 25
100 48
51 78
78 89
39 86
14 30
83 74
33 3
26 39
62 96
52 43
34 85
47 5
15 10
41 27
21 8
8 77
35 85
49 76
6 61
42 62
48 34
60 65
7 99
2 95
70 39
83 11
83 67
79 54
1 45
90 100
33 22
45 38
60 73
69 24
36 44
24 27
51 95
57 45
37 87
40 3
9 51
44 4
51 79
75 77
7 1
20 46
39 19
67 13
53 55
62 75
26 70
36 31
49 79
69 38
47 13
80 58
46 38
44 39
38 65
80 38
45 91
18 83
35 3
21 51
17 26
84 87
68 97
70 95
69 5
73 89
99 36
71 54
86 62
16 56
96 69
16 63
2 20
8 91
96 30
8 73
6 23
75 14
35 91
21 17
55 41
80 90
75 26
20 93
58 23
45 82
86 34
19 61
36 78
64 99
10 93
89 88
100 21
9 65
54 19
68 18
98 97
30 92
28 84
58 28
21 86
81 84
32 77
44 36
96 80
2 80
45 78
99 57
66 13
76 54
24 19
42 94
60 68
97 87
89 98
96 40
45 54
38 48
95 28
72 59
42 20
47 56
87 81
21 16
77 57
6 81
37 1
42 85
44 89
20 61
10 94
71 75
73 85
71 34
96 59
31 35
70 84
70 34
63 27
2 51
3 22
83 64
8 60
94 31
99 92
30 15
93 45
76 58
32 26
12 39
82 85
32 58
98 67
8 74
24 34
64 12
50 39
4 21
21 15
6 98
22 66
44 4
34 2
60 72
80 17
83 10
63 65
36 14
75 88
36 25
10 21
60 85
54 98
92 23
63 93
68 34
90 1
55 63
31 38
55 32
18 87
93 93
11 57
19 26
72 12
14 52
30 90
74 82
40 67
47 44
2 86
53 62
71 89
73 17
100 76
46 37
63 2
16 57
69 84
48 97
22 55
77 47
31 64
31 93
64 31
36 76
83 15
51 35
92 61
38 100
57 91
99 62
58 13
96 59
73 92
11 21
63 47
10 92
92 33
4 38
97 66
98 37
8 10
5 74
56 99
6 36
64 49
4 88
50 33
18 50
98 67
