1000
4030 4234
1171 2153
1129 2376
6960 3732
4394 8586
5811 1004
5665 9510
7514 1823
9087 9277
4651 3524
4425 3646
1474 4024
1624 699
7065 8440
4674 106
807 84
5780 2530
2197 8192
681 6958
6666 1094
109 3170
7601 5483
5888 6200
7978 1720
1076 7510
3627 5588
8486 3336
3372 6418
5049 8653
8053 8174
122 6213
2675 1083
2749 4085
6609 305
3420 1392
9505 2292
2014 6924
4990 4024
6083 3546
6934 300
5316 6373
1869 5431
1674 716
651 5049
8251 7426
9222 9734
6389 9388
6498 8870
745 1617
4592 3573
284 3621
4283 7757
6276 3953
5909 4445
8993 2544
9830 845
8943 6902
8854 5566
8052 2994
1061 4370
1003 476
1283 5478
1144 5495
8362 840
8556 2010
5806 6582
4532 5920
2130 5278
5236 828
1028 97
8725 5484
2665 9778
6813 9083
4745 4705
1711 4933
4233 2020
3892 5579
2920 9340
4556 4176
7741 6078
1726 3561
368 5865
7079 9370
410 5585
8877 370
3584 1641
7101 8398
3501 5608
8019 5916
7516 2708
2126 4062
3279 5898
6558 8885
7859 6945
378 9620
9356 8393
4228 6840
2933 9168
4464 5064
4373 4812
4678 2832
781 3353
4416 9750
5449 4327
6841 4192
7280 7798
7293 5162
6762 4768
2131 5287
7407 7810
4763 3165
2985 859
2508 2753
1152 3462
1940 2765
594 5064
9761 9342
5974 7296
7051 4657
6429 5618
1841 311
8139 9006
9155 4618
51 6914
3313 1050
6388 2048
3279 1853
8985 4570
9446 7088
5459 4287
4328 9092
8463 4682
6264 7325
5757 162
3819 3773
2716 5046
1949 9593
5126 9768
7526 681
4331 1605
5070 6762
7004 9107
3433 3876
3637 9729
4508 8046
4184 6425
2825 7459
9826 2010
2478 9423
7641 122
1771 3764
9222 5151
7406 7959
383 9083
8422 8762
9271 4708
5318 7233
9581 2223
6750 7646
4434 741
300 1451
5490 2119
1118 191
4738 9370
999 4662
7673 6117
114 8345
1260 3588
5253 5699
6836 1739
6163 3457
1271 5493
9547 8315
2567 8150
3794 8331
9704 3935
1755 609
8720 1649
897 6104
7241 9471
6615 2123
8919 8572
5740 157
1652 6330
4627 3982
6046 1428
4933 5268
996 3902
8537 3612
2918 6256
4532 5818
9638 8561
5816 8187
8467 771
4872 3604
9814 5966
5089 1709
6995 2233
6445 6437
921 4813
2131 9664
6047 5472
7882 9692
854 5467
3021 7828
8149 423
2 3705
5673 997
6995 8737
5518 1604
6216 9360
5269 2830
7282 7583
7488 5732
2169 7345
2810 2117
2201 1044
2036 9060
2502 9597
262 3727
2356 1496
161 6032
9303 2478
2369 3968
2225 1486
2741 7359
252 4650
8346 4178
2209 741
2959 719
9766 4466
5866 2168
8435 9545
1608 5963
1696 9881
6030 6721
4323 7498
6251 920
1927 3023
528 8906
2574 6491
6464 5734
7893 767
416 9682
2438 3745
4531 8124
8012 215
9299 655
7520 5385
9871 8862
4623 4208
2638 9425
8024 2463
6429 9406
7339 6262
7623 4185
7900 4641
6931 5092
7028 6535
2710 4633
3471 6990
4132 6377
2593 5085
5334 6267
426 4667
9608 2417
7053 9651
2468 4843
5330 6742
1386 6044
7735 6047
710 7405
76 2297
4725 4426
7826 6848
4535 5468
6100 3817
6188 4668
8947 4864
826 8294
9898 9624
4123 5031
1587 6328
9070 3263
9786 507
6542 3484
8300 2772
6067 2990
1484 968
4935 9891
9395 5290
7957 7214
7485 8168
9731 5611
5969 7622
3 3717
4470 5198
8208 6033
3636 6465
3804 1953
5430 6509
7251 4383
2417 5316
4538 7581
6321 6694
2453 5295
495 5992
6271 3468
2978 1981
698 7339
1165 1779
2729 2408
4215 2465
4443 5070
8601 3696
443 3882
4345 3972
4604 6260
8823 2212
7767 5379
8526 1736
4120 1440
2363 4506
9564 436
437 7560
5903 3709
9240 1976
307 7534
8094 6568
174 2738
1932 5796
7886 6094
3621 2546
8023 164
1949 6867
6658 9295
9859 5072
4697 6358
5971 9530
8435 836
4107 7920
6225 653
4095 7043
5284 6071
2656 3947
4206 2103
3662 7241
4421 1777
2007 5162
7161 9380
707 1519
8459 3027
2992 7915
4650 3946
4043 2595
7376 4979
6549 1596
7100 5575
5583 7883
9140 6082
1818 9763
2214 6250
2737 8758
3037 9134
9925 7056
1139 3061
4683 5891
7513 9296
823 6969
7751 4389
9071 9581
7474 4724
7495 8878
8292 6769
8184 9682
4967 1260
7093 1296
1904 58
7586 3132
7952 9545
3332 1889
9929 9135
6147 7306
405 7419
8110 422
5739 7220
5241 6175
3601 8793
6455 7393
8120 3173
6496 8734
4157 7426
9120 9342
6698 4279
6442 4188
4548 5472
7134 1129
7342 7979
25 5725
112 1373
9696 8953
8770 6499
4469 2675
2751 83
733 2584
2885 7538
2651 8578
8617 3578
9864 5233
53 4347
8241 1168
3194 9187
1895 4046
5685 9876
7424 522
4143 1351
465 5245
1862 9036
3012 7304
9863 3927
9366 4493
2461 6233
1433 6267
3420 2704
1996 8194
3741 7427
6453 6723
9230 3658
8086 4540
2742 84
1656 6210
52 8858
5538 1628
1271 4301
2916 8605
8694 2350
8715 5157
7607 8543
3596 7252
8114 2943
7171 8014
8599 1639
9009 8958
3696 108
9016 9629
5875 1737
7468 5672
2709 8660
9969 9180
1812 6433
5677 7626
8747 1061
722 6458
9034 1902
5489 4817
1216 2446
8533 2998
948 7457
4501 9860
6411 6411
8654 6536
2574 9673
1615 5350
6825 6604
9922 2903
9499 2149
8311 4920
4559 7881
4322 5132
4586 6436
1508 2325
1106 2652
7688 811
5564 2698
5478 3897
5914 8445
3383 6024
1480 5310
2605 7534
7262 6550
7160 8852
7307 8789
9606 7931
2393 781
6772 3541
5065 3945
10 9321
6408 5488
4993 9808
7469 3264
1734 7011
487 4363
1264 6507
9524 3460
4532 1799
7063 9809
6966 4591
7242 1830
8937 1368
1264 9764
9459 1051
4935 5004
3371 2767
6119 9002
5096 1544
5826 1407
9405 9416
6616 4859
2583 4667
3970 2927
559 2871
985 3153
9785 9718
3356 7959
5329 5948
8736 8072
2927 3054
8314 5210
931 4245
1026 4740
5584 3145
6996 3530
7138 7126
9585 7814
1966 9393
7200 7418
3618 3452
4318 7520
21 1658
9537 2067
3971 626
1631 1765
5058 4318
9775 5337
3244 318
2306 9964
6735 844
9812 1581
239 2731
9598 9970
9645 2816
3201 2824
4139 9463
6957 1291
1168 8500
8873 8696
6477 3432
1574 2463
921 672
3167 3725
1146 2338
5212 1722
6406 8458
8068 8402
8722 9467
1040 5891
6626 8447
1579 6583
2385 7500
5873 5504
6315 4622
5587 6629
8021 6933
4978 2810
8534 3144
709 3471
2422 5131
8289 7636
3566 2781
7417 1286
1733 5201
306 4556
741 622
1527 9479
6144 2532
8523 6807
6386 1940
4546 4666
855 8448
8690 1139
2370 4269
4399 455
4592 3558
2951 1344
1273 3221
7763 5163
9492 2422
1340 1890
1759 3819
1531 4341
7149 280
3880 9502
4113 4638
9627 2351
6592 9526
9615 2253
8983 6786
7916 2409
68 9844
87 5104
2067 8901
9512 4247
3903 4061
7722 5593
490 7656
5953 3376
489 2236
5917 737
4137 6861
5198 3208
4998 1573
2986 5452
8306 4141
1360 5234
7240 1464
4304 1422
3024 434
7309 1315
2154 4215
8922 1983
8667 1235
7236 2749
4262 6057
5718 9893
2546 2529
7647 7142
433 2359
4910 6998
986 3657
4815 4665
3961 1646
9115 7898
9107 5810
690 4505
1114 7191
4948 2660
4196 4670
7689 8462
9495 824
7441 4446
6364 3689
8090 6880
9685 9837
6908 2241
2898 7767
1714 5730
3582 6647
81 184
7996 2672
3637 9313
3161 9044
3409 6226
3736 2208
1652 4488
591 3088
1569 3448
3960 818
5255 3548
7259 9769
3431 3168
3216 6180
8283 6660
7545 2447
6959 2113
7278 8412
2833 2777
8995 1537
1942 8641
9094 5883
9603 4291
139 5298
9256 846
5368 5038
2562 6357
3465 3624
5730 6041
632 6724
1646 6606
3874 9796
4345 1088
6648 1394
6726 9638
777 897
8109 990
5809 5570
7258 884
1258 3370
6186 6485
3478 3958
4348 5335
8334 7310
2804 3412
4703 7044
6137 3735
8039 6132
2280 3696
6971 6334
1310 7478
6199 4562
2520 3125
9457 8585
1706 1419
321 5932
2059 5519
8437 5325
888 3281
4721 7579
3828 9183
6103 512
5887 7643
2941 8586
3925 5190
856 1533
6306 9270
8487 7828
9653 1303
7431 5529
4416 2857
5751 4097
1314 907
8836 1878
5316 8873
2684 9726
4977 7643
4228 8148
5442 7719
4503 2130
1191 8690
7756 5106
13 7097
2062 5846
1341 2256
7882 3946
4696 8315
3778 4201
387 5575
2740 3313
3583 5699
7024 9637
559 5674
5423 4988
3698 4138
8209 3422
4626 6645
4011 9430
8667 2300
7312 5045
6826 7119
7367 4832
131 979
7956 1987
9158 3780
5368 2623
9471 8968
5584 2495
9163 570
2548 9025
5055 2295
451 6320
376 9229
5496 2087
1657 3357
144 7744
3149 2692
5285 8342
9381 6811
4755 7029
7029 2186
9142 8190
9376 6611
1001 68
6551 7604
9769 6976
6469 6746
2350 5848
3837 1068
4399 5241
4771 8717
9185 3763
9954 3282
3219 4196
4567 2451
1992 8544
1026 1632
535 9967
2906 9412
7237 5393
7513 718
8885 1574
3906 7078
2394 6969
5312 6938
5106 1160
8553 5890
1598 4697
1342 1283
3558 813
4599 3712
3611 5916
9697 8144
905 9959
2 3526
1081 6401
8540 2170
4356 8316
9102 3943
2440 1724
6511 3400
3385 4999
5813 6392
8016 8656
2721 7574
3999 8540
112 201
6894 6155
1746 8016
5576 2941
2923 5200
2609 1589
8540 3067
3694 9296
7847 8367
7218 4133
4179 2769
3434 7011
8063 3385
5349 9013
6263 2965
501 6761
5272 9772
8259 9735
979 9533
820 6131
2573 6493
1668 3200
855 6612
6079 4169
8655 1283
805 6637
5209 8987
8104 9391
888 7561
4680 3640
6088 9473
3537 6842
3975 6747
8005 4651
4825 8600
2669 3476
3979 4905
5860 6146
4037 1451
8170 8519
5730 4188
2132 6840
9117 1534
7690 7113
5361 1021
3638 4778
4843 2567
9002 7621
4546 6446
3898 9727
9349 4461
1821 5296
1240 6391
425 3182
8181 2152
4134 3239
421 7917
2931 8535
6205 6091
6860 5101
6654 7359
975 2545
9449 669
9687 7931
2192 6730
5732 4484
1928 9490
5242 5264
5426 6187
5013 2929
3200 9001
2388 9745
4402 36
8564 7440
897 2734
3511 1046
4113 2187
6076 6380
7903 3785
7080 5994
2727 7954
2786 6924
6738 5656
8562 4552
4105 1255
685 6967
1628 6277
8299 2905
8864 9220
5088 4030
3690 836
2392 4294
291 9409
2204 8319
7598 9410
1777 836
1856 4550
4611 7852
7455 7443
8047 7456
5875 9713
7565 3699
9229 4097
9810 2439
2612 692
1017 1534
9747 822
9871 835
8573 8655
7086 6619
3852 6015
7373 8775
2852 5013
9330 4366
4363 5548
4570 149
5620 9896
1310 367
3560 7054
1594 1104
1755 1761
144 5119
7131 2571
5271 9651
3816 1046
2567 6056
4895 9549
3671 6329
8079 3851
7672 8664
9168 9676
8101 207
9048 964
7036 6864
3549 3574
4220 6975
5696 3178
574 3519
1265 4137
2937 6156
1083 7193
2571 4629
3734 4635
7030 9409
34 4605
3044 4323
6734 4276
9279 901
7248 6730
781 4698
6934 8550
271 6049
8297 4814
2853 4310
8029 4617
3337 9545
2247 9244
8948 7763
8721 7249
9801 1487
6161 7571
3738 9498
4266 6745
9239 9606
2498 4856
6383 1509
4348 7241
7252 5501
5528 4515
9675 4868
2049 7330
8478 4594
588 9947
5574 4655
4405 5769
537 4626
1021 4977
5566 8230
5596 7287
6621 6601
9663 2723
7825 4515
2889 7908
1510 292
2225 7607
9135 7680
5956 7078
2000
51 100
15 10
29 87
22 13
39 36
28 56
50 8
78 55
5 72
71 19
72 80
27 9
43 96
83 1
94 6
74 88
6 91
35 86
10 29
20 91
43 64
54 4
98 83
88 7
89 89
54 25
26 40
39 63
54 79
27 2
77 69
15 65
28 77
65 73
69 87
13 98
21 21
17 63
31 19
49 43
88 96
32 67
97 3
60 84
71 45
85 63
83 62
92 94
48 37
25 26
97 96
75 30
59 90
63 93
4 24
70 85
100 46
93 81
95 77
76 28
47 73
85 86
99 92
87 27
3 73
76 88
94 80
93 10
80 49
40 55
50 42
21 71
35 69
93 73
7 95
40 26
61 3
32 23
99 10
31 23
21 67
19 28
28 68
38 61
4 38
22 7
36 21
43 16
71 76
66 23
88 45
70 65
48 92
63 54
69 75
78 2
78 12
36 16
24 74
40 86
82 77
59 21
4 91
93 98
23 64
6 66
62 9
58 97
54 45
1 88
36 67
1 33
86 21
45 41
53 96
90 44
29 24
19 21
98 15
8 81
31 73
9 20
21 39
9 95
99 40
100 41
62 32
61 86
38 92
71 61
3 14
43 11
75 78
8 74
85 46
72 36
41 55
44 58
66 31
94 97
7 30
75 8
11 21
70 13
36 16
9 7
97 15
12 72
58 19
82 78
96 8
34 89
12 17
36 57
16 90
90 24
43 13
95 98
24 96
88 25
23 39
93 58
78 33
91 95
53 97
97 80
35 97
97 42
10 11
15 85
42 64
27 64
4 4
5 42
17 99
94 48
58 63
38 98
65 29
34 81
6 79
96 36
53 36
5 21
93 53
24 32
29 36
99 61
61 77
90 16
57 12
94 24
67 19
70 54
78 20
24 23
6 26
62 74
9 74
31 91
21 52
12 23
63 11
97 75
9 57
85 56
43 1
94 87
12 95
29 93
74 3
97 74
55 44
47 4
88 26
8 30
11 46
77 44
8 4
75 33
48 4
32 14
46 59
32 24
30 81
61 97
21 28
85 95
90 93
98 48
97 52
96 98
81 46
50 93
66 22
18 48
85 74
75 39
60 78
93 33
19 58
54 39
40 58
28 46
94 40
45 64
48 15
63 82
87 17
41 3
4 92
55 73
50 93
33 32
72 4
52 10
86 31
68 87
48 65
4 18
28 5
46 50
12 57
97 2
43 7
32 44
4 19
79 88
9 78
58 49
81 71
80 48
6 53
90 16
23 90
30 35
36 93
1 87
18 55
54 58
96 73
86 68
19 74
49 13
78 17
85 51
31 81
70 65
3 83
97 53
79 54
67 83
21 14
58 69
73 25
1 16
20 93
29 66
8 15
37 29
31 63
28 28
14 66
18 88
25 44
45 36
19 59
14 37
47 66
74 24
29 95
36 92
47 9
8 97
84 18
51 15
1 22
22 70
87 36
34 10
86 80
90 33
13 4
26 52
15 83
50 96
63 89
44 21
57 26
96 32
35 85
61 79
78 48
88 23
9 82
54 18
38 22
2 7
62 97
85 46
1 46
23 40
81 36
99 78
37 25
9 8
15 70
43 78
1 48
27 91
98 98
4 20
75 41
26 87
49 14
26 89
74 15
64 51
22 57
1 9
83 37
38 85
87 29
72 24
17 64
82 46
16 34
38 73
25 39
44 12
80 76
34 53
72 81
77 39
86 64
8 95
59 93
33 57
70 98
73 38
86 80
35 21
14 19
23 55
83 47
48 33
6 2
10 82
54 8
21 65
40 96
83 65
52 100
56 42
7 17
43 55
93 92
72 36
3 89
67 74
37 30
73 84
87 30
60 95
7 52
3 81
12 2
84 24
38 19
98 36
70 67
93 69
31 85
8 31
42 89
43 73
16 4
61 90
85 78
9 91
9 89
49 16
9 52
45 85
22 30
27 73
91 44
13 54
65 72
24 80
62 28
35 92
81 12
49 73
46 98
10 40
6 45
36 32
42 99
38 61
12 57
28 19
23 80
88 5
32 22
11 21
50 55
35 45
49 94
20 88
36 11
1 27
100 39
61 22
18 95
39 97
72 46
97 2
62 70
44 97
11 65
38 26
27 98
85 73
8 48
24 89
23 27
89 74
54 75
32 17
34 4
71 22
44 8
85 87
17 93
18 31
64 64
54 58
61 22
59 51
77 46
25 37
42 35
99 11
32 88
13 15
70 98
2 39
84 45
39 99
44 1
44 87
57 89
40 83
64 50
52 26
50 3
88 61
18 66
48 16
49 57
33 28
55 4
66 72
72 28
14 44
19 30
89 18
10 56
51 13
15 52
44 13
49 52
91 55
98 43
29 62
16 44
48 59
27 43
13 28
46 17
6 77
64 37
92 9
5 81
46 3
76 7
60 27
8 8
19 73
52 45
49 31
75 26
20 91
32 5
71 25
23 72
100 5
57 29
86 41
86 45
20 44
70 93
51 57
6 33
5 88
46 32
93 64
1 20
43 61
43 40
52 65
91 34
72 94
22 100
61 53
39 25
43 1
51 85
42 6
16 22
68 36
4 6
53 46
17 3
36 58
22 92
19 39
49 85
70 19
62 55
74 54
55 47
81 50
85 5
16 73
40 91
45 23
61 37
47 39
30 4
7 33
1 40
45 86
71 33
85 91
14 72
34 28
72 53
63 37
53 95
75 93
27 28
59 89
13 3
13 33
15 17
3 97
97 38
49 41
29 63
11 46
37 68
36 17
49 29
68 50
25 72
85 21
23 93
95 68
80 36
7 65
79 95
91 70
19 99
57 58
7 21
79 30
17 28
3 95
73 8
61 36
28 40
5 67
10 63
76 70
98 8
76 1
34 28
36 57
93 38
66 18
45 42
74 65
10 4
84 36
12 15
75 43
88 25
50 76
12 85
62 66
97 43
68 76
40 56
80 82
48 62
48 92
45 67
1 35
66 94
30 97
45 36
29 60
28 15
75 57
55 61
28 82
10 35
64 38
61 36
87 76
70 42
68 8
59 40
18 84
59 3
77 71
29 93
48 9
63 63
67 88
63 87
55 25
27 1
22 63
22 79
84 55
74 83
1 54
27 41
98 66
63 89
75 68
81 76
4 20
80 33
40 18
89 82
79 53
84 79
64 34
96 23
15 93
24 1
24 3
43 92
85 26
57 46
13 62
54 91
41 51
82 7
7 70
75 70
83 54
24 11
6 43
7 29
48 93
18 84
17 5
93 68
75 25
15 82
39 4
45 91
54 37
69 60
90 28
19 38
73 68
93 47
16 22
24 91
36 59
34 58
64 77
17 53
57 42
56 10
78 45
54 100
13 12
100 96
55 5
91 48
98 13
93 66
54 72
94 59
59 6
20 54
54 81
49 10
87 27
61 85
18 70
65 60
92 6
36 75
67 2
65 92
41 23
72 40
88 56
83 43
77 60
2 18
35 67
88 56
75 31
80 56
39 87
47 61
62 94
30 80
73 11
9 6
95 9
27 59
88 8
65 63
20 24
14 100
78 61
90 49
66 26
96 70
4 31
90 17
88 90
28 29
16 2
52 76
40 33
40 71
5 94
28 59
52 65
16 85
84 38
67 98
27 88
78 71
6 58
4 33
51 16
75 42
7 13
10 94
87 90
95 75
93 86
26 52
37 63
76 38
90 9
60 89
34 66
97 28
28 65
19 67
70 59
20 73
20 60
93 97
58 62
88 92
37 89
19 7
12 7
88 23
28 71
46 47
59 65
92 29
51 60
88 13
76 97
48 66
8 93
58 22
70 81
47 16
7 98
46 70
70 58
10 9
15 70
5 48
81 5
67 37
50 90
19 30
59 24
12 59
19 5
6 95
10 38
93 22
90 80
22 75
20 23
3 86
99 31
77 95
12 64
64 20
35 98
91 15
91 93
96 67
29 56
23 46
5 38
86 57
81 7
30 22
87 61
48 44
15 45
22 20
16 3
49 57
24 78
37 44
23 4
3 76
25 69
100 78
44 53
29 27
24 100
34 85
32 92
8 6
53 62
75 78
84 48
31 73
75 73
83 73
77 34
79 37
68 1
40 6
51 30
15 73
82 44
46 38
100 8
79 39
60 43
14 67
24 44
56 52
7 73
76 15
30 9
99 69
60 72
47 77
67 16
14 19
9 56
49 7
37 45
70 91
14 45
65 73
29 29
19 17
24 69
21 31
94 54
69 7
94 98
78 1
9 44
46 45
9 48
61 20
4 48
40 32
25 81
1 95
30 16
31 82
96 73
45 67
59 78
13 60
12 5
93 8
64 57
71 36
67 86
72 7
4 20
84 2
27 14
27 41
81 69
90 10
3 96
72 3
82 82
38 19
65 55
90 32
51 67
86 49
92 24
65 98
31 18
53 32
30 64
24 25
61 38
51 5
35 72
4 5
46 48
74 99
82 34
35 14
29 67
74 53
27 40
56 84
58 99
53 99
42 71
61 32
50 70
80 11
98 44
99 18
98 86
31 52
87 59
67 47
31 80
65 12
98 50
85 70
66 44
12 41
76 99
46 29
68 18
8 54
100 23
28 41
11 32
8 59
8 89
11 9
12 12
86 56
30 1
25 2
76 44
45 1
17 71
41 3
65 9
65 98
77 93
24 87
32 89
8 86
58 19
14 78
8 87
49 18
61 73
11 66
8 31
62 30
28 34
35 49
11 91
25 1
69 12
53 6
48 18
72 15
80 2
88 91
89 7
72 33
38 17
64 41
42 68
82 78
32 11
86 90
40 27
98 58
61 46
99 84
47 33
99 59
46 3
81 65
1 8
6 47
45 22
44 68
44 49
58 80
69 1
91 22
51 51
78 9
39 23
46 62
54 49
2 26
65 58
1 99
54 54
56 24
100 14
31 78
81 82
69 96
75 11
23 14
86 26
70 4
16 81
93 34
84 100
80 74
46 82
2 85
92 3
18 67
10 19
2 64
19 38
23 29
13 80
75 14
92 40
43 60
88 56
41 21
87 74
27 87
97 4
66 54
54 36
50 54
41 22
60 64
64 80
58 56
31 80
81 61
89 29
89 93
28 33
45 90
33 81
27 26
83 4
94 23
9 40
60 55
5 23
13 1
67 19
70 86
1 58
13 15
3 70
16 62
42 3
14 1
57 80
42 89
54 88
21 34
4 27
30 43
100 11
12 68
98 56
33 89
77 58
19 29
32 19
67 40
65 32
10 54
53 16
38 51
49 44
28 18
81 65
33 88
97 88
11 67
63 65
41 90
85 68
52 21
2 64
68 53
67 75
47 55
71 22
20 60
70 68
75 51
35 44
47 39
81 12
97 51
10 59
90 54
86 14
67 61
50 98
64 74
72 10
70 98
69 8
40 91
55 33
15 35
94 54
68 89
68 81
88 24
73 17
57 25
34 87
10 72
87 88
44 42
19 14
48 16
3 85
73 72
68 66
59 42
74 25
66 34
31 42
35 82
30 69
94 39
54 6
35 62
59 10
11 59
62 8
17 100
81 95
63 93
39 100
7 28
35 38
92 43
18 79
50 24
23 51
45 80
60 79
91 62
64 39
72 86
76 20
33 9
64 13
99 81
4 87
33 29
41 53
66 21
98 11
2 64
28 32
64 93
19 27
39 61
35 38
81 37
85 55
41 74
87 10
34 84
71 65
99 48
68 82
100 76
65 46
2 83
55 56
46 53
78 2
99 96
51 50
42 98
91 13
92 54
67 33
88 13
72 1
68 3
47 52
77 59
3 2
53 66
7 13
64 61
21 2
71 76
73 35
40 19
39 15
25 37
13 7
25 9
89 66
6 25
89 1
84 12
55 96
5 24
32 23
75 5
89 18
61 14
44 50
68 29
83 44
89 18
19 30
90 92
4 16
13 68
56 76
17 23
46 12
17 15
86 50
51 51
51 61
59 14
55 86
67 85
4 87
10 7
42 43
4 81
90 22
64 11
70 61
33 31
55 84
83 7
25 82
68 39
58 21
15 67
72 79
13 70
42 32
54 40
40 10
93 64
90 11
51 97
32 30
30 44
98 69
2 26
20 90
20 92
27 57
42 23
12 36
36 100
95 73
78 13
91 8
7 7
93 35
39 80
75 19
86 11
37 98
29 32
21 97
71 4
33 71
29 95
25 66
54 78
6 55
24 25
36 55
73 46
46 85
29 94
29 94
52 68
70 43
15 71
93 74
44 84
70 60
87 25
18 90
55 11
81 30
48 59
58 93
32 63
77 78
36 14
4 91
87 55
52 36
11 2
42 92
30 88
52 56
19 9
29 64
42 64
49 30
44 72
21 9
7 75
53 52
70 75
71 67
72 23
96 90
76 71
6 66
13 73
9 17
53 31
60 5
28 91
10 75
61 49
50 50
2 75
70 20
13 17
14 89
71 39
14 18
96 61
98 26
12 96
97 76
92 15
97 79
89 26
35 34
18 39
10 32
88 89
18 99
17 8
96 90
97 83
39 100
68 40
30 55
60 19
3 99
32 56
80 23
47 39
73 12
1 21
70 93
43 72
18 61
3 43
63 13
85 11
74 85
19 36
98 48
26 33
89 45
86 9
69 49
59 46
63 45
66 17
90 97
78 62
55 45
4 9
76 79
74 48
71 63
99 96
15 80
24 7
8 48
20 68
84 95
18 55
67 39
7 39
31 67
84 7
81 23
26 47
77 90
72 63
97 28
4 59
22 59
11 93
64 86
39 89
99 66
85 55
8 71
95 34
31 56
45 57
53 97
24 53
26 84
41 46
9 24
49 41
17 44
21 21
49 2
19 2
82 1
18 21
9 53
100 67
41 44
69 72
74 39
67 73
65 20
27 46
5 37
11 42
9 35
26 38
14 88
86 88
92 19
39 73
73 13
44 10
50 27
91 59
47 53
12 78
2 11
13 70
82 20
40 27
56 46
92 66
99 69
90 55
79 98
18 36
49 37
12 30
8 34
28 1
99 13
70 55
28 30
55 97
40 6
59 86
83 55
66 95
94 49
36 67
16 88
46 71
73 89
15 25
90 79
2 88
3 14
3 79
78 26
24 47
78 54
33 73
73 13
58 12
22 18
52 43
56 75
92 10
3 2
56 64
23 25
25 1
90 32
53 56
8 61
80 73
76 89
7 16
56 42
3 70
33 15
3 32
82 19
78 61
49 17
23 96
26 93
95 98
44 86
14 49
8 11
91 58
36 53
34 71
66 24
45 13
28 72
93 8
29 83
64 24
48 42
61 88
14 4
26 96
9 6
5 66
85 70
23 7
38 10
41 44
100 29
36 17
53 51
59 23
25 57
59 35
29 19
8 62
52 35
85 57
9 52
61 59
22 77
86 39
35 55
97 61
70 47
27 32
48 7
74 66
55 41
12 4
90 57
39 53
78 41
10 36
43 91
13 52
45 42
45 2
80 54
72 73
57 70
54 8
56 70
54 53
95 70
7 21
95 19
58 71
97 1
51 61
99 15
73 95
68 14
69 84
43 45
47 89
72 1
64 68
91 14
10 59
19 36
98 39
58 21
5 28
27 69
39 30
47 77
1 58
47 13
41 14
93 1
2 89
80 95
42 93
71 66
33 41
85 81
36 12
46 52
55 89
85 66
70 95
27 74
8 13
67 86
30 28
40 97
100 12
42 6
88 63
17 19
96 23
29 38
66 6
24 87
6 18
56 54
33 49
95 91
79 51
63 28
46 94
96 81
5 33
7 46
7 37
29 57
22 83
83 72
84 96
16 68
54 15
95 67
82 55
80 44
75 97
8 59
66 80
41 91
21 32
8 66
22 88
48 99
64 69
63 80
90 49
67 16
95 26
62 26
33 81
91 7
85 90
44 70
35 76
83 17
87 46
94 13
70 12
59 81
81 34
1 18
63 91
23 81
17 59
21 96
98 72
48 18
3 22
6 29
91 17
67 63
75 12
34 95
82 43
10 15
57 60
9 57
68 90
11 12
42 24
5 24
71 86
21 63
10 77
11 94
78 76
83 6
20 95
2 25
83 62
31 19
1 29
46 87
11 25
77 65
3 14
8 62
41 78
100 86
71 77
82 5
90 83
55 99
50 57
81 52
96 89
14 30
7 76
34 14
45 51
35 61
3 55
31 90
10 61
88 41
41 13
7 90
27 35
72 71
97 36
43 99
38 4
71 99
100 77
19 23
58 68
39 71
63 36
4 31
23 100
3 70
51 5
75 50
92 82
74 71
52 5
58 79
99 53
36 7
85 44
62 44
78 71
59 58
12 100
17 30
37 85
100 100
83 70
8 25
92 57
73 33
3 56
80 25
61 56
58 51
88 64
69 93
80 94
72 37
61 29
40 20
53 2
14 10
34 30
71 72
92 29
83 66
74 90
82 83
61 44
93 3
99 53
42 28
71 69
15 55
21 4
44 18
74 59
30 9
58 62
82 90
41 2
18 33
96 55
60 1
59 51
73 79
34 89
12 54
23 100
10 12
13 85
98 100
30 100
12 72
20 68
56 78
10 96
50 37
19 96
44 100
23 40
71 97
74 8
96 91
22 45
17 55
20 16
95 79
96 30
49 99
75 31
20 77
46 17
71 73
72 47
97 35
7 87
43 51
61 14
67 64
21 11
96 86
33 66
29 11
93 17
67 84
75 99
16 12
92 18
1 5
77 48
48 56
91 3
51 41
47 87
50 8
93 85
82 24
83 44
57 23
16 90
61 76
59 48
36 78
8 48
93 90
56 67
25 41
31 28
87 10
20 98
63 20
89 94
83 71
98 66
33 78
87 64
95 79
39 100
42 44
31 18
17 45
37 58
7 100
90 56
85 55
90 12
42 42
12 27
86 12
27 4
35 66
88 1
17 71
49 70
70 8
71 71
91 72
68 22
12 63
65 43
27 18
56 66
86 66
34 22
70 14
5 38
70 2
3 47
85 7
44 6
29 68
55 15
40 76
86 32
37 29
42 7
93 90
79 28
57 41
11 19
25 26
64 77
85 92
5 73
62 6
78 53
21 50
49 27
28 29
57 32
51 29
63 93
51 60
64 48
18 88
18 83
18 74
5 87
29 81
73 32
13 26
