1000
3453 2228
9683 9955
4197 68
1957 8712
7445 3791
4840 2197
1560 9798
5233 339
8293 4575
5346 5358
2884 8657
6984 2019
2920 5797
8075 9474
4722 4184
2024 3180
5242 1944
3808 821
3249 5751
314 9677
4031 9065
1830 4406
924 2942
6590 758
2477 6691
4232 8264
2767 8708
6747 4930
1333 4080
5633 3429
3552 5385
5363 4825
9294 6699
2075 1750
1330 4939
1556 1764
4855 5752
9010 3517
5755 3465
6846 5822
3133 1327
1811 4958
1630 4147
6782 8021
8505 854
7094 3090
9643 1286
6018 6132
566 9281
6005 3178
9466 1000
7061 5063
723 1144
6875 5732
2194 3237
5877 3663
6506 148
8906 9130
2556 3138
9718 6219
1173 8492
9710 5751
9926 6218
2905 8297
5971 9906
6701 8864
7407 3882
4055 6088
1415 2877
8100 7562
4058 3407
4730 5048
511 8939
2736 1475
3996 1039
2064 5918
2377 1823
4162 5261
6768 9316
1459 4706
963 3308
713 4653
7374 9032
2575 5499
3434 4676
585 5024
7521 3144
9804 6568
6923 3081
1433 6678
2728 7579
2630 7087
9031 5216
6923 5665
7982 2926
6563 3711
9936 1908
7687 353
9702 5414
4046 3359
5291 4581
1388 8794
9749 838
7470 2372
9867 1947
5197 5673
4788 6191
209 6458
9784 6519
3841 4593
7418 5173
5949 4916
6889 5506
7647 9690
3066 1133
3074 3986
2253 9433
7658 5124
1568 2668
9180 6521
9446 699
7629 3183
1472 7131
8862 9682
1103 1587
9364 1582
6072 4976
9867 8910
4965 2795
2604 6639
4097 190
9025 5987
199 9623
6749 6949
3803 8943
4462 3144
2901 7879
7809 7857
9154 3381
716 184
6694 2175
2608 6073
1249 3
7752 7417
4948 2549
1106 2569
2328 868
156 1922
5126 6065
8348 9925
3206 5203
2366 6398
1799 7480
8865 7643
836 4101
9859 570
8707 1712
7083 2661
3266 509
7933 6213
8903 3813
4351 4784
4124 3608
9614 2557
6590 6566
2477 4707
7263 4861
4932 7558
9522 989
3526 923
4590 5505
2519 7452
1908 8277
9689 5495
4714 888
2593 9808
2201 3446
2766 1090
3634 6117
5309 2495
9458 6256
1579 9155
3693 3548
7173 9096
8287 9426
4753 9641
9453 5801
7523 5150
6673 5523
1335 7927
4314 6485
2718 1502
419 4606
3719 8949
7809 6499
6413 5447
9452 6130
2524 4393
8072 1913
8169 5824
1922 887
905 7216
7615 4306
7331 8760
3879 9535
8553 8935
3352 455
3502 3459
2547 5746
9815 7839
8398 9611
6813 8043
8440 7922
9391 5024
4703 6768
745 9051
7971 2712
9373 3906
7136 49
8408 962
5281 4059
3917 4811
7409 628
8519 9950
9071 6996
8347 5450
707 3074
8094 6437
7095 4867
3946 1223
4611 6700
1258 7003
630 6011
4796 6067
9053 5479
178 4823
1280 7139
4257 7751
1718 3087
8174 8880
4075 9345
6844 7098
4231 8321
5608 614
4682 4374
4331 327
6292 9970
5230 9201
7333 2614
594 1558
2585 7608
2663 1828
1825 9531
1996 4106
1576 5745
2188 8842
8864 6680
789 6779
8666 3956
5436 9168
3752 8964
8608 5474
7603 534
2636 9127
7697 1137
84 8550
5141 6365
420 9877
8228 6873
8080 2435
2537 3036
7670 3634
7686 481
9021 5450
4423 4052
911 2076
391 3926
2404 5182
1717 2442
1882 4964
4611 7587
109 5014
6730 2977
8542 6793
8559 5944
9667 4881
6178 1278
8740 404
6501 3961
38 2992
5687 870
7553 5533
9975 4190
8582 6497
4076 8302
3512 9139
5276 5202
3844 2622
4467 6011
8569 8311
9739 9704
1630 9063
2434 3228
5223 8315
9114 1739
8853 6686
9382 2212
545 3852
8759 5204
8619 8201
382 3043
2127 3584
4082 7993
9677 9850
2190 8435
6890 7903
1604 4229
4951 6760
4921 6345
8284 2134
2584 6169
1690 8588
901 6983
6006 3371
8992 6582
2806 4052
9712 3639
9653 9091
9111 4208
6366 7302
6130 400
1881 3698
7136 4217
6489 8802
9208 258
3489 3311
2063 5446
2956 4203
2247 3943
1585 6879
3931 1851
1929 806
4968 4421
5223 8631
7317 6700
4178 7526
3340 2387
2337 9782
9824 6458
5630 7818
5460 74
6014 1822
7186 7349
2823 9634
8162 9610
6102 545
7981 3168
5620 6897
6931 9314
7817 8737
2926 3884
5382 6995
1972 4085
1595 449
3686 5386
9682 1624
80 5695
7784 3895
4177 7490
8762 7411
1198 6018
1962 4983
6459 5740
2466 6417
5929 3429
5633 6275
2098 1501
1314 537
8556 5460
1283 8796
1604 1097
9377 1046
6435 3403
1264 9716
7595 4508
1602 2427
748 9182
7030 9832
5333 4002
5759 4954
3824 8007
6848 4254
5204 2475
8805 5750
338 4330
9652 7767
2164 593
7725 4865
2635 2885
6059 3412
5284 7620
2505 3538
5497 2974
6809 8935
6368 2145
1560 6412
7352 5521
2708 3356
3178 3305
7350 5873
6237 5797
6908 7289
2967 7973
5298 4920
5359 8151
7782 7504
674 9681
2804 3936
8983 8066
984 4964
2954 3433
9268 430
8611 3929
4632 6765
3385 1696
7660 1952
3861 1295
5646 667
2666 9699
524 8101
1076 4192
9566 1552
6471 1157
1327 4781
7456 2722
5237 8267
9633 7918
2709 3504
5982 3818
8726 8637
9646 9107
6901 7401
3201 4118
600 3900
2923 8429
7888 642
5792 544
5082 6862
2783 362
5032 4120
292 8160
1259 8244
5293 3391
7045 7282
643 8574
9322 6161
8711 7542
8308 3729
94 7277
4853 5495
7094 857
8798 5821
493 1137
7700 2601
6534 3412
7475 5340
9703 3243
1553 5183
9113 5239
1357 3478
8000 6654
5808 9854
5943 6772
5093 996
42 7525
889 9430
3615 7782
7118 3512
1135 2152
736 4188
3020 7349
7849 3911
7080 3423
2085 4084
7708 2145
8806 4721
488 9618
6667 8278
1112 5960
5810 9104
7500 2369
4232 1905
1014 5618
4448 6706
2685 8424
9199 9047
7289 3912
7874 6734
3160 3798
8117 5501
2023 32
1175 8327
3930 5684
7773 1665
3360 2759
3581 3570
3244 6439
1538 8843
7996 4597
3124 3236
5075 7071
4036 1601
1236 141
6510 5452
8834 6469
3515 5066
4934 3996
6169 1837
6396 4132
5756 1132
8871 6800
6102 8190
2687 1790
5236 7668
4455 5272
4187 8888
6750 2545
6955 3275
5161 3933
2181 2025
5225 7428
4267 6997
2786 5037
3824 2450
8727 4060
1661 8272
1558 8787
7411 1018
4968 3232
4964 4113
877 5668
801 8690
8659 7272
2694 6297
1971 6786
4932 6490
9908 764
418 5775
5562 110
8337 6546
5683 909
2548 141
6437 3222
8205 4783
4807 6000
4904 9067
7556 1950
4041 5962
9770 1790
2958 8786
5783 5892
5075 7361
2363 681
9468 2798
3719 3304
4340 4342
4516 8075
5104 7032
5694 4716
699 3446
6073 1737
6444 5799
2376 9073
5625 5383
3780 7198
951 2735
2066 2353
3861 8869
2162 8000
8216 702
7077 951
9973 3050
5609 396
4628 8779
2024 5298
1818 2462
6369 3165
3559 4042
2628 4313
4144 1157
3101 9843
491 2296
1445 6997
1386 5854
5088 495
591 5225
5981 9257
1885 9494
5639 1029
6375 6159
6737 2096
6659 9941
4150 8902
5281 3272
390 396
1652 9332
7233 3389
1145 9562
5771 2923
337 3373
4191 1092
468 5822
6202 8327
387 2745
6640 9622
5435 2663
3751 9864
1726 5068
6380 9371
8200 3940
9418 4353
6394 5914
2699 7063
790 5556
2188 5380
8027 4967
9681 1773
8096 6162
9997 3474
4326 7503
7678 1654
7615 1994
9954 1064
3172 113
311 1842
8270 8501
6431 7527
3536 8010
7937 9655
8691 9117
4552 9220
9897 8830
8832 5758
4109 1388
4943 9074
143 9183
7699 7121
4358 1944
3241 762
1345 8326
2326 9984
7602 527
9846 480
4482 9631
7915 2817
347 4490
6304 8613
9282 9849
8782 2400
1112 3485
7183 930
969 6816
8327 9960
2282 6056
5755 3029
6389 4410
7079 4695
8590 380
4084 8707
6973 5934
973 6156
5530 6694
7753 8267
11 3015
5195 8197
3181 3861
2254 6367
8722 3151
7401 687
8325 9704
7907 2606
4401 3741
7435 2763
6173 7909
3740 5023
2221 7595
4693 6865
410 5907
5431 9172
2798 4611
1671 7388
5833 1176
2620 7979
3352 7395
5854 5221
1575 2474
2035 6553
3790 261
18 793
3331 6526
663 8050
5248 7137
7440 1662
2147 2139
5248 2909
4779 203
4616 873
3412 7419
5249 8937
3848 4820
6728 7557
7466 1861
4236 1389
69 5635
8472 9336
1000 2817
9807 7023
4883 1168
4494 3608
6539 9602
143 9367
6483 1455
750 4243
499 2593
3061 8583
7961 3353
4237 6698
1346 6378
5575 7461
2896 3494
9100 2032
1155 2698
8584 1807
7914 8572
497 1434
6120 4380
4887 662
3598 6328
367 4275
9612 6954
8984 5961
622 8861
2333 6166
4966 1076
9328 8999
5555 8786
6424 7233
7682 2015
9594 8954
7729 9663
5460 5086
3651 5250
2823 9365
3966 1570
1073 2702
8814 704
1078 8587
5659 5700
5202 3679
9355 3000
9655 9804
6073 7202
1882 8684
386 9563
2889 8657
7805 9160
9758 7989
6786 4362
2732 6026
7763 9756
8311 4875
9346 8216
714 2979
2550 9353
2010 7026
6559 4015
3559 1791
1614 6069
6275 6565
6485 4765
6079 9301
979 8018
5192 5701
7963 3401
179 9525
6341 9605
7396 2574
8586 666
5057 9441
6914 803
1670 9995
6528 868
8828 1263
3255 6794
3821 1392
9629 4540
7474 2853
7819 8006
6085 9103
5800 2122
8652 5763
6403 4483
8880 9922
3302 3199
7023 7791
5665 8807
2765 3699
2508 2015
2022 6982
193 872
3207 523
3840 5724
1240 9954
9028 9251
791 6044
2740 5940
7228 9719
5597 5207
8928 1520
4960 5873
5652 8822
7330 2282
2309 1911
5457 3148
9708 4769
6525 1003
6897 4358
2109 5843
2879 5011
3839 6483
6177 8915
4348 661
3960 6307
5226 2060
9106 8062
3498 8985
8769 4197
3698 2825
1633 1847
5312 9556
3491 6821
5654 2829
8699 1391
2966 3101
9678 7004
3000 6896
8323 3635
2348 9565
1380 5553
5188 8007
9959 7847
3098 1148
8662 1540
8199 8489
9370 6555
8148 1386
5916 582
8997 2156
7964 5979
1355 1887
8183 4665
2991 7352
3259 6694
1223 1105
8216 3928
1085 8341
2446 7387
9101 1486
5900 8870
4195 6112
4598 6889
4447 7281
5417 8329
297 9247
4528 7306
3622 3377
2933 8423
369 3656
7703 7613
635 323
8461 5786
608 7229
7443 3895
3897 4588
7167 9798
585 4351
217 7549
1811 7916
8949 3409
7482 134
9396 8978
2800 879
6997 7030
7921 6008
7427 3037
248 6077
3698 8958
8558 7920
8800 6433
380 8847
9824 9903
3493 4719
8106 1395
9224 3293
4636 2269
2634 1173
2409 7264
8904 5358
7990 729
1673 8175
3568 1062
7847 4850
8308 8371
8593 6462
3089 9688
3872 3190
2609 5627
7506 1041
8850 91
6784 1682
940 1041
3452 6843
765 8097
9777 8622
3633 9302
5412 9808
4673 4559
3998 2825
2716 3958
5690 6032
2980 650
2161 5226
1071 4505
3499 2619
1519 4151
9772 135
4328 6
1617 8162
7357 5299
7836 2067
8077 3225
5189 8605
6949 7746
4592 8883
3686 1698
7368 7638
807 9869
3059 3055
9031 1329
7193 8939
1543 6439
9869 9354
5869 9221
4718 5972
2958 9365
5154 8025
1199 9247
7156 4384
5690 3298
3637 6999
3579 2650
8023 2320
6604 122
6094 3300
8587 5286
8772 981
297 6487
5392 1121
6343 4923
4392 9724
3792 6337
3690 3922
9951 5470
6210 1839
8595 6866
6389 5725
5699 2361
6673 9474
1535 9226
4828 5526
5695 7033
1662 5441
2010 7710
215 5142
392 2329
1897 9632
4868 6351
4294 9061
2414 8769
8358 8541
3908 8329
5977 3924
5047 6047
3865 5075
8919 4020
234 8270
3916 295
6145 3246
4562 5305
2475 9987
2000
9 3
63 22
90 68
17 48
40 5
13 38
60 39
96 57
50 38
10 23
74 71
4 54
5 42
67 75
11 71
7 82
14 13
17 61
54 12
4 71
46 45
17 72
69 76
53 91
77 95
60 7
43 89
36 32
24 60
6 68
10 88
65 5
8 74
83 69
25 54
20 4
40 8
41 30
93 100
83 26
95 17
41 98
19 47
94 63
51 72
18 83
16 31
43 91
4 71
100 13
71 19
85 50
86 85
68 47
7 14
90 58
41 39
5 44
88 70
18 33
24 62
74 36
95 67
24 28
24 4
39 88
35 22
13 22
50 73
48 44
60 65
76 56
68 100
76 2
62 71
15 33
63 59
92 94
96 72
23 88
30 17
47 9
48 52
94 88
78 32
6 40
84 42
43 39
29 77
62 75
69 14
50 80
6 77
59 27
15 41
17 95
75 10
4 30
50 20
66 56
77 27
38 25
46 28
55 95
46 23
98 62
26 11
63 80
76 8
90 41
53 75
25 14
86 37
16 9
45 53
75 97
81 87
65 34
59 67
50 87
72 29
39 20
5 56
76 16
44 15
89 77
7 3
87 82
49 83
77 70
11 84
90 65
95 72
20 79
71 81
57 83
54 95
51 76
87 41
26 63
85 51
65 25
29 11
4 43
68 91
26 47
74 78
8 48
90 82
61 50
8 69
17 22
99 40
21 89
45 59
76 27
55 95
52 76
19 53
1 72
26 49
60 19
30 83
78 33
85 36
46 14
30 66
59 11
56 45
2 62
3 98
94 74
100 22
38 100
14 60
81 56
31 38
10 34
10 47
40 81
29 41
76 44
9 40
37 47
71 92
27 10
81 7
6 16
55 87
24 92
12 81
1 87
93 14
48 54
77 61
38 73
31 18
72 77
88 49
66 10
21 55
34 32
91 66
9 56
33 80
12 52
57 51
42 62
37 17
96 61
79 33
38 17
8 82
35 65
60 30
79 32
77 1
41 10
9 43
89 73
21 67
87 44
10 56
59 35
38 77
75 96
1 50
58 4
90 39
90 2
100 95
78 40
84 59
84 22
69 65
29 15
79 46
14 54
91 15
3 83
64 36
87 8
76 9
31 67
73 13
29 82
39 18
99 56
92 34
9 4
51 35
74 58
56 68
2 2
94 39
27 58
54 10
50 37
15 2
88 68
85 49
27 96
57 59
31 72
77 19
44 38
61 76
16 100
37 76
66 97
87 1
32 57
54 81
47 83
96 65
76 99
26 47
56 23
73 16
80 98
81 81
87 87
97 99
82 16
20 49
55 9
97 14
83 18
63 52
30 84
98 28
75 72
74 82
90 93
3 28
18 39
26 49
58 93
92 46
64 43
39 99
10 47
83 63
35 68
49 52
37 7
91 71
61 60
77 13
47 35
38 55
65 53
58 35
28 79
74 45
36 10
47 57
34 65
17 97
87 33
6 72
40 24
94 8
74 95
65 71
25 42
84 57
4 19
23 67
25 87
32 83
29 84
74 13
62 12
15 11
51 16
94 24
26 2
68 31
44 1
28 71
52 94
73 52
29 78
49 70
35 7
24 83
99 56
81 85
52 94
67 26
69 21
84 53
10 58
88 85
21 10
24 9
44 25
3 74
9 21
55 38
74 19
93 84
37 95
94 9
18 20
1 52
45 78
57 12
64 52
46 36
38 33
36 88
65 5
39 58
78 52
48 6
97 30
46 73
48 18
18 21
21 73
62 20
25 19
39 98
1 7
83 9
35 34
8 67
45 75
2 47
77 37
19 43
75 17
13 66
79 91
44 1
27 89
80 86
70 57
98 72
95 56
79 56
97 62
42 80
95 47
28 6
53 87
13 22
3 21
32 60
97 54
4 30
34 96
62 54
32 41
30 5
30 36
5 98
1 84
64 91
70 12
62 61
93 52
90 89
16 99
60 8
47 15
60 83
40 19
21 89
29 47
13 21
14 52
72 64
14 98
3 32
81 7
46 95
94 3
67 12
2 92
35 78
92 59
47 2
90 20
25 93
1 81
2 83
97 61
28 81
91 69
79 87
67 74
68 91
15 50
71 83
48 79
61 35
92 49
23 98
64 23
87 81
11 88
29 13
82 95
44 9
89 7
25 82
43 52
39 1
37 77
44 66
59 34
41 70
45 4
2 37
100 80
99 11
19 72
24 75
3 3
86 13
36 97
55 94
23 99
60 41
96 80
71 96
29 62
63 73
31 98
58 49
50 15
29 54
36 67
43 59
36 57
96 78
54 66
86 82
96 30
28 73
66 5
66 61
88 22
82 43
73 79
43 39
65 28
49 94
37 12
8 91
54 34
67 84
99 19
91 92
52 38
61 8
35 2
2 6
17 33
49 41
52 11
77 91
89 41
51 3
64 39
50 33
40 7
76 20
99 36
98 41
68 50
84 8
33 53
12 90
78 25
58 65
82 39
15 64
71 20
21 45
8 11
31 25
36 2
6 81
52 50
56 25
100 38
49 27
21 60
24 78
54 58
82 56
83 35
37 6
40 65
37 68
86 95
77 40
33 23
75 55
82 17
21 77
53 26
57 21
32 47
58 74
80 60
97 40
4 42
55 99
14 21
75 68
67 50
77 78
94 3
35 1
72 48
38 7
94 83
78 40
61 19
83 37
64 58
17 58
61 9
86 14
61 40
21 57
2 14
83 13
46 35
32 68
65 94
100 92
92 44
90 48
8 94
80 39
35 78
97 36
99 32
31 60
61 45
93 45
48 34
70 8
95 1
76 39
93 58
96 17
82 59
99 38
92 18
6 48
38 55
96 72
68 89
33 55
9 16
50 57
79 43
16 89
9 85
11 87
43 59
31 84
39 83
94 93
53 11
80 67
87 27
19 66
82 21
48 37
1 82
16 24
20 49
11 2
79 42
37 68
90 28
24 4
45 39
12 42
62 27
98 21
60 92
4 34
99 9
75 9
14 70
24 21
45 99
40 70
97 85
4 20
25 5
10 18
32 20
97 31
15 56
34 47
62 76
76 86
51 28
65 7
55 43
34 43
34 5
39 61
25 50
4 20
76 13
100 98
64 30
86 43
48 23
92 35
17 10
56 94
20 74
93 92
19 6
63 90
44 95
80 24
48 89
58 82
13 24
64 28
100 90
73 82
94 31
27 24
30 35
48 29
14 54
76 67
93 28
90 44
100 6
34 54
79 82
84 69
23 83
6 1
45 25
31 64
85 30
12 7
99 50
77 14
5 58
9 51
60 40
100 39
22 73
82 40
85 56
33 39
42 87
90 58
91 37
4 11
83 84
40 67
36 59
85 34
82 53
21 11
94 15
36 90
36 40
4 18
86 84
11 96
41 74
85 73
19 30
22 97
5 28
48 66
68 64
19 14
77 59
96 70
66 82
46 64
52 72
58 92
97 15
61 37
91 1
36 11
90 21
30 63
36 92
21 36
10 58
100 92
66 23
44 7
47 83
72 17
61 14
87 47
65 83
95 16
27 72
86 91
93 5
5 76
49 47
27 96
39 57
35 86
96 68
61 89
10 45
60 16
70 17
8 56
63 100
60 46
49 76
63 29
17 93
40 21
28 85
55 24
27 91
74 54
31 94
37 48
84 72
94 57
25 76
71 8
64 89
36 27
5 88
28 84
67 58
4 41
28 77
8 19
53 53
20 61
29 56
34 49
92 96
3 30
69 10
63 61
42 47
6 73
98 72
28 8
76 14
23 81
61 67
76 15
66 17
41 85
7 10
87 14
57 1
91 50
47 80
91 99
63 47
55 31
45 3
50 12
39 11
78 38
47 91
87 92
13 14
24 33
87 57
35 27
61 7
13 15
60 78
49 84
46 42
41 37
38 58
58 9
32 80
25 43
56 56
39 9
93 61
10 55
58 20
41 79
39 50
31 3
74 72
22 72
87 37
83 91
28 32
46 56
95 59
9 48
4 78
55 92
56 98
20 28
54 3
96 12
82 47
13 87
75 16
83 96
87 86
43 22
39 83
79 96
39 86
6 32
46 93
76 55
53 80
52 56
15 35
39 51
57 72
6 81
85 96
19 49
68 99
15 36
47 100
32 76
13 27
32 48
61 29
95 63
72 93
10 97
50 42
1 82
89 82
9 73
23 1
35 86
89 77
99 71
92 77
98 87
79 27
45 65
20 26
69 42
7 5
78 3
23 50
16 42
41 79
19 14
10 22
77 51
89 83
98 69
21 100
60 97
33 39
92 13
3 14
20 8
64 5
59 28
56 76
53 65
33 13
38 42
91 47
20 48
1 72
22 49
88 55
52 34
96 7
30 91
54 69
79 74
72 100
52 65
95 36
72 3
17 75
55 43
90 5
79 63
53 44
23 64
50 43
94 11
36 28
37 95
82 61
41 54
68 90
48 63
44 78
35 25
73 28
98 28
37 73
28 14
2 98
26 25
7 9
78 73
56 49
92 46
8 27
78 11
90 1
66 29
54 79
89 51
20 19
80 11
18 13
89 74
92 80
77 49
70 23
4 57
16 55
45 95
79 65
23 42
43 78
40 12
53 29
90 57
9 17
69 1
37 60
5 99
6 84
54 60
29 74
30 62
86 4
58 94
15 33
49 87
44 31
13 82
45 93
43 79
21 22
9 47
72 80
12 18
40 76
5 75
65 94
96 74
36 25
80 67
33 81
42 29
4 1
76 27
14 15
86 34
4 23
4 20
24 27
51 1
72 85
53 47
56 37
60 32
85 56
2 7
29 2
70 97
44 1
20 35
78 58
63 7
96 12
73 93
98 28
91 19
90 22
78 100
19 5
24 42
10 82
24 23
31 69
34 49
21 81
1 10
53 58
74 89
51 42
37 84
72 45
66 73
47 63
75 90
83 76
46 10
88 52
9 68
67 77
39 39
85 81
28 13
33 60
87 27
95 7
28 26
99 37
58 12
58 22
18 32
62 67
18 15
43 93
84 60
88 64
84 71
92 48
62 94
35 100
62 20
26 33
14 9
58 90
76 77
65 52
55 78
2 80
10 74
72 63
65 42
20 100
73 78
15 86
92 27
92 66
96 35
76 8
100 39
79 14
88 53
58 100
47 12
29 23
56 99
53 100
84 8
27 81
50 12
2 19
69 55
18 7
87 91
42 15
28 62
7 14
6 9
14 50
28 8
40 70
14 40
30 19
64 1
53 23
87 48
26 35
12 5
37 4
77 95
82 25
35 91
71 85
81 42
11 23
5 4
51 73
78 90
59 42
57 52
61 50
79 21
5 2
48 72
67 86
21 48
76 26
22 63
59 52
39 47
70 3
18 44
55 98
1 52
55 17
1 41
15 99
90 46
35 17
71 4
95 75
72 52
71 72
54 30
89 63
84 97
17 60
65 78
11 15
10 18
9 33
30 7
50 49
24 4
94 41
36 56
3 92
40 63
4 62
50 82
63 93
1 28
97 89
69 50
82 85
77 62
68 87
77 71
45 11
9 89
34 18
74 55
82 75
22 92
31 67
22 76
100 26
95 68
78 55
5 50
53 21
79 95
10 21
9 31
72 50
58 89
91 11
31 61
77 19
19 22
39 89
52 40
70 81
55 35
66 85
55 6
4 16
91 58
29 76
96 90
24 11
88 35
93 15
91 99
40 34
6 11
63 36
76 50
98 8
1 38
79 7
44 65
63 98
47 6
74 26
79 29
44 77
53 88
54 36
73 30
77 19
96 12
30 50
67 18
64 6
96 73
55 32
22 57
56 35
16 80
70 46
1 76
70 92
82 80
65 39
22 50
25 41
34 100
26 2
29 77
58 81
3 57
54 18
54 13
72 23
34 99
68 32
39 36
98 60
60 6
59 32
36 55
41 12
63 86
93 65
52 32
65 14
41 27
59 78
20 78
53 12
23 92
29 61
52 89
94 4
27 40
19 15
44 7
63 6
100 94
23 58
12 24
29 78
89 79
86 15
8 37
68 17
25 91
46 6
95 9
26 16
51 6
50 96
11 1
2 92
55 31
55 67
90 84
75 77
49 56
92 88
82 38
50 36
74 39
33 75
13 80
100 79
2 87
66 77
18 56
4 86
52 85
35 87
44 60
50 38
96 82
79 79
36 29
59 69
30 18
13 68
15 80
42 3
16 45
78 17
78 61
76 32
55 95
3 84
6 89
4 23
19 100
90 43
32 6
18 69
86 24
64 67
56 58
80 60
66 65
7 3
100 88
67 43
53 29
19 75
47 92
31 90
3 50
70 85
49 7
37 43
54 71
30 49
19 24
25 38
97 2
91 74
70 60
90 9
2 63
2 4
29 70
10 55
79 7
73 39
49 54
21 82
97 31
5 3
77 50
84 34
60 96
92 67
8 2
36 80
84 31
35 32
27 78
40 14
73 9
88 90
90 54
50 58
89 73
21 84
7 3
42 23
57 85
68 12
16 66
65 6
47 72
60 10
77 19
8 26
93 39
92 74
33 15
35 95
81 68
74 38
47 33
75 46
4 52
2 51
46 91
25 41
52 91
70 54
72 99
3 33
66 25
68 97
34 86
85 100
19 18
3 79
96 93
1 15
41 28
72 51
42 46
24 9
93 54
66 41
49 85
67 16
70 44
57 42
97 85
11 54
2 21
64 31
67 61
34 8
63 93
44 24
77 88
45 86
2 83
71 1
53 41
12 6
59 66
96 50
23 8
89 12
84 60
40 65
10 11
31 27
10 83
29 79
68 89
18 66
71 98
7 56
47 98
2 61
40 62
79 56
92 64
47 41
15 52
1 80
9 38
72 48
36 40
55 91
72 90
67 14
99 87
40 60
7 24
7 11
79 7
26 21
42 14
36 98
82 66
80 25
61 94
53 67
75 23
40 85
47 48
100 56
54 11
85 70
52 21
13 42
89 78
93 51
39 48
84 36
31 37
62 90
51 21
41 21
81 54
31 4
2 64
83 12
91 51
16 39
9 79
62 64
15 67
75 2
40 19
72 1
22 37
21 13
70 90
12 28
50 28
51 53
87 43
77 8
49 28
55 82
23 84
7 22
51 18
93 8
3 14
48 71
30 67
16 1
47 8
48 95
78 69
90 52
69 70
56 44
82 21
74 3
86 67
97 24
62 82
12 52
38 29
21 63
89 52
14 15
62 58
76 66
44 47
60 41
60 56
23 39
42 79
87 29
21 22
99 19
8 33
51 87
55 9
20 5
2 35
99 24
23 88
48 71
22 81
9 77
96 81
83 54
76 60
34 76
100 27
71 42
22 99
76 24
62 8
24 25
79 18
14 93
45 54
10 71
46 60
99 83
13 2
5 24
76 95
100 84
20 25
86 37
14 78
36 83
88 40
89 93
55 18
66 78
79 100
97 40
10 32
86 97
50 83
33 45
4 23
58 30
70 48
99 56
38 64
37 50
90 45
27 17
59 74
2 9
23 55
1 42
18 96
45 29
99 59
51 20
5 50
62 15
1 97
14 51
54 12
69 61
54 70
76 24
31 44
4 14
50 28
55 20
37 47
25 88
16 54
53 42
49 91
31 60
67 95
68 24
18 36
42 1
75 78
15 19
26 88
48 87
85 41
23 36
11 80
85 33
56 99
45 61
96 67
7 67
64 70
91 92
15 39
10 84
75 83
24 25
31 40
78 21
47 81
80 81
48 92
40 32
9 41
31 56
58 84
55 32
38 14
87 37
20 45
75 2
60 49
68 41
11 57
68 73
62 88
87 78
35 100
88 96
6 33
25 55
95 37
93 49
92 76
23 77
16 62
5 97
25 97
47 1
85 82
81 13
60 80
86 44
22 35
40 34
87 2
43 59
51 71
50 31
63 77
85 97
39 13
4 9
38 22
41 20
90 90
83 99
83 63
41 21
60 94
87 94
71 55
23 66
52 47
42 6
26 42
64 54
55 52
82 71
19 78
63 7
95 35
39 54
92 59
4 23
2 26
57 12
32 66
24 87
66 95
22 20
12 64
78 8
16 96
72 6
56 55
51 85
24 91
1 25
27 49
28 91
54 76
63 32
92 75
75 8
76 66
97 72
14 89
90 100
47 76
64 51
69 91
30 37
83 72
4 73
22 83
28 83
39 76
7 51
21 100
48 70
68 88
69 1
68 59
60 39
2 4
24 39
61 73
73 33
49 96
13 12
11 91
64 62
95 63
43 45
3 33
92 14
47 54
99 26
69 63
87 95
83 73
64 51
73 9
70 96
21 98
91 60
3 74
18 80
40 96
40 90
41 84
77 100
98 55
45 16
35 27
21 23
60 58
76 11
27 36
45 86
91 39
13 22
82 5
53 54
49 81
92 40
77 74
98 64
6 12
5 17
97 88
94 3
95 5
55 58
17 29
6 19
62 55
16 47
70 68
76 10
56 69
78 20
95 18
100 91
38 4
24 98
5 11
55 62
25 83
64 86
39 75
45 94
62 1
33 97
66 20
29 41
50 92
27 89
14 29
45 51
30 7
24 15
93 20
89 69
77 99
76 64
10 81
12 48
97 61
73 55
78 19
64 22
67 72
35 70
70 91
36 84
88 36
55 62
70 40
3 36
36 86
52 15
39 7
24 49
78 32
4 20
89 68
70 12
64 23
23 55
13 26
15 87
16 30
29 7
57 68
90 31
20 80
94 56
69 94
9 20
4 49
53 7
93 64
97 2
89 7
79 90
59 52
52 16
23 91
14 14
43 100
21 24
97 80
76 50
79 79
47 40
24 32
14 16
70 57
39 64
11 15
62 76
93 77
93 93
48 12
5 100
85 51
47 19
1 57
42 41
53 98
12 92
46 70
97 54
29 35
45 15
77 22
5 43
3 34
55 84
67 23
69 41
13 23
12 22
6 17
98 63
60 88
5 99
9 79
84 92
15 60
74 33
27 46
83 7
91 53
57 32
64 33
73 80
84 71
87 6
32 26
14 18
60 79
17 56
76 55
16 6
98 96
59 52
39 36
82 42
6 41
32 47
63 45
54 1
41 86
35 76
98 22
49 95
17 92
37 58
57 9
46 35
34 45
25 7
45 23
93 98
75 25
71 94
93 98
96 42
63 20
59 92
