1000
6952 7958
1999 5159
1862 6870
2047 9530
7602 4163
3899 8013
7170 1647
6 5772
1161 4637
2003 8609
9350 1610
2905 2963
2686 1830
6919 3180
5010 120
1668 9311
3244 1489
4391 4080
7424 8247
2896 9696
3022 8342
8650 9721
5540 6755
5100 1312
8992 636
7237 775
4985 2714
5696 9995
2617 7569
3327 6287
7352 5035
3797 5097
1884 8617
6356 1168
6184 2283
5040 7276
5817 9641
6200 8420
4965 5108
8574 6079
1466 5082
5605 4662
7798 8944
4252 6428
146 7832
3654 6118
1179 2348
1865 7580
2530 3239
3395 6984
6009 5134
2414 2263
8731 2680
8071 2297
4714 8260
1483 8948
6508 8926
8347 4001
8339 606
8736 6258
9692 2483
2281 9828
9871 4558
3933 7851
5757 6160
6486 6340
2885 2336
4638 6007
9335 8806
3877 1397
3376 3847
7317 4161
7597 7951
8712 4198
5897 2572
9981 601
4918 4309
3059 8178
8222 9272
769 496
5768 2148
201 7706
4554 6655
6619 7499
5587 4579
3038 5036
6003 4694
1531 7526
1273 9116
6225 6226
291 895
4393 6011
6325 5855
4682 7121
7003 1528
2575 3488
5770 4562
4154 918
5222 3240
3362 7568
710 4172
7026 1906
8628 4210
7269 2073
8175 704
6321 6267
9932 4080
1492 7568
2865 4451
82 4147
5301 6659
9031 1375
34 5804
2290 2907
6836 5387
7435 5010
7570 2903
4363 1816
5455 2074
6493 606
1996 2147
8114 4793
7655 7728
1641 6795
9187 3394
5673 2333
1833 7572
5670 3775
3409 9564
2936 1394
9463 9835
3846 9293
5878 3732
896 9826
7520 9785
6737 4201
3086 7423
4142 2501
9467 6671
8177 2751
9001 6516
9086 8325
7132 9037
344 2893
1074 3712
2991 234
425 4343
7293 2839
6850 1798
7381 9118
7167 5524
7313 7816
3545 2221
2387 7669
4683 2589
5475 8071
1515 3937
9096 2638
700 9321
1295 2615
905 1096
9702 353
5482 6021
3195 1063
6818 1053
2719 1469
9910 8523
832 7531
5943 8378
3620 4103
1623 9198
2021 4935
725 1845
9887 2098
9971 9775
1379 3654
5094 6242
3398 5573
2724 8661
1924 1219
2481 5130
2812 4480
8558 1220
4650 6628
9155 4467
9340 7312
4563 8171
4145 6794
9052 81
9342 7856
2335 6206
7632 9954
7705 1084
1401 9388
9722 4609
5322 4527
5128 7742
9632 1897
4812 706
5292 7120
8987 1096
8684 2104
2833 7877
1185 2185
5527 856
7980 9007
1354 1779
2968 6906
7930 7277
7648 8172
9605 9520
6795 5364
8400 3429
153 9013
6843 9704
2364 818
1892 4962
2228 9707
3475 6477
3377 941
7221 101
3930 7176
309 7482
3572 6804
2713 9700
802 9137
5411 8665
7232 3767
6994 4010
7534 1557
6232 4601
8693 5523
3374 6608
2291 1470
7545 3907
3646 7860
5272 1341
6822 5552
1661 4367
2043 2269
9375 1870
5025 5452
9400 6483
7266 3667
4451 2512
4371 9755
3955 1787
5471 4257
6970 4268
378 1713
6587 7924
1436 1388
504 7208
9365 555
4671 3568
5496 6315
7094 8680
705 3575
9519 6997
9873 5019
8991 1596
65 1779
4449 190
5322 7254
4826 3277
8467 7793
5415 820
5703 8103
9920 7566
657 1571
6844 1646
1853 6236
7312 28
4482 8070
853 6643
2792 9299
8110 2584
8494 4084
9043 7551
8382 7100
7083 9125
4146 5723
5562 4042
8821 1603
9204 5126
3154 2571
2628 6478
7191 4068
4835 3842
4889 8815
156 9140
9780 9665
210 7598
7827 4775
9765 5882
4991 3742
4991 6883
677 88
9077 9087
3086 6584
5721 7009
3748 1605
7421 7605
6874 8041
8726 4471
7612 292
7072 6302
5819 6992
2326 5016
8756 3225
7563 9514
7620 9490
8820 9711
1261 3331
1867 3176
8798 8110
3295 6088
7317 5647
2934 2485
4877 7295
7014 6601
396 7089
870 9871
9748 8707
5494 9247
481 7305
6649 8346
70 6334
9779 8646
5155 6136
343 3032
9296 4751
4023 5694
1209 6343
4722 3404
1544 2886
6819 3512
5425 415
2562 3382
3871 687
4837 9904
9548 4271
9615 9517
9934 6744
4908 8375
1480 7834
99 9746
7893 9480
5860 2095
794 6227
9080 9920
9070 4890
1858 5990
4749 19
99 2757
1122 9971
3859 7500
8180 9039
2354 9225
5024 1310
2944 8829
1394 7393
6436 8272
1248 4703
9775 9614
5299 3276
3289 6783
5063 347
3173 8476
1725 8499
8759 916
5418 3271
9299 4517
4721 3442
6133 9228
9383 3026
4552 7928
9367 7683
8920 2454
2624 597
5506 1107
4756 1745
6813 1959
1757 6826
8228 3853
264 283
2190 6474
8326 9161
8650 5854
7816 4142
3999 6439
3994 7308
1380 3701
8156 1736
9415 7344
284 2893
1259 8239
5758 669
4379 609
3315 6394
7735 8737
9380 2
8884 1298
3908 6760
5326 5529
4832 1526
4998 3239
9202 5886
126 5718
5335 6404
1356 6430
5050 1429
5736 6799
4915 3306
7938 7687
4444 7698
9887 6109
5664 2440
744 4366
9603 4859
2508 7693
3849 6553
7148 4649
8025 6998
8945 2889
5821 5429
7707 5371
8377 7269
8786 3144
8496 6294
8724 4423
7406 6788
9354 8458
715 7393
6028 5448
5207 1330
9469 189
772 3415
9647 6613
540 2958
2257 8394
6848 21
6861 693
6897 3869
7711 4299
4637 6049
4592 917
4350 9436
2419 9053
8921 7720
28 948
997 5875
9061 7452
8984 7393
7465 6251
7413 4856
1444 9109
4546 6241
4523 2408
3705 7559
4719 4990
4778 6880
7921 7114
8901 1461
2389 2538
3297 3513
2 6261
1647 6504
3624 9235
3355 823
6214 6217
6546 2975
200 1265
1069 6552
3343 7916
572 4055
5112 5126
986 341
7917 91
9406 73
3706 879
4228 312
743 3528
4631 7636
5528 1181
5903 9059
1743 2471
9911 1449
2983 7571
7704 3366
5505 8437
2567 2957
5533 8834
4981 8206
561 9096
1080 5106
9339 2040
1370 829
4943 5641
9944 9079
1813 6694
4775 8812
6671 4492
4141 4475
1455 2167
1980 982
3768 5340
4609 9644
216 9
9838 340
2846 2029
4947 3893
9946 3772
1324 8418
6017 8278
7017 1544
6439 8735
5832 23
9887 2364
8575 3324
8375 2589
6594 3287
1832 3138
8638 5559
5536 7060
9841 3280
1583 6876
3948 7778
1809 524
6007 6590
7463 2895
5578 3348
2889 8305
1784 2817
3975 8966
8911 1046
8466 2562
5342 3955
1234 1980
3866 2662
4518 8558
3561 2449
6242 6770
8450 9782
4868 6964
699 6814
2080 5135
3048 8768
4956 7853
5863 2602
5284 4745
4577 8002
6559 6267
8595 5901
7228 531
2678 3590
4824 3063
8552 425
2245 4885
2620 6995
2194 1169
6377 1816
6959 3475
5169 8972
7039 7845
9059 8612
1565 656
2366 8583
5410 8860
5936 8534
7493 5455
5308 9894
8261 1108
2420 7502
6657 5425
7539 7755
1941 9646
6105 112
7030 4360
1104 1944
6224 3975
8661 687
1594 2703
7571 8507
3683 8942
6399 1659
1645 8054
2250 7578
8194 2851
6460 2214
7165 9819
5262 4254
3479 7757
7101 8960
7316 5559
3754 2807
8960 2933
3492 9245
8874 8701
5055 3267
3610 5650
9458 2668
5365 4406
4574 142
9784 8422
6102 1464
4617 3863
9813 4955
4135 6468
3917 375
2288 2840
2885 846
3159 7757
1264 8192
343 7672
6268 9626
1272 5746
5913 1390
5959 7989
6431 4137
9099 338
6610 8145
244 6678
6763 7348
2130 8986
8931 5927
2681 9026
5679 747
5357 5405
5229 7046
867 3443
1849 5578
3185 5682
6884 4553
6342 5181
5051 9110
8386 8333
1718 3122
5630 9327
1828 3089
5761 9274
7309 5369
1618 9332
1389 1764
1857 962
6019 7825
386 7814
5359 5804
7781 761
1133 4480
7590 8383
7605 8984
9036 3826
2927 2609
7471 7316
1664 7189
893 9068
10 6010
9821 8704
1142 2552
7150 3645
3514 5690
6904 3839
7810 7635
4031 1049
3274 1047
7338 2057
4101 1740
2024 3299
3141 6134
1733 5886
5965 1859
1902 9181
4806 2820
1087 5174
6182 9897
9123 2467
4848 2711
1552 6543
877 4194
5319 3735
8179 6167
3909 3733
4361 3290
7492 3070
1236 3844
3618 629
5508 8401
7390 6805
3481 7856
8470 20
5154 7020
8318 2048
7518 3322
112 744
7225 1131
4266 5286
2873 6351
3649 8538
796 4107
9106 4710
3499 5924
3029 9867
5421 3661
6664 5025
2845 965
9042 6276
8906 8494
2671 5513
1619 7364
3204 4031
7996 1780
2130 677
8672 2220
2715 5238
9835 3061
8500 959
1345 3224
4315 5688
6233 5174
377 939
5175 1246
3043 5401
6593 6695
5024 3849
8264 5268
6176 6843
7922 7491
143 5200
7111 5756
6302 9528
3811 5752
1745 5513
3602 6078
1581 7615
5445 4785
5624 8963
8603 9049
2968 3972
21 8218
9333 5410
240 5832
3664 7431
2365 6765
8892 2385
3883 4334
5416 8801
4416 6160
3262 9311
5736 2579
9421 7198
902 6297
7309 6717
8291 3575
5356 9760
7184 4105
131 8879
8054 6344
5013 9068
8954 5703
4696 7360
9720 400
6316 5538
9501 6149
9339 7675
2484 9048
391 7869
9131 6091
9734 8726
1719 9762
5049 8075
7069 3567
7949 9620
7301 8361
6338 4361
197 8442
891 3787
4610 9052
1263 6436
4373 6626
2379 3377
8110 8424
6538 6379
3884 2843
6589 3569
4968 9457
3808 7502
3549 8403
6739 9849
1902 5259
5912 7517
981 4324
4734 6584
8426 8514
1621 7610
465 268
8726 7107
9278 6781
2655 3485
7590 4021
7518 6849
2497 1227
9871 8996
3355 4661
7516 7154
4327 8420
962 8243
8149 4804
3409 439
933 6741
7567 596
4237 2155
3646 6273
1612 4091
5478 7717
9569 714
8047 1670
3169 4931
293 4788
3369 2773
3218 8011
36 5638
2908 6197
2857 4899
3327 2690
2602 7758
2602 3756
4866 7135
6601 1295
8145 9731
2309 7742
6369 8989
5596 2909
592 34
8578 8558
439 5113
9982 2921
5 8088
1105 5864
9231 5436
7160 1416
3014 3152
2144 7087
7835 4564
6717 4183
3077 3895
5185 2739
2980 9007
1614 4777
1158 4097
1820 6166
4765 5677
4444 8356
7374 2889
493 4070
8347 198
7779 617
8017 900
2446 7201
9850 5165
3415 163
1116 3383
3469 1392
836 328
5031 1932
8992 4620
50 5086
1356 8890
9798 7731
6965 6109
6774 4176
4770 5110
6253 8616
5417 6354
7730 9099
8043 6648
8873 532
2742 5749
6361 3843
9618 2063
7723 7193
6537 613
3954 4521
4043 6909
7367 7334
2427 8926
8244 183
4447 4176
8785 7788
8938 5493
7231 4576
4157 4983
4869 8617
9782 6687
2925 8998
7140 1654
318 4340
2353 1435
2230 7567
8743 2328
7754 2098
8322 7642
5766 7056
9703 8586
5423 7344
6232 4925
4323 3288
1465 361
4841 7138
7408 3292
4985 334
6897 9147
8650 9577
4077 3426
1048 9059
8448 6261
1771 9322
7124 4347
1475 8276
8555 2653
4318 4300
371 3093
2250 489
4541 6152
6815 5147
7575 2000
5482 8678
6468 8841
9547 1509
4345 2595
3462 2026
4879 60
88 6700
2525 3042
6942 3724
6743 6553
3219 5758
998 557
6666 7403
9174 2301
3468 9786
6789 6017
1499 462
436 3798
2341 5370
2667 5155
4994 6738
8680 7210
7434 5784
118 1796
3246 9495
7775 634
7910 690
2097 7021
675 6207
5873 6475
2968 4221
3478 2987
5514 3764
9160 3537
6813 4329
5998 9988
4902 5099
6766 6674
3238 6413
9902 7052
7774 4817
8643 9302
4189 2148
6763 9283
7858 9470
3853 5981
9707 1300
9037 2449
6758 3998
6898 7042
7157 9818
7686 8031
2454 1219
3655 7675
5263 9417
4368 6072
733 3733
4193 1368
2675 917
6745 8976
2772 9775
9830 4273
4166 2216
7989 899
8626 7572
6146 8042
2059 2120
9039 4001
4590 7283
2567 1335
8777 6379
6111 7819
1384 175
7660 1837
2000
63 50
23 6
15 46
51 80
55 88
32 71
1 5
82 34
82 97
53 13
63 17
79 96
80 17
16 1
86 84
13 96
18 60
68 19
13 42
77 40
54 43
70 7
51 21
97 15
63 11
26 82
100 78
97 63
32 15
1 43
45 26
57 47
85 62
94 17
57 31
88 15
90 63
82 4
38 54
58 72
47 96
6 96
1 21
100 67
11 13
94 5
27 11
46 65
85 57
97 77
39 83
41 20
1 78
87 30
28 63
97 95
81 33
23 2
25 87
24 54
16 87
28 36
32 80
97 17
3 63
4 64
13 59
100 67
22 76
77 14
81 19
5 35
50 25
75 41
59 35
55 21
15 53
47 77
45 24
18 62
53 17
15 78
67 40
13 9
74 23
17 42
53 45
97 41
82 10
17 97
96 30
80 73
87 70
4 31
57 70
77 18
36 47
84 17
35 46
78 43
7 90
27 18
72 13
54 64
9 44
2 10
44 35
38 68
31 99
32 35
81 71
71 50
1 32
65 89
91 10
3 19
20 98
1 25
43 92
59 97
5 31
19 56
26 78
47 65
14 66
88 83
9 23
13 58
52 4
40 43
45 96
26 47
74 17
68 87
37 49
57 10
99 96
64 31
52 54
2 28
44 34
19 85
99 12
32 42
91 11
26 17
95 90
86 9
21 97
24 21
32 72
17 90
45 79
16 20
91 36
25 1
45 16
27 25
88 91
81 10
87 83
95 66
66 38
91 20
37 11
79 23
71 70
99 32
39 43
78 3
4 74
83 10
28 50
48 55
35 34
25 91
36 44
99 61
51 75
2 87
12 46
10 93
42 99
57 91
29 52
10 5
83 92
18 77
60 3
35 67
87 62
56 66
92 30
78 53
69 85
23 60
5 12
38 66
41 26
22 87
59 38
74 96
93 65
61 39
14 51
21 82
56 60
87 14
53 48
86 50
12 89
31 6
30 35
82 46
28 60
94 89
14 7
38 55
25 76
66 33
8 12
66 62
50 75
73 38
91 68
24 77
30 18
60 79
36 36
41 37
50 27
8 93
58 60
4 10
61 93
1 81
48 29
57 74
100 44
68 76
33 19
71 82
65 86
79 64
48 92
51 81
57 13
77 75
77 6
46 7
75 89
60 76
14 35
64 41
24 40
93 50
59 54
80 41
21 73
8 53
29 40
93 88
92 78
85 83
60 82
9 53
57 59
15 74
15 14
90 13
74 79
35 62
17 26
8 52
55 38
83 6
49 53
44 27
70 81
68 51
47 55
62 7
2 61
44 66
44 79
25 99
66 51
10 75
29 44
17 78
97 21
36 67
10 76
51 96
41 24
29 88
41 12
4 21
49 27
25 57
36 64
61 64
63 39
48 60
58 93
92 45
33 27
70 87
44 50
4 46
100 100
40 40
22 41
47 95
6 67
34 28
99 77
16 59
89 79
70 49
44 96
40 12
89 72
46 11
2 49
71 16
53 38
86 92
39 38
80 57
53 66
37 2
43 58
73 35
72 59
46 14
82 13
97 45
91 14
96 67
49 81
12 4
29 88
52 78
67 11
4 51
47 77
9 16
48 52
78 64
50 34
69 58
2 93
19 95
51 39
20 39
60 57
92 88
25 57
66 39
26 89
10 2
16 8
23 39
84 60
37 76
9 43
63 8
96 92
99 9
2 52
20 81
63 92
27 5
30 97
34 14
15 98
34 21
39 86
82 89
76 40
84 15
94 100
89 1
62 10
93 97
50 95
94 54
12 53
15 46
13 38
10 78
54 71
77 77
28 68
45 32
50 100
79 71
86 45
30 19
10 98
74 51
1 43
21 33
51 8
1 68
7 85
84 64
70 21
23 53
66 54
30 71
65 51
31 67
65 50
22 48
76 1
62 100
40 27
86 36
62 67
42 25
59 82
76 63
85 75
2 93
58 35
46 35
62 13
5 49
49 53
38 81
69 97
58 3
15 72
99 63
62 72
32 33
2 90
63 44
63 73
50 20
35 74
84 11
67 15
18 52
96 47
37 53
46 63
31 18
91 29
2 42
99 98
58 90
78 98
80 53
48 34
82 16
42 17
91 62
53 100
39 67
16 60
54 71
19 79
78 71
39 98
25 6
18 73
100 42
25 68
40 9
62 98
6 74
27 36
36 57
60 60
51 75
78 39
67 43
27 13
62 31
84 20
60 72
100 15
76 62
15 71
69 14
63 22
94 80
3 6
22 27
34 33
10 59
46 88
70 34
73 68
88 31
80 72
18 21
19 61
65 20
72 26
81 11
99 95
11 86
68 33
90 85
29 77
77 15
68 64
88 83
60 49
56 15
91 72
53 26
44 76
27 52
99 69
46 7
60 50
97 73
4 48
60 97
3 47
73 97
77 10
2 49
61 2
71 91
28 27
52 43
76 61
56 20
2 45
10 54
64 37
41 81
47 6
76 37
78 91
35 35
40 76
31 71
84 45
97 77
92 27
53 78
84 42
8 53
23 63
37 37
7 51
59 4
51 57
30 23
38 68
58 15
53 23
50 83
1 31
3 17
74 28
78 40
19 14
31 13
3 91
86 77
62 27
51 88
8 93
11 95
95 74
30 63
32 6
77 14
63 40
37 99
41 49
52 54
71 11
8 32
9 39
89 95
8 45
41 63
17 59
86 32
21 99
22 23
12 31
13 52
54 3
89 18
33 51
95 38
77 23
61 61
21 76
45 31
72 35
32 83
11 96
36 58
58 90
24 10
49 96
62 43
26 93
25 32
49 27
92 72
34 85
66 97
91 75
43 47
49 37
47 41
87 10
23 17
52 38
25 82
57 92
75 78
87 54
3 49
20 66
50 84
35 22
76 33
87 42
57 55
97 43
16 78
3 63
41 47
58 61
38 86
88 62
85 14
89 58
39 8
35 93
30 24
97 45
16 95
4 38
14 97
59 3
64 75
17 46
6 68
28 35
52 87
90 22
56 72
3 99
19 10
63 54
4 37
28 61
13 21
7 75
95 85
98 68
86 84
63 41
32 47
98 45
15 12
40 58
99 42
10 40
24 40
36 40
96 33
53 41
26 99
38 61
9 26
48 39
7 9
75 93
14 98
72 61
57 38
71 12
4 8
85 49
17 86
29 38
7 93
25 46
8 5
41 18
28 67
29 57
41 78
42 5
34 39
84 67
76 62
10 92
11 60
93 10
14 58
76 84
77 78
68 46
86 43
18 95
31 65
25 90
20 10
72 54
65 64
98 47
84 65
67 53
26 62
88 39
24 83
98 37
47 23
75 43
35 46
82 88
9 43
57 4
22 38
89 7
29 51
37 52
75 72
77 33
47 43
55 43
14 48
66 77
67 77
27 38
65 69
28 12
62 94
87 16
50 34
95 4
78 52
3 46
36 98
12 21
89 99
14 78
84 97
42 92
37 22
39 24
73 68
63 43
16 82
87 7
80 96
75 73
21 87
54 26
38 15
47 23
34 87
31 78
66 56
39 40
3 57
34 11
50 92
56 92
76 11
30 1
19 98
39 55
71 81
84 4
73 85
76 48
45 62
16 14
99 34
18 86
52 60
94 95
89 70
79 100
72 28
68 30
9 8
29 57
81 62
34 68
18 29
59 7
71 53
90 13
41 18
5 32
39 46
34 92
65 48
4 96
69 52
41 33
80 92
78 33
42 85
20 64
79 32
71 54
34 28
100 30
61 73
10 41
22 66
36 73
23 56
94 76
47 44
45 79
51 38
39 16
25 32
70 52
81 86
45 77
82 43
42 54
11 43
54 86
97 54
91 47
36 30
42 58
42 27
6 15
5 68
58 80
19 27
62 23
72 43
35 34
96 20
8 58
86 23
75 46
45 53
96 64
56 80
51 80
73 23
20 7
81 61
99 42
19 38
82 27
66 86
30 90
75 27
68 70
29 43
97 38
21 20
35 9
6 3
77 89
100 51
73 74
35 21
96 58
67 31
66 77
62 22
52 49
100 21
57 82
69 56
28 17
80 57
70 56
37 60
18 97
21 78
46 85
42 20
83 66
72 83
34 53
65 17
67 9
95 21
80 80
65 46
81 37
100 57
71 8
48 6
95 27
38 31
93 8
37 69
34 90
19 30
8 76
22 60
62 79
28 32
21 24
20 47
95 16
51 59
27 72
70 69
80 72
32 79
98 73
95 57
26 91
18 35
38 5
29 37
13 88
51 50
43 67
96 57
30 27
96 87
57 87
63 87
55 97
7 15
4 95
25 19
17 35
70 47
28 7
71 97
61 100
48 55
42 2
67 67
54 70
7 52
65 18
97 3
40 29
28 13
79 41
76 81
64 95
20 25
52 66
27 75
61 4
55 63
97 33
75 25
36 62
55 68
2 72
80 68
18 94
3 48
98 20
73 82
48 7
22 93
97 95
57 57
83 73
30 3
92 90
79 59
79 23
42 89
43 78
35 92
38 76
84 47
51 15
36 98
40 6
18 1
28 3
7 45
93 65
59 2
74 32
20 35
35 79
1 62
25 41
72 69
68 46
79 58
94 40
56 12
25 1
39 58
86 84
41 66
98 13
3 48
47 21
92 1
33 7
35 19
40 67
69 100
65 52
8 7
41 63
88 75
52 80
15 26
58 50
92 49
86 99
62 14
62 98
85 20
1 65
81 37
51 18
100 96
78 83
74 3
23 9
31 47
26 62
85 13
8 80
23 94
29 86
36 50
86 10
39 22
18 9
22 12
27 23
89 14
52 34
32 85
31 2
66 8
44 74
65 56
90 60
93 10
92 45
80 31
4 33
40 42
56 5
39 70
47 59
60 87
79 84
85 16
3 25
18 55
70 83
23 88
27 78
3 47
96 1
98 19
62 43
97 63
97 66
44 18
61 50
69 72
12 4
92 76
3 80
56 11
96 74
10 77
86 12
36 88
31 73
91 28
85 10
95 49
1 2
44 34
68 70
71 88
85 97
3 80
80 74
75 49
22 9
49 70
5 20
19 8
70 15
25 54
68 46
47 93
13 92
20 20
60 45
1 70
47 27
23 45
91 76
76 47
9 69
44 58
55 60
67 32
89 27
89 47
13 90
24 85
87 98
79 24
57 18
37 48
11 21
26 60
41 7
57 97
97 75
87 16
39 4
48 68
66 73
8 72
1 31
2 5
49 80
87 15
54 33
41 65
23 90
32 87
87 47
51 17
15 68
27 25
58 55
15 11
69 70
60 72
85 20
68 56
84 14
100 96
12 9
22 44
4 29
46 69
92 33
11 1
17 73
87 82
2 59
1 22
88 85
96 55
26 46
100 87
33 6
8 28
54 97
6 88
74 21
67 30
35 100
99 31
19 43
22 72
32 4
65 21
28 70
6 53
34 23
60 45
16 69
100 66
28 30
24 71
16 95
55 58
10 36
94 45
10 50
39 52
68 44
62 12
16 7
41 38
12 6
19 76
83 33
25 10
42 87
72 68
70 93
63 36
90 86
17 56
52 8
98 73
86 20
26 21
35 38
24 86
39 24
34 59
25 14
13 69
66 67
58 80
29 35
63 69
44 25
41 93
5 23
54 76
96 34
62 57
27 96
56 27
98 2
84 32
28 86
19 61
10 72
95 26
99 92
60 77
46 15
58 2
11 59
49 83
3 47
87 93
55 52
20 98
51 97
75 84
97 91
6 8
94 5
51 75
53 32
33 20
2 17
93 6
9 8
96 19
49 10
96 50
75 10
19 19
51 84
79 41
65 23
32 9
83 83
34 10
12 47
60 18
38 56
56 71
92 89
61 37
56 84
23 32
76 21
90 46
85 8
60 46
90 9
16 63
67 33
55 7
34 11
79 41
67 28
84 73
6 53
15 73
36 84
90 53
59 15
38 67
37 66
36 79
16 80
58 64
94 58
23 90
60 8
68 53
87 79
71 31
41 28
70 33
82 28
55 40
28 49
75 12
57 64
74 10
12 85
85 59
20 40
31 24
35 66
90 26
68 85
29 60
68 77
79 82
94 70
8 63
87 13
22 9
60 18
40 45
5 88
39 78
91 82
12 19
49 44
57 55
50 87
36 7
52 85
5 29
20 47
55 41
32 39
78 45
42 85
4 13
11 91
49 99
53 69
39 79
50 79
48 82
55 76
26 4
6 70
52 15
35 95
43 73
43 74
77 39
61 73
68 68
97 48
26 34
44 10
5 89
28 39
31 26
1 35
19 19
100 71
91 65
63 77
62 81
42 72
32 46
30 94
57 76
41 34
30 16
68 28
44 67
68 94
59 14
31 78
78 40
70 1
70 67
23 60
79 43
2 13
56 14
5 86
79 57
63 43
53 100
56 97
21 6
88 40
50 19
77 89
49 61
71 94
68 43
89 6
83 32
4 82
7 50
94 99
97 14
97 80
41 13
46 44
36 61
80 65
47 24
55 33
91 47
1 88
61 35
16 89
55 23
4 13
22 94
87 72
97 48
76 67
33 93
34 20
85 60
81 66
28 87
74 46
95 4
65 89
91 10
34 13
90 29
75 63
50 20
96 89
52 35
33 83
46 20
72 21
63 10
16 45
95 29
89 60
1 89
31 80
11 2
81 75
51 21
19 59
100 93
69 33
69 70
2 68
21 22
92 12
81 21
84 28
39 17
28 7
90 66
82 75
56 98
60 13
83 48
99 23
26 70
47 46
46 76
18 90
12 98
3 72
69 71
70 13
63 15
72 13
61 8
87 29
78 24
72 68
33 51
94 34
33 50
51 20
30 58
91 89
49 11
5 12
21 18
56 44
88 16
54 58
23 85
32 8
76 83
65 35
87 19
64 17
67 13
33 65
30 38
71 63
36 29
17 77
100 30
93 75
10 65
59 14
21 67
22 49
13 4
25 54
53 82
84 82
80 95
7 71
31 62
55 57
75 94
93 89
34 16
10 76
21 81
83 92
2 78
17 78
35 51
33 23
40 33
72 60
80 50
57 3
1 72
52 52
38 58
12 27
43 25
72 42
49 16
12 24
41 87
39 78
21 25
45 73
77 1
70 4
8 1
50 93
69 36
34 59
5 89
80 31
57 20
17 36
97 35
11 81
64 16
91 31
70 40
6 14
74 79
68 98
11 56
55 77
5 37
49 25
71 33
17 29
68 43
59 68
36 39
48 62
5 47
40 50
29 72
27 11
94 15
15 36
58 48
4 70
61 68
77 97
99 84
13 39
15 40
21 75
33 65
58 13
18 8
64 36
74 65
93 75
64 31
66 2
72 6
74 69
25 47
1 54
45 12
98 40
77 91
61 43
61 69
34 65
99 53
91 74
60 88
32 66
15 70
69 40
61 21
53 76
91 14
79 22
8 24
23 47
30 1
53 67
40 15
28 46
60 41
49 84
91 71
30 19
84 21
68 15
28 17
97 82
64 69
61 5
14 1
90 32
80 61
41 78
89 71
22 64
27 79
73 94
80 99
91 68
46 10
39 99
12 94
3 31
32 33
5 83
64 95
40 56
12 8
99 57
32 73
79 12
6 7
34 78
24 17
32 84
16 83
87 69
34 34
91 75
72 1
88 37
43 19
96 83
77 10
80 26
20 46
1 46
93 54
75 96
18 30
55 89
40 54
62 14
48 3
51 84
90 30
6 11
69 93
49 6
75 80
20 82
67 52
3 2
34 89
32 26
89 35
78 66
65 29
6 95
46 55
51 95
92 69
33 96
52 53
95 85
3 77
93 6
20 8
33 30
70 59
73 50
11 100
50 87
82 85
31 40
30 67
75 40
76 59
87 95
70 55
29 53
95 34
84 76
91 87
14 55
66 44
29 67
95 56
87 15
53 39
33 53
73 67
78 13
62 23
59 56
28 9
41 6
29 89
31 45
33 64
8 9
24 89
16 68
80 8
43 7
90 94
89 18
46 30
67 40
92 34
29 26
38 22
6 64
18 48
23 25
70 75
5 37
53 5
74 92
18 38
94 77
34 23
14 24
22 92
33 58
95 88
44 53
79 9
14 24
81 98
81 89
50 78
73 92
82 52
57 30
13 37
99 25
73 47
12 33
22 39
63 6
12 26
45 21
54 60
89 42
20 54
52 80
46 16
66 77
11 25
56 60
75 100
21 26
73 34
98 33
28 13
22 6
95 72
65 56
50 32
3 81
69 34
99 21
56 61
50 13
17 69
28 77
59 74
93 45
96 66
34 28
24 37
33 8
2 76
54 15
5 31
3 9
33 62
56 58
5 68
47 40
67 3
18 100
88 34
77 6
78 47
91 99
4 89
98 53
85 49
7 82
13 56
57 14
99 27
44 82
58 61
31 86
35 89
3 44
22 44
77 87
55 48
71 27
36 41
96 53
89 69
13 63
44 18
10 76
13 53
2 91
79 90
19 21
80 20
89 35
48 74
65 40
41 36
55 88
53 7
90 72
49 30
2 77
52 96
5 16
9 66
97 27
72 48
43 11
13 50
33 92
37 21
2 71
98 66
18 35
56 51
67 71
77 61
86 100
72 6
36 54
95 50
69 32
80 31
56 52
100 86
34 29
38 86
94 17
78 19
3 22
20 47
60 72
6 37
64 85
86 86
31 18
87 7
99 13
39 56
36 87
48 50
86 97
59 15
6 99
30 25
69 48
96 27
71 8
39 66
98 85
2 21
67 94
58 95
13 80
14 2
45 59
5 63
11 73
90 48
60 93
22 96
62 97
54 92
32 1
30 95
39 10
18 91
61 7
57 44
7 13
79 1
87 16
49 29
96 72
78 73
27 45
87 83
81 88
9 53
2 7
52 27
63 39
92 96
90 53
80 19
16 67
25 82
64 6
89 98
43 51
100 16
21 82
30 51
36 34
12 59
4 19
20 85
85 39
29 64
64 50
59 83
43 50
10 92
92 11
29 54
44 71
48 8
26 11
96 16
72 16
19 31
13 8
25 80
100 89
68 66
24 52
29 2
55 73
5 66
4 87
37 2
51 71
74 84
15 70
82 8
8 26
88 67
44 57
74 70
56 29
54 4
48 23
96 23
84 55
4 3
22 5
74 10
69 51
71 25
89 20
27 25
23 24
19 40
