1000
4006 9622
154 3467
6991 6117
7948 6449
8188 9063
9292 8476
1992 1078
6586 8507
2648 6190
6630 6346
7689 4416
9680 8647
2682 9798
8988 9398
1349 5428
8669 8351
3815 3941
9304 8962
528 6037
2391 6525
836 9802
5146 5608
5267 1352
7006 432
3041 9258
6571 2140
2802 4128
9787 2239
9402 3956
6745 4410
9099 2632
2818 6331
9119 5022
8062 6340
2131 6850
1683 3170
3210 3829
8175 3802
628 4780
5880 8428
6781 1417
9416 737
298 8840
1489 7668
491 1661
3044 2727
6071 3822
8689 8069
5081 8141
833 3105
8308 1312
2263 8739
7942 2343
3853 3917
8343 1704
7558 6992
7119 3019
3530 2066
6203 4963
7650 8888
7683 7814
3745 5083
7341 1263
9655 5066
249 6951
4264 333
8800 5035
5806 1678
5352 8606
9589 4194
5372 3000
9647 5411
4319 5125
7204 7753
9474 1932
8778 5674
1523 6899
3437 2293
6673 9004
5332 9604
6668 7596
2201 2316
8284 7586
1151 9746
7391 8583
1619 8654
8408 5910
4435 4277
4869 8518
9568 9440
3305 1330
653 4798
5884 100
4901 9530
2343 4412
1477 4255
1025 7135
3018 1151
5476 9768
9650 8453
2329 8030
2066 7790
2347 5683
6726 8847
8715 6441
927 515
6518 7484
2069 3246
89 9027
537 8710
1380 4871
555 4398
3624 2323
7936 8997
1499 532
8615 763
6237 544
4379 8124
1659 7409
1347 3075
7567 6645
8367 3478
4997 9725
3746 4941
6356 9867
7832 8129
2661 4065
78 4939
5090 367
6834 3377
829 7742
103 3179
817 1770
9343 6425
9834 4171
3158 1504
6420 281
2231 3308
1781 3474
7838 6750
7713 7476
6137 9729
7172 370
392 8499
6164 5934
8576 7158
3598 8017
4846 3421
3819 8435
1096 1147
1156 4802
8723 3537
7961 909
6735 818
8267 9884
4257 2729
2741 8156
1576 4993
1388 7247
2509 3267
3099 3862
5354 8380
9566 9067
3434 7413
9069 6160
7362 7985
4182 12
4913 1258
2703 6178
5381 1563
3853 5840
2654 4474
2752 5113
8202 8553
2667 6220
3403 9226
5207 7492
2365 8
568 7449
1077 142
5507 4333
6536 6897
6997 9607
803 8302
4927 5456
2412 7436
5004 1960
6701 6542
6958 6239
1808 3473
8803 8248
633 1332
1400 5440
1812 288
1219 1219
112 112
9263 3029
4067 7970
6237 1653
2574 4138
524 8919
9715 2359
672 3978
5004 6875
212 4091
7429 1785
3131 6683
6605 3
1805 8637
1227 7397
1984 6524
4503 241
7984 1187
2062 3440
6342 757
8352 4455
9160 1818
8585 2212
4907 6284
9859 7552
8292 346
9590 9568
6786 9276
4453 3975
1023 9561
6272 8872
9974 9448
9788 6957
5186 6571
8864 2025
8722 7599
2373 1169
2977 5655
1566 4512
7692 522
4839 3593
9738 2028
7090 5604
2071 6792
5936 1555
5472 5905
7638 2481
593 984
7129 3451
9106 9092
9497 9717
2205 5826
7612 6316
5357 4638
1367 2422
7757 9118
527 5281
2932 4118
8959 3697
6134 3080
2029 7965
757 6685
6659 5130
6286 4177
1087 426
3881 6355
7617 2656
5331 4970
529 9710
3574 5280
5651 1645
8038 6384
9109 9755
5145 7465
4626 6236
162 5650
5990 6005
7747 959
882 710
8565 6694
221 7161
9362 6205
3088 9670
9119 1460
787 3227
2148 9334
2022 8903
4543 700
4157 1849
3237 4884
9591 8451
810 4527
5723 2556
4231 1019
4839 3264
6220 897
1629 1744
7889 3213
6407 6452
4833 6247
4399 3167
7429 4621
2912 7516
6547 2888
457 7182
5513 3680
6981 3053
9644 3850
4555 8113
7658 703
7842 4447
372 1377
5718 3203
5495 6643
7464 6986
643 556
7940 2336
6917 9014
2409 6729
7073 4025
1346 2702
2364 4116
1909 803
5220 8484
9378 6066
7617 1565
9303 8106
5703 869
5334 6901
2808 8053
5440 6500
8932 6811
2210 5101
8390 5157
7235 8692
7233 950
2908 5167
9660 8603
9695 6992
6753 6832
5034 1358
6905 2839
4790 4227
1515 783
2131 8115
6477 9670
6128 8702
9052 1010
6906 3583
259 7692
9495 8311
1254 5245
2990 8623
3291 6668
8192 5846
7572 5202
9367 9070
3004 1328
8361 4895
6575 1021
9721 6458
3196 8990
6098 8288
4445 7951
9449 4696
4372 8152
8748 7272
9109 9839
6055 5067
1075 3205
4206 2708
1187 3624
406 5008
1147 1236
4999 8150
6597 9669
9602 8128
3206 1343
2584 4938
2327 9800
9268 3572
8229 1291
2584 1326
5475 8729
5886 4705
5126 2564
2802 4467
109 8821
3709 2917
6757 9958
2975 5019
5135 9214
2912 3553
8318 1258
6983 798
6096 3553
2666 2761
3393 401
293 7627
3559 2963
6090 1541
8912 4842
5921 3431
8389 9315
1235 941
2403 1264
9264 7595
7478 6444
8175 8470
8724 1864
2515 8423
225 7176
221 2451
9915 8645
3131 2019
9231 8387
7706 5705
4242 1693
2458 352
5205 3316
4547 8497
8540 7871
9709 8765
2818 6544
8702 394
3750 8713
2492 6761
6720 7179
751 5826
4503 5158
2938 3337
8900 8381
5747 2014
2482 6330
3729 1307
7417 1429
4898 4012
9053 1269
2526 8956
7348 4477
2492 3567
490 3635
455 1231
2075 3733
3947 4926
4601 9271
7187 8353
8437 2681
5167 4533
9256 6792
2210 202
9757 5764
820 7073
3697 6201
852 431
7978 8103
6849 7664
8818 5361
2335 1043
1418 4333
6442 3909
3319 7844
9923 6822
8 3247
4330 969
7830 7493
6813 2845
1874 4358
5079 1346
2402 424
8032 6465
7933 4145
3639 4574
2671 9617
4612 8321
9220 567
1604 9358
5552 133
4049 284
2 5180
3386 5894
4924 1424
8459 3432
9875 7099
4229 4242
7322 490
1562 4294
2828 4582
4880 5629
9199 5288
2654 2603
8658 22
754 8763
1632 6106
3091 2124
7193 5224
3055 3378
9014 4989
1307 2898
3839 9146
9949 3245
1545 5619
688 2210
4645 1093
8785 9886
436 6932
504 4205
7380 3439
596 812
3027 1572
1614 8151
4300 2475
7099 5614
5689 3676
5015 5462
1123 3381
7660 4673
3354 116
6751 5475
8929 7746
5757 8331
2929 3819
5534 4224
1923 9740
8301 3
287 5269
4823 4238
5309 9425
3739 3817
6487 4104
9089 2614
7165 9189
6793 4497
186 4319
3157 1041
1205 5984
5403 2568
9314 2264
9050 6682
2588 440
4830 6714
5021 6189
6516 6922
3423 4628
3109 6542
4194 3333
8348 1191
9488 6547
6720 1797
1877 3062
9823 5283
4133 1425
8516 5922
6192 5745
5966 5420
5970 6680
7361 4707
6547 5702
9086 4014
2846 5180
3569 9490
3333 6169
5657 7670
470 2671
3286 4025
8594 1353
8168 7162
1160 215
2406 8381
8958 2318
5021 1844
5724 2091
5507 6863
2651 6376
3887 8356
4946 1195
8184 2337
7702 4441
3845 2245
4286 5185
9033 2299
2647 7214
8872 3311
4681 8442
1066 7529
8380 3973
927 8741
3774 5409
307 6250
2159 5135
6448 1355
6662 8574
5909 1832
1098 9868
784 7494
4244 7984
5404 6566
3194 8178
6336 7645
7345 279
1716 4512
4630 2713
8102 131
6149 5768
9055 6376
1777 7725
3336 6075
4838 9915
3945 4650
7187 5756
8824 1452
1363 1689
3339 8743
9393 4635
3318 3333
9027 3081
7766 2906
7445 1716
2534 6971
131 962
5354 4902
8567 263
5331 6580
9756 9584
9422 5573
3226 7491
2180 8615
2280 2923
6143 9531
9446 3037
7249 7312
3345 7225
9064 7389
120 4923
6026 9577
6939 3526
8625 8004
8282 2619
1448 5757
7528 8552
8720 866
439 7139
7221 9342
1223 3476
9746 204
8120 7513
452 1500
9836 714
4426 1132
3029 8869
3876 9532
3223 1568
7401 5506
239 5190
9999 245
9041 7391
3883 3304
1806 4615
4397 94
1918 2281
1871 2037
7335 6358
5302 711
3744 4804
4151 1331
2784 8783
1639 4099
1177 6294
8416 6080
3075 9459
2791 3891
2212 8443
4871 3014
2945 5236
3662 8029
6865 376
7762 1149
5494 3913
7975 338
5331 4387
4842 5267
7338 8947
6536 1034
2764 570
5249 4104
3968 9799
8569 4395
4696 4638
9022 3085
8209 4272
1352 2670
5302 8216
4283 8637
3320 7265
6000 5631
1447 7321
4681 778
6031 8959
5579 3905
252 7399
1940 9678
3942 1126
9856 6792
8665 157
8622 8699
6528 2167
3384 9965
3638 1495
8444 4741
5935 3253
6398 6769
4939 2299
9586 5837
928 4212
1203 7243
1123 7326
1965 2981
8639 8448
7517 9022
1901 2314
5972 9699
617 8412
8630 7444
5087 1222
6098 2575
8815 7383
2530 1977
9694 4659
6660 3258
8895 4116
4011 8671
807 4098
9605 6110
9727 335
922 1758
3015 1604
8313 5773
8984 6446
9257 3095
8415 9928
2805 1202
717 2565
8000 1288
8092 2084
429 5912
4870 884
6623 4625
1368 7374
1560 2786
8328 4244
2602 6108
1895 9821
3387 7179
9629 5043
8631 9743
1934 6935
9700 3683
7754 3301
8013 3940
9938 4389
4013 1245
2991 7512
9586 2030
7414 5840
1948 1802
8533 3299
1136 5671
5595 8941
5818 3986
5621 9441
2266 7844
7550 8577
303 6150
3438 104
8288 4596
2628 433
5201 7983
290 2015
2159 3354
4561 978
256 7081
5959 8458
6128 6783
2643 6911
9498 5358
4683 3463
7744 4168
9547 2692
8799 9684
1955 1618
8437 8441
3696 9528
4842 8367
1497 9697
2240 1359
522 1369
1048 5559
234 7812
3055 9251
7014 4038
8028 4942
3854 7520
2262 1716
2012 9069
6014 2406
802 721
8422 7268
556 6187
1771 3892
7099 4322
3718 1093
8383 9606
2035 8309
4639 9953
1694 4389
9472 5530
8467 3779
8857 1988
6616 7495
4526 6089
3751 8204
4401 8087
6004 5799
8554 573
4230 9949
3753 6437
4202 9466
199 3970
3136 4270
6857 247
3984 2430
3298 2510
4668 1580
3144 3415
2203 9412
2106 7702
9087 8350
4878 4329
9360 883
6614 3817
3846 6390
2901 6250
1138 7039
6772 1562
9113 4287
3007 9401
7036 4805
3458 7369
8734 2829
4413 8411
4123 8588
1447 2621
4058 7416
9304 3751
7119 9926
9945 4117
6652 5859
2261 8245
5186 9902
9906 2260
8131 1899
8413 908
3177 2234
5805 6660
1222 7232
6402 4005
3577 9866
5264 2341
1416 3697
4462 731
4174 2425
6820 882
3146 4779
8351 7978
4278 5876
3731 5923
9444 5175
4353 6176
7672 239
6870 5389
8273 8176
2799 9366
4443 5358
5188 3571
9591 251
3858 5257
3636 3884
9291 8312
6529 7352
8444 7398
9760 150
9753 9007
7363 5824
6592 6051
4549 9674
7924 4737
8391 1025
470 6793
9080 6201
2086 6863
4926 2553
6280 5182
4079 4979
8716 3994
8518 6037
6305 1174
1711 8042
9913 3855
9430 9854
8058 8778
3663 873
9982 9209
5447 7747
4292 3407
1851 5040
7571 9022
2063 7841
2777 8580
5422 3447
4226 5438
5374 6264
278 7524
483 783
8696 3993
6117 2676
5211 2356
1732 1883
871 392
5840 3442
716 6859
1305 898
8374 3203
5728 1841
3547 83
2676 1561
3019 5702
8600 9214
5021 5697
7396 9781
7948 5490
7542 8061
7942 9915
4089 123
8744 8257
5177 7495
4349 4420
6071 5094
3355 3749
259 4262
2510 2435
790 4476
3765 2072
3089 7518
7362 2289
2749 9018
524 3202
4497 6524
5410 3195
3871 2988
397 7705
9112 575
5355 3207
5846 6812
7335 9218
9590 1961
2472 484
6909 6248
7760 5844
9775 6712
6050 1330
5301 8980
7718 1379
6071 9183
1384 565
344 2826
2288 1965
3241 2589
1879 1502
8253 9835
4327 1852
7086 6144
1875 5632
5521 5806
2051 9196
357 6646
6193 9928
8715 4690
5159 9286
6939 6527
1778 668
7916 8108
7026 2679
2217 337
160 1903
3041 1055
5650 4975
2558 3554
8669 1673
4722 7912
4411 3778
2796 1144
6298 8632
7734 9779
182 4985
8487 5824
2000
33 14
47 89
39 74
38 10
29 46
13 29
69 44
39 40
51 30
32 22
71 42
76 99
78 86
42 52
1 55
49 55
57 45
50 27
9 63
43 54
30 40
17 42
73 6
70 86
38 17
58 79
23 92
18 73
60 60
49 10
46 37
17 69
22 64
69 8
73 5
92 36
50 13
13 92
21 74
77 30
75 33
88 88
43 70
66 76
43 47
85 37
31 37
25 51
25 42
37 98
13 85
47 65
71 94
8 35
72 42
39 91
98 40
58 37
14 62
35 72
86 91
64 85
29 52
41 26
70 34
68 28
82 92
44 36
20 76
22 48
43 15
30 30
51 92
91 80
65 100
90 21
73 92
2 10
95 98
55 40
76 14
35 60
22 13
15 63
74 2
85 20
65 4
63 67
86 84
58 84
87 19
92 24
89 67
68 13
20 70
20 56
6 100
52 27
76 8
57 92
94 25
70 72
94 43
24 69
25 23
72 98
54 20
27 32
47 11
57 50
59 56
14 5
100 98
75 89
40 89
72 38
34 91
90 84
10 28
33 91
86 83
29 11
37 24
77 91
65 65
11 72
77 92
99 79
69 86
5 35
60 82
20 35
58 46
23 5
80 20
55 10
30 35
23 70
55 22
71 41
60 69
95 15
87 66
93 74
7 27
59 23
4 22
13 48
28 61
16 61
98 83
12 73
50 85
67 86
34 52
100 25
85 44
89 27
65 13
84 79
61 75
76 59
100 9
82 14
4 92
25 20
79 30
20 93
97 23
61 40
35 51
68 97
23 46
90 7
100 64
93 46
70 53
7 11
68 56
18 64
75 65
68 62
76 79
36 33
81 25
79 96
8 98
12 6
44 21
14 88
27 85
91 51
41 69
22 29
58 9
20 3
94 80
36 28
3 53
17 80
26 20
60 95
35 95
84 39
52 12
46 73
66 89
67 81
20 63
21 22
70 34
72 97
56 54
68 15
46 74
35 72
70 34
10 6
37 39
67 29
79 17
41 93
97 48
1 10
69 39
72 22
3 26
77 8
37 58
46 64
19 88
18 65
64 100
18 9
54 40
41 50
31 96
97 32
75 89
53 54
75 59
84 42
28 88
90 14
69 87
99 51
79 37
87 61
38 81
98 5
100 1
93 78
33 93
65 26
76 31
91 68
94 73
39 72
64 11
8 26
85 15
3 36
37 44
83 21
96 71
81 47
67 10
72 41
14 33
33 72
34 41
7 37
95 11
73 62
57 43
89 59
77 99
17 54
46 40
26 14
41 66
28 90
9 13
6 51
33 78
22 65
58 26
11 83
67 65
94 69
49 73
20 29
2 73
60 4
31 24
36 13
3 5
15 27
62 73
12 65
31 53
10 13
30 14
98 45
39 26
33 69
58 73
97 45
35 78
70 40
5 54
24 44
17 86
20 43
26 22
3 77
71 51
7 81
78 24
40 49
45 80
25 16
58 94
51 72
52 8
27 14
54 64
91 35
6 77
9 70
57 25
7 5
1 51
45 33
99 53
82 45
87 28
27 22
19 22
63 73
24 63
62 14
22 11
31 10
1 16
49 61
15 48
28 50
37 20
33 45
50 97
29 5
70 1
16 40
67 59
17 61
82 78
82 71
83 51
67 64
60 59
70 25
95 35
87 11
1 4
45 69
19 98
42 15
89 31
94 51
16 98
4 28
6 51
88 42
63 43
73 52
59 53
93 42
80 10
71 68
18 47
42 8
67 28
78 94
90 45
77 91
30 34
74 6
4 88
45 17
30 79
72 60
21 6
46 93
43 26
25 100
1 10
70 13
12 55
45 51
37 3
99 70
37 31
10 77
65 74
73 11
89 33
66 18
72 17
9 59
71 3
44 89
2 14
41 61
21 95
28 49
46 60
37 41
82 40
59 1
1 43
34 4
16 71
84 74
31 21
63 80
69 81
1 52
70 41
28 100
46 59
69 21
81 9
94 94
88 28
91 28
6 60
63 90
6 77
1 62
2 39
21 32
97 42
18 100
54 70
27 87
66 16
94 20
78 30
99 9
45 53
17 56
20 31
95 37
92 20
84 64
20 44
60 13
50 74
5 98
10 53
100 11
47 77
29 67
12 62
45 91
48 77
33 53
58 14
50 4
100 64
68 73
46 92
86 6
26 26
43 12
4 32
27 77
68 22
45 14
2 9
52 5
36 41
3 2
76 3
90 25
29 44
87 98
13 78
63 26
22 77
74 50
72 41
53 35
40 72
91 31
64 53
21 99
84 21
27 24
91 57
6 52
85 78
51 53
25 1
65 71
31 59
83 70
9 54
72 5
97 61
60 2
94 75
95 62
56 63
62 41
92 96
81 84
88 21
28 98
81 84
33 37
25 11
35 14
91 78
100 66
56 75
72 36
26 88
87 55
53 77
51 79
40 84
83 96
64 10
45 27
86 19
4 34
92 61
24 30
65 90
3 44
39 53
66 51
81 71
82 89
36 99
64 45
6 90
78 14
32 79
90 13
80 61
8 93
47 62
70 27
85 46
64 4
82 86
88 6
21 95
69 11
47 93
33 7
80 45
66 53
88 39
61 7
4 90
78 2
55 83
22 62
29 46
17 75
73 20
14 75
38 57
91 20
52 50
2 17
55 54
33 80
56 80
21 33
1 21
57 25
70 22
61 55
78 99
48 19
39 2
19 66
15 95
51 38
93 36
38 64
60 4
99 24
12 63
17 51
77 84
82 69
61 39
5 89
45 71
22 92
78 20
79 25
70 22
8 15
51 20
81 12
29 31
75 66
85 83
3 86
13 53
65 32
57 27
30 27
12 88
39 29
92 1
82 92
35 72
35 23
47 17
84 100
71 60
69 3
94 43
94 74
91 27
53 10
22 75
85 43
92 90
76 36
78 42
45 74
16 70
24 22
19 23
91 95
30 46
29 45
52 4
42 5
80 76
58 88
53 1
84 14
39 28
3 42
52 78
39 9
42 51
19 25
79 81
76 33
96 42
33 73
9 5
15 39
82 34
93 16
30 39
98 75
69 36
8 68
51 88
57 95
34 9
27 41
38 51
42 64
8 33
92 9
11 82
42 69
52 30
72 3
4 9
61 17
57 64
69 78
13 85
32 92
80 55
100 71
22 38
2 75
26 31
29 63
29 76
95 75
16 27
6 71
34 58
43 6
18 60
26 57
25 11
80 43
7 45
55 78
72 78
65 77
67 13
92 85
37 54
42 76
9 43
90 78
77 22
94 21
19 98
88 74
50 90
97 20
5 46
99 36
49 10
60 84
39 70
82 48
71 53
45 20
54 70
6 83
75 90
25 14
84 19
74 24
88 46
31 20
12 66
89 32
38 18
52 96
34 21
15 27
98 83
16 53
85 23
82 7
50 19
55 86
50 66
24 69
53 71
81 93
37 77
48 21
15 57
97 94
22 38
66 51
62 46
79 9
36 42
86 98
47 21
77 55
85 15
56 18
17 4
24 14
20 38
14 30
38 67
28 72
81 89
93 15
52 3
19 19
50 35
35 90
56 15
91 38
37 53
54 5
21 19
87 51
18 48
88 28
65 79
50 22
28 18
16 34
99 90
42 48
77 81
15 50
36 20
60 69
6 14
97 62
10 92
9 9
99 51
23 10
31 65
53 55
71 96
10 79
34 29
24 33
76 82
39 83
100 45
29 92
6 9
30 15
69 74
63 45
12 99
49 19
4 32
56 71
14 81
25 45
81 36
74 27
88 57
54 25
90 94
72 73
75 37
72 64
91 51
12 59
32 54
87 25
16 63
2 91
71 74
11 3
100 84
92 53
60 89
31 11
10 59
51 41
22 12
36 14
84 34
75 86
48 1
46 55
30 4
37 77
8 64
71 33
83 62
1 68
97 92
18 85
82 6
80 10
5 61
86 75
6 29
43 64
37 79
96 57
24 4
94 58
90 97
96 4
39 31
74 18
71 65
10 10
15 46
35 72
67 2
2 20
99 43
45 41
1 95
26 73
73 46
22 5
56 36
64 84
95 63
17 7
20 35
28 98
73 47
48 1
77 95
10 57
26 96
42 79
55 71
82 93
16 26
10 41
12 14
59 45
42 23
44 95
51 73
94 17
46 46
75 29
16 77
94 42
3 86
83 14
45 80
55 25
50 48
68 30
66 60
41 1
62 64
6 64
12 97
60 72
28 80
49 7
73 69
97 67
85 85
10 1
21 74
32 34
50 82
5 89
52 85
20 45
38 65
39 41
73 35
43 62
40 23
97 9
67 57
89 48
7 34
89 46
19 62
97 3
59 32
22 76
24 43
10 91
24 62
49 100
84 33
36 16
45 25
85 88
73 4
32 19
31 77
20 10
63 43
18 41
20 88
68 87
66 40
24 39
21 85
12 94
34 2
17 83
12 28
69 45
16 22
96 36
51 50
76 49
19 92
78 59
93 88
16 63
77 81
25 25
59 35
49 49
37 18
63 9
75 79
68 24
36 85
47 68
64 9
44 32
89 75
40 96
79 13
69 1
78 55
63 18
68 59
78 64
79 10
23 85
49 11
46 19
21 51
28 85
8 14
49 5
31 83
16 42
85 52
62 48
92 3
9 21
79 64
98 46
52 4
25 78
71 57
52 18
61 11
59 93
98 36
52 84
19 56
73 52
25 51
62 56
45 55
22 74
16 14
54 83
40 18
44 2
33 38
87 14
10 3
6 34
58 88
43 33
35 55
24 15
25 70
50 58
43 22
69 93
39 38
44 62
91 15
67 46
44 86
63 81
23 68
14 70
15 49
43 37
12 17
4 99
49 27
13 66
68 3
29 96
13 63
13 76
16 24
38 90
38 78
30 29
15 71
76 82
46 20
36 94
39 63
36 64
20 74
34 95
31 1
23 38
63 82
100 65
95 64
36 25
48 54
73 47
46 66
38 55
59 60
85 10
6 18
19 80
36 42
72 60
61 70
81 35
45 1
65 48
46 37
98 13
69 34
56 86
84 39
62 82
62 88
54 26
16 54
53 21
46 98
67 47
71 15
34 38
90 5
20 38
50 24
89 47
8 1
42 77
48 63
25 35
88 6
23 90
79 33
20 75
75 99
64 26
91 30
41 39
92 62
23 10
88 13
79 34
49 82
96 54
62 14
91 52
10 24
21 92
62 92
3 87
76 55
50 28
88 76
72 5
32 44
31 28
50 96
74 5
49 3
91 39
78 90
38 20
56 3
54 42
27 24
82 87
32 74
27 40
9 7
21 35
65 88
79 24
94 42
88 86
17 99
82 44
85 13
42 11
9 13
93 19
30 43
62 88
48 40
13 24
23 13
44 59
48 59
24 67
13 31
79 52
31 13
12 5
83 73
32 28
84 26
36 49
87 82
18 28
34 70
8 67
13 3
28 66
3 47
89 63
46 91
3 30
19 52
50 40
24 45
92 33
67 39
55 65
59 70
34 33
36 93
41 41
8 12
71 97
4 43
25 38
4 14
42 91
39 26
10 83
45 70
28 14
82 28
38 25
88 27
34 82
31 44
69 20
73 84
20 49
80 9
5 37
39 35
98 7
90 54
50 2
20 97
26 16
28 93
71 91
56 80
30 78
11 29
33 35
19 86
36 51
88 66
93 32
53 62
35 90
68 47
28 78
98 86
82 51
65 78
4 60
47 70
91 40
75 81
90 93
83 67
73 42
12 43
31 90
73 67
16 76
10 68
74 44
68 80
39 100
45 34
23 27
55 51
87 5
71 94
25 9
15 83
76 81
6 66
87 46
61 43
98 33
66 85
90 27
73 45
59 72
38 46
35 45
26 98
39 26
94 48
92 73
71 65
23 62
97 33
89 65
69 33
41 6
32 21
29 85
41 25
79 21
23 86
6 36
62 64
35 98
26 95
23 87
29 5
85 79
41 25
89 13
74 55
90 74
17 82
87 83
32 49
100 33
89 94
27 52
58 16
97 61
83 41
91 90
85 37
82 74
82 9
75 76
95 28
59 66
11 69
7 54
65 88
44 19
71 32
63 52
23 93
28 77
75 56
99 76
32 38
50 18
14 92
3 44
41 44
54 15
25 15
53 77
94 8
92 63
69 64
85 34
63 66
15 44
29 77
28 3
90 61
64 74
100 45
59 61
35 15
11 26
88 59
83 13
26 60
79 95
67 77
57 1
39 79
35 58
43 69
21 43
39 43
8 12
27 71
7 15
74 95
16 79
2 43
30 40
35 33
71 76
6 92
31 67
48 70
88 6
41 98
14 10
100 20
63 73
84 35
100 41
96 25
19 5
33 4
13 30
43 10
34 29
28 53
49 42
70 18
29 77
52 57
14 35
28 74
55 83
90 49
24 66
79 10
97 7
72 81
74 42
47 45
62 34
57 11
30 12
13 74
88 27
4 78
58 22
86 34
80 2
26 27
54 27
21 82
76 93
83 46
25 4
40 16
59 20
84 45
93 76
28 81
19 42
56 88
53 84
44 37
59 73
70 14
25 58
58 48
96 61
20 32
64 88
77 100
73 6
33 98
25 22
76 79
26 6
24 60
1 26
40 62
78 71
29 31
27 3
88 27
45 59
16 58
13 1
32 62
70 29
96 27
18 17
94 19
62 52
38 35
39 78
86 38
20 88
100 54
38 11
4 32
49 30
63 53
36 60
58 14
62 92
42 6
72 84
22 41
11 90
82 68
95 20
56 34
61 26
88 96
55 93
96 35
82 58
19 72
83 24
29 92
42 78
90 26
47 77
12 22
2 78
4 86
6 98
36 20
1 52
43 50
6 21
38 58
63 19
31 71
10 1
42 97
48 61
74 94
16 75
49 67
1 98
1 57
68 92
44 91
88 20
77 42
100 11
18 20
3 70
99 65
34 13
63 82
72 55
3 33
9 9
56 42
24 78
96 87
85 57
98 16
84 55
81 100
72 55
55 61
26 79
1 45
16 39
41 47
50 24
59 6
1 31
26 78
7 94
70 21
7 39
60 19
32 78
55 82
18 45
20 8
87 37
62 84
86 59
13 21
79 95
14 44
32 87
4 25
26 43
2 70
97 53
29 9
91 71
83 29
8 73
6 17
14 41
37 37
44 12
93 93
41 74
96 76
64 25
2 40
42 11
65 29
92 100
52 44
16 65
42 46
81 77
41 34
59 68
67 31
57 59
8 75
31 70
68 79
65 14
62 32
72 8
21 67
23 24
68 8
21 36
27 51
15 28
30 12
73 12
30 98
31 94
43 65
90 94
41 45
93 84
46 21
4 90
75 28
20 80
67 64
78 14
59 90
94 40
51 92
63 73
42 29
53 14
51 11
87 93
18 59
60 51
64 57
79 58
35 80
16 96
9 66
28 96
57 96
25 52
100 48
98 4
91 35
99 29
51 7
77 46
13 60
13 64
8 2
24 60
72 1
67 20
16 21
10 98
30 16
91 11
33 11
15 53
35 82
49 4
51 44
29 4
62 86
53 5
26 7
47 33
91 36
25 35
27 2
59 79
79 60
37 68
36 77
23 40
8 67
99 1
67 58
54 13
28 94
22 17
1 72
33 40
49 88
66 13
61 19
62 29
11 50
86 95
12 86
73 76
62 17
57 24
27 63
61 53
95 99
62 44
97 31
43 70
37 68
49 92
43 29
17 74
26 96
88 3
45 41
22 58
70 13
80 13
5 72
78 49
71 23
94 41
91 66
68 55
23 4
45 29
16 40
48 42
15 48
48 81
76 13
14 39
53 7
17 95
50 20
19 99
61 69
4 22
25 35
22 20
63 95
73 89
27 10
5 67
41 69
99 80
6 88
47 100
4 32
58 1
32 68
23 33
98 45
5 56
8 69
21 82
54 47
97 58
83 41
45 56
7 39
74 4
91 47
65 45
77 8
1 80
66 27
97 76
52 44
77 53
41 82
49 56
11 58
96 23
36 61
50 1
10 41
11 78
11 79
40 73
50 64
47 25
77 11
73 9
78 38
98 62
31 84
92 42
40 80
84 50
76 35
24 42
20 39
1 30
73 41
47 99
84 47
69 89
1 15
1 61
26 90
100 34
38 67
6 15
21 36
54 23
17 92
21 7
73 73
30 99
38 3
100 12
39 35
21 44
17 100
68 93
67 43
65 64
23 91
47 66
23 65
56 65
88 28
62 93
73 58
16 99
73 76
70 88
9 55
99 77
79 66
50 55
87 21
8 11
55 99
33 9
48 75
21 90
53 23
50 42
62 61
22 99
33 85
96 78
73 63
93 84
34 47
72 63
1 36
27 29
90 2
46 99
12 13
39 44
43 27
70 51
45 47
6 42
62 10
83 56
83 50
62 13
81 4
30 50
18 8
89 6
32 47
14 21
35 7
2 40
25 94
27 49
19 77
24 71
36 49
45 26
99 44
41 26
63 51
76 32
66 26
67 14
63 69
86 94
66 47
15 95
41 95
25 44
14 32
32 84
91 13
35 20
48 17
11 42
86 76
28 89
98 44
17 97
5 42
42 6
89 59
14 19
62 10
45 26
99 30
6 94
89 10
14 17
100 74
33 48
90 93
9 15
30 78
14 72
45 78
76 92
72 36
62 66
12 88
80 53
31 41
33 17
4 77
99 68
11 17
76 54
96 25
35 67
16 26
55 34
35 89
78 15
76 51
74 13
5 78
8 90
35 61
17 79
50 12
70 48
74 63
22 10
19 26
41 20
58 70
17 42
19 26
51 72
19 51
86 20
85 65
30 9
78 57
91 44
13 62
100 81
90 84
74 7
71 96
51 8
53 22
66 77
40 71
98 54
96 96
20 53
54 52
4 27
71 98
82 19
48 77
64 14
22 17
83 15
47 78
23 22
31 64
23 75
5 89
46 60
36 40
47 43
62 37
83 24
2 54
51 84
76 7
17 24
39 49
14 63
65 42
81 53
79 58
82 83
38 99
64 36
95 99
23 88
6 81
66 25
79 36
41 85
86 90
18 1
64 58
2 78
17 59
95 61
63 39
69 14
13 73
15 66
85 22
35 7
12 54
58 77
58 17
46 64
9 92
8 97
77 35
34 17
85 26
1 96
90 54
87 36
