1000
3960 9017
5750 619
5259 4036
5440 3572
729 6341
7749 6360
8416 2996
9035 9616
1571 9178
1719 5020
1133 2995
3466 777
493 1589
9160 5340
8469 4099
3051 4626
9340 626
3852 6962
4263 1061
5402 1719
4124 316
7779 3051
5257 12
9511 4836
3368 3307
9102 3682
3596 8114
3970 974
642 6714
8921 4527
3132 9410
8905 4553
4796 1035
9540 3889
9032 8141
1761 2481
8933 4290
6722 7694
9815 3099
5804 3714
9126 5727
2022 5142
6261 4712
5791 9858
2437 341
5190 7343
6099 1534
29 6823
6775 1983
798 7869
1935 7469
7642 124
9248 6014
366 9471
9818 8173
6954 3418
641 8521
9170 4315
5065 7142
6426 3730
6532 7801
7089 8874
949 9565
6748 901
9938 1403
528 9616
4043 1302
6514 6277
9364 6710
1226 9099
2566 919
1277 8714
9344 8687
284 1736
6289 5612
5688 536
8718 430
7882 4035
9261 4690
5451 722
8437 1445
9830 9767
2236 3155
9786 8371
227 8591
7703 7548
8778 2117
7075 3823
4532 6609
5682 6614
5572 3026
8580 8745
9095 486
1359 5760
7754 4190
8231 9242
1618 8224
3187 874
4266 3015
7687 4593
5966 3170
4512 6668
7810 5292
7977 6662
1691 7118
1990 622
8727 721
9052 2239
136 972
8660 1284
6846 9512
2718 6720
3561 7735
2556 2022
5191 1247
5804 8436
5575 5900
7413 718
4521 7528
5061 813
6654 5790
7961 3797
5768 5567
2967 1081
7065 1704
5349 7345
223 1957
982 5738
5297 3119
8835 6783
6106 9194
7942 8916
6632 6581
9520 2297
8374 4449
2691 5098
5733 4588
1155 3997
1639 179
3602 2453
2712 6329
886 6918
8218 680
2283 3799
978 4453
8504 2602
742 6006
574 6718
633 287
4817 9101
5072 4839
83 492
103 4890
150 2181
9535 507
6974 9117
3225 1485
8065 5266
5587 6784
8704 8161
8778 5359
2063 8456
1056 139
422 6890
3844 3441
8819 8406
3222 2359
9705 2726
1801 5701
8522 8496
9879 5925
2246 9317
9433 2565
9247 8727
973 7748
177 6214
5855 950
1955 8701
5916 9401
6508 1357
2063 9723
9322 225
641 7774
6850 1582
3198 420
618 2607
2631 8310
1933 8504
9402 3103
975 6504
5027 2184
4642 7156
5885 4359
4791 4541
7672 636
7313 5603
873 2537
6873 4850
7237 7011
382 4086
5395 8219
453 1455
6278 9538
9450 624
695 8320
4024 9924
6179 5113
1093 6921
2826 9278
8180 8374
9996 8400
6057 6826
2121 1036
4934 65
1529 5715
1074 6133
9130 716
4924 4802
9830 6680
2432 6038
9291 409
4754 8941
1272 5370
7515 2527
1534 4834
6626 5311
5691 7589
451 8228
2192 8174
5646 1131
4929 3106
7017 1639
6315 4137
1237 596
3852 9348
3127 3202
3257 1892
2677 8673
7597 8728
6043 1059
844 7104
974 4409
7123 7191
6367 9137
9710 6388
9913 139
4891 9910
8541 5627
4282 3884
6239 5507
2321 2800
5358 2926
4748 2055
9526 4662
4090 4823
9650 8137
5690 7310
9862 6774
1951 3516
7564 9023
6500 564
1968 7099
9283 3500
6348 7631
1734 2482
6538 310
6020 4698
4901 7189
6036 9661
2395 9318
79 5726
7433 2513
7397 6919
3694 1341
4341 2912
1890 324
4347 651
7720 4528
6761 469
6745 3265
2984 8688
6952 3539
1133 1113
3240 5989
257 9254
7570 7978
6527 9244
8123 2884
61 4797
703 7805
6510 859
3242 4963
1988 4184
9136 4873
4395 414
3378 8430
3085 4545
6292 6649
7409 9227
3094 4540
9709 1121
2730 6528
3189 4485
2283 8717
3147 1410
3914 3367
4928 5620
2953 1986
827 6690
7341 7461
8569 7712
3925 9892
1225 9020
1953 2776
5561 9611
4076 1745
3701 7814
659 3928
6827 9659
6733 3037
5644 3476
7314 9072
9508 7339
7591 2454
4972 84
6428 1701
4409 5489
2931 9099
77 2778
7217 9180
3945 9980
5969 5304
2587 3935
6276 3633
8406 5029
3743 490
1342 6743
8908 8262
5630 3338
8191 366
4954 9646
6991 6472
1983 4291
4518 9363
818 6279
5705 7688
1992 8501
1003 1142
5475 122
8900 2100
7590 672
3003 9889
7859 9335
3660 1535
9202 274
4716 9205
9628 6277
2883 7143
7069 2493
1040 2029
3501 2210
4172 1200
509 8859
429 5529
1308 925
5572 119
6249 8756
1070 7603
5737 5489
8309 6949
1975 9541
5813 1512
1210 8258
3935 7139
4109 8713
5086 1382
2376 2984
1781 2715
6291 6651
5400 914
5152 7672
415 5577
6116 972
1513 1523
8286 8730
1697 5438
5871 6027
9790 339
9526 6339
7270 797
8182 7004
7380 2148
4275 7367
3734 693
3572 467
5506 2667
5146 9473
3376 3380
9357 1242
3924 7848
9844 7543
2547 3368
1020 7340
7301 4669
5225 193
5029 3212
2819 2063
3141 3044
4005 3431
9119 9545
2613 6750
9903 5190
6025 8211
3958 6917
3170 5042
1268 7922
2172 8005
5314 7280
1068 6032
3030 4854
9230 381
6879 5825
730 5950
6494 3297
6475 876
4234 766
7959 1
3899 369
1867 9616
2968 2677
7580 9558
9902 6333
1941 7412
4676 2962
6349 8640
8142 2752
7886 8635
2920 599
7463 6456
666 7455
119 5439
5641 8974
8576 8283
7134 6067
8371 6254
2373 4751
723 4472
855 8698
1104 854
217 9947
9826 8280
9753 6184
5016 8945
507 6672
1393 9319
6850 7959
9827 3362
4561 2693
8753 4536
603 5122
9184 402
566 217
1964 6079
6657 8996
7762 1207
596 3316
5390 1087
3959 3792
8196 3911
4551 6738
9620 3124
5271 808
4588 3291
4791 7465
5244 9010
2937 2589
182 3276
5868 3522
7217 2946
300 9367
6839 7652
4747 5715
6350 6333
4913 3522
6776 6784
654 4680
3276 1175
8709 9993
7154 7732
8439 6827
1266 7071
1850 9722
442 9989
3110 4402
4825 6353
3055 1094
9099 1982
4876 9800
2968 5011
5259 3843
8916 8549
4124 4922
2947 4872
2980 4177
9105 4
8561 7521
4874 6108
241 304
1430 1247
996 530
8783 5123
2962 5746
3425 6110
6855 3040
4986 9791
7193 5077
9974 1663
675 8470
7028 5148
2721 5666
2324 4655
9648 8799
6549 7182
9631 9327
3750 8876
6335 5071
6174 1006
433 1737
6542 3799
5681 4433
2339 1069
4580 1647
6106 3726
2497 584
9320 496
8832 5011
7541 219
6348 1184
236 8938
7664 4333
8301 1313
2202 5993
9302 114
1797 2241
3661 8745
8334 8757
5671 4266
8578 6641
7015 9005
5465 1225
7016 4733
9630 9412
7114 3986
6629 7966
8741 2479
2242 89
5906 7048
6419 5191
3128 3025
6397 5385
7258 8061
3150 1285
6866 1319
5324 3678
3400 2862
8534 5739
3629 2581
3418 8009
4961 2218
9384 8176
6271 1706
5180 1488
9000 9859
6727 7353
1362 4216
3479 7991
5789 2125
3518 1187
8388 5332
1878 3300
3889 7426
3318 5896
4093 7431
4406 3188
9449 6454
3295 5091
4961 9064
1975 7964
3926 3927
1483 7136
2727 5800
9434 1988
2551 4632
553 7783
1153 2264
3429 540
593 1475
5171 9725
9810 9956
7777 2289
1103 1177
4364 2485
4788 6707
2724 4060
521 9755
792 7239
1363 5392
4895 6766
2012 239
3034 9567
6373 6441
8942 6650
4571 5511
2640 6044
18 6794
5072 9009
2695 7048
2287 1388
2591 9916
5626 9435
3204 4567
5760 9251
7441 7413
8211 956
4462 3236
5978 6389
1823 9934
5957 3190
8581 6927
2980 552
3730 4762
1599 8087
4589 5354
8871 2179
5671 921
1019 4513
5422 9528
7047 2251
5778 5648
9495 8695
7040 9703
8360 4747
7677 848
6155 7619
1002 1849
3258 5271
6779 3674
5038 6646
5607 2993
2390 9759
8674 7342
348 2381
8756 6173
7394 3763
7612 4809
5787 9919
9807 7610
4274 9005
7507 5610
9579 9458
842 8511
3518 1411
870 8297
6476 6885
8946 5338
1608 5134
3383 9213
1839 467
5989 1399
4548 7280
7736 708
9656 6770
586 3185
2695 5986
5162 7338
282 7156
3055 2250
7896 6180
6366 185
1909 601
3785 6907
9338 4208
6848 8541
227 5821
3367 1553
9681 6770
1581 8215
381 9849
3047 658
4524 1330
2159 7445
1656 5743
9726 3216
2306 3712
2152 4849
2970 7897
8753 9828
708 2206
8091 376
6265 3783
803 4842
3692 530
7222 1240
9805 5494
7765 4754
415 2736
377 8847
4903 6961
7363 9317
207 1702
6007 1963
776 3609
3618 3217
3220 1581
548 2066
3936 5297
3619 4190
5300 2914
1691 1105
3297 2592
2749 9689
518 2022
8640 9764
2047 9124
6545 4774
3170 4645
8891 5301
1453 8578
7071 3439
637 5407
1356 4
5944 9010
7377 3682
9384 4471
6318 8728
9655 6874
1322 2606
5855 6920
1965 3075
9721 8990
1210 7568
9423 4207
4136 6307
3210 2136
3835 2394
5511 9200
1686 4069
465 8552
3374 9907
3511 1996
4739 3681
1129 3910
124 7025
1843 5146
3432 9975
1586 6541
1934 7129
7421 5747
689 5486
501 8173
8047 9103
9962 3531
7636 7858
7965 3005
5560 5086
5350 9321
1898 3797
5672 4225
7631 9932
2281 1527
6272 9478
4248 5892
8767 1999
2488 5664
940 3491
990 9952
5101 423
4344 3183
5721 6161
4764 9210
9545 9160
1218 3646
2929 7706
9650 4880
192 2105
4619 3372
6135 2017
4654 2289
6603 373
2380 5132
9234 9479
43 7096
3350 1916
8414 1108
5492 6502
5730 7662
1697 9531
2019 5908
2222 9067
8223 1406
2944 3448
6011 1870
2161 6227
6392 2237
9084 6036
4154 835
6869 7425
1837 2980
9075 4
6593 8713
3827 2328
6004 3919
1025 9565
578 5236
1189 442
8593 3976
281 6902
2019 1648
5671 3092
9745 1430
9306 3902
8256 6717
2842 7652
1636 8209
5570 4527
3669 773
5921 5870
5243 9688
6778 8216
771 2573
2205 9479
4587 6927
2268 7066
6436 8841
4104 2309
6252 2217
2982 9832
7534 5948
8604 9974
6569 2110
1627 7058
6137 9024
4086 1935
7514 5646
1056 5148
5977 5931
4688 6062
2869 741
3569 8621
6212 9246
7869 9591
464 5956
7378 5266
7447 8511
7008 8996
6439 7282
9604 9337
6482 3342
2182 7084
5533 3504
4233 2780
7797 3360
2296 4305
4967 1498
1599 5517
6736 9912
7462 9665
7460 3066
9129 4344
5323 2900
3276 564
5904 2944
1675 9325
2057 9961
4720 9308
9848 976
2141 3916
9128 3368
8724 5374
7645 1913
6473 2144
6429 8699
48 1313
7138 2248
1692 4945
6545 8590
9455 8612
1361 7059
7527 6341
3944 7693
7002 3506
4669 8857
7250 8576
9458 9053
6597 3765
1072 7731
4426 3338
4503 4194
7754 8870
8308 8298
3112 2318
2053 1849
7500 9046
5197 6699
5813 6316
8163 8762
9401 1292
1560 5708
9179 2210
9512 7834
5071 1796
4163 9852
8617 5922
5195 3364
9502 7755
6438 1558
5836 4798
934 185
3793 8248
1825 4547
5671 5769
6684 2245
4518 5598
1086 9905
6387 5026
50 9153
1857 4616
9982 3197
8448 7280
2457 4853
9562 4403
2478 3376
3832 583
7699 4208
9121 9776
1933 964
7570 1073
1717 9561
5161 6909
5319 7616
1302 6658
4317 6845
3140 3575
3952 5008
8469 29
8461 3032
5343 2645
1864 9696
5376 9922
8738 2150
4894 5896
5349 7968
1960 9330
9295 857
5686 640
8488 6074
2911 8522
2652 6234
9231 7428
7758 5857
3227 6725
1938 2631
6852 1511
1232 4357
8120 5487
3139 473
9064 7081
6318 3802
695 560
2446 9803
1558 2733
8637 8755
8882 453
7737 9885
8628 2183
5827 7245
1855 3483
7987 4863
3434 2519
9716 3045
2182 2928
3934 1382
6401 4694
2087 266
7077 7379
2357 3028
6535 259
36 4882
8160 3344
7505 2545
9819 4160
9737 8736
5003 4604
766 1507
2094 9584
2784 7456
7402 3495
702 6693
2715 7065
4467 9728
2000
71 44
56 10
90 49
36 53
21 69
73 16
27 87
93 44
42 45
13 9
45 97
98 82
5 95
82 11
39 56
15 4
100 28
71 13
95 79
32 29
84 85
54 16
74 59
23 2
79 7
60 69
20 89
52 2
49 90
7 52
4 19
58 62
83 41
26 44
15 60
36 60
79 82
30 99
31 51
38 65
51 36
10 77
36 71
67 58
58 79
32 1
77 42
3 95
62 8
62 48
55 7
10 50
9 27
31 88
42 75
73 24
10 20
16 33
96 33
65 35
16 6
73 71
58 48
41 60
80 33
6 58
46 100
85 14
81 80
54 39
94 30
69 99
83 61
26 14
24 51
97 22
95 46
65 30
24 99
19 73
97 69
95 82
36 8
68 64
10 29
30 85
60 84
10 10
12 26
17 36
58 14
10 31
47 23
17 21
12 47
11 89
93 39
1 89
99 47
34 4
53 11
44 22
59 94
39 63
64 87
20 52
7 32
9 27
28 43
83 70
4 66
52 43
28 54
100 67
3 81
28 40
30 96
83 97
75 14
63 53
68 43
57 67
43 61
78 75
75 71
6 5
82 25
10 64
31 76
55 56
86 78
83 21
94 100
13 45
12 20
32 35
3 1
86 59
96 99
44 78
98 7
82 93
52 11
2 91
65 13
35 43
13 40
17 48
47 57
3 37
37 2
38 4
26 80
63 88
72 56
93 29
5 8
51 12
80 69
17 23
47 13
97 86
48 35
47 1
4 77
22 80
66 77
11 47
45 60
90 80
88 58
100 77
60 1
62 7
24 28
77 49
38 56
32 61
73 92
89 94
81 4
80 43
48 63
11 29
100 9
78 75
25 9
47 35
57 74
51 44
64 16
29 19
83 71
2 32
51 53
13 24
95 75
49 18
70 64
44 37
1 48
78 90
64 32
42 27
9 81
83 97
46 73
85 55
48 50
3 15
94 95
12 12
61 17
75 83
80 93
66 4
43 64
64 23
80 97
68 52
53 88
27 68
34 79
10 85
62 61
4 74
56 15
68 75
44 12
93 42
85 57
26 68
36 22
4 83
71 66
72 21
34 69
18 100
36 14
53 17
54 46
93 68
5 25
2 18
1 7
1 88
68 41
50 94
56 15
86 51
99 48
85 58
52 82
40 12
7 70
33 71
47 11
69 44
33 98
49 27
41 94
60 52
34 30
12 68
57 24
36 17
57 1
66 76
69 64
79 36
97 14
10 4
100 89
18 98
75 72
73 42
2 83
18 68
15 14
98 22
1 36
80 42
10 15
77 29
67 18
56 56
65 51
25 88
22 42
44 51
98 94
33 40
39 27
92 62
29 36
99 22
9 30
31 83
63 65
80 19
20 20
92 15
4 65
75 43
60 53
27 63
38 73
36 13
93 78
64 22
24 79
58 91
26 18
53 52
22 10
99 52
17 94
98 31
7 44
77 94
41 9
27 87
75 64
24 73
73 100
2 79
45 95
55 76
79 79
92 54
58 86
44 49
47 32
16 72
55 67
64 48
21 3
79 35
85 30
80 51
70 94
5 95
98 17
98 36
65 77
82 97
77 100
28 75
51 95
37 79
70 86
15 27
98 33
6 75
80 72
88 45
3 64
9 87
40 68
79 53
66 49
43 44
85 90
2 13
85 61
20 47
58 18
14 81
86 21
16 48
15 25
40 91
42 41
28 84
92 73
84 99
72 68
75 19
34 54
43 6
10 44
61 28
85 80
55 79
63 89
83 55
3 50
78 55
9 48
63 50
13 88
14 51
76 81
10 63
99 100
78 94
74 38
5 90
36 92
61 65
42 7
93 29
85 22
62 51
98 41
8 55
76 20
74 61
95 17
42 87
10 28
14 68
60 98
6 86
24 76
62 80
55 16
37 71
88 64
79 54
21 6
46 23
33 28
26 49
67 37
71 92
97 85
15 89
29 74
96 6
59 16
25 49
47 20
36 13
10 51
31 68
99 8
1 56
49 35
57 11
58 69
71 13
39 95
45 77
21 18
61 72
23 15
42 29
69 44
20 61
91 13
18 86
17 57
43 33
80 44
61 91
18 2
54 97
99 19
46 1
73 54
5 95
89 52
16 9
83 85
39 82
13 27
82 27
76 74
41 41
82 75
90 93
44 55
73 72
94 66
28 99
37 17
25 37
74 2
46 61
82 18
84 67
17 16
71 69
46 34
12 57
13 61
98 81
69 84
81 45
81 92
90 5
80 31
94 76
67 49
20 10
49 68
54 16
11 93
44 72
10 86
33 51
75 72
82 30
88 26
13 86
86 11
35 100
19 10
25 62
1 69
49 76
84 46
42 38
99 93
49 1
73 20
29 82
60 53
16 79
43 11
32 96
68 51
65 68
96 78
16 19
11 98
64 1
40 64
69 8
46 43
82 79
91 55
48 26
25 6
62 7
3 71
60 86
78 15
62 49
3 49
44 53
11 51
66 25
89 42
7 13
82 83
1 95
84 7
42 78
54 42
54 6
4 4
50 84
77 98
34 22
1 14
18 69
87 58
34 45
10 53
9 43
20 12
39 24
53 80
84 97
25 79
10 29
70 75
88 61
70 27
3 31
68 41
74 100
39 5
88 13
11 45
83 56
95 82
20 10
46 31
6 92
47 42
36 57
52 84
67 2
82 38
61 100
47 24
52 32
54 61
80 62
27 17
58 15
92 43
75 42
70 78
91 28
10 19
79 57
28 13
76 53
97 60
32 80
17 49
56 88
87 35
8 15
45 9
69 100
36 74
6 86
67 82
65 4
61 68
66 78
85 67
37 85
35 91
3 7
98 35
16 35
29 86
50 17
82 67
66 80
79 84
92 90
58 60
72 60
64 49
76 73
7 93
89 60
47 98
27 35
61 32
39 63
89 72
16 68
33 42
59 77
92 21
73 38
88 17
54 49
84 81
98 22
3 20
42 43
18 24
37 73
25 5
23 25
65 52
3 56
63 99
83 12
48 10
75 38
63 20
99 71
93 11
76 26
88 89
38 57
48 99
69 93
85 86
90 23
39 11
55 14
14 80
38 78
58 57
49 11
24 10
51 25
56 16
96 35
47 50
81 25
67 77
55 96
63 35
3 79
98 91
35 36
24 69
59 93
45 35
66 27
91 75
88 19
63 75
14 18
35 7
42 7
82 44
34 2
73 36
84 19
17 91
54 23
1 19
67 75
36 62
52 59
95 61
80 97
67 12
51 98
94 83
57 8
8 44
23 25
62 64
41 19
67 60
36 30
27 3
69 27
29 37
30 37
77 52
21 15
58 62
6 48
47 88
85 82
65 12
53 2
70 25
34 10
76 69
42 30
76 60
97 48
99 30
72 21
25 5
30 5
17 44
66 85
24 18
95 38
97 22
38 68
68 14
10 29
46 75
27 75
79 48
41 31
14 6
19 72
71 21
62 91
55 91
55 60
8 53
95 16
22 74
13 46
39 22
46 20
25 20
66 84
23 70
57 93
31 37
13 71
60 48
71 82
91 63
14 21
44 64
13 37
87 21
21 4
87 97
23 72
13 3
13 34
17 2
73 72
31 41
73 23
90 50
34 1
5 29
39 37
50 15
39 2
43 10
60 99
99 34
20 61
26 58
84 9
16 53
47 28
10 20
45 48
12 89
51 25
70 95
6 39
76 52
85 45
17 100
30 18
38 20
6 62
70 75
39 23
64 84
71 80
24 52
16 50
30 41
41 29
22 31
80 86
45 12
67 23
32 69
63 67
15 57
89 53
51 27
85 13
16 35
50 32
4 76
45 68
81 88
3 1
82 30
73 88
80 78
80 75
76 36
29 28
95 93
10 35
10 9
93 55
52 7
46 58
59 53
42 1
23 89
16 6
80 71
32 19
47 6
76 53
51 48
64 62
45 65
94 67
95 53
12 100
93 24
57 31
5 45
6 85
48 60
70 99
42 51
96 94
15 43
51 92
21 72
47 73
62 33
75 96
30 13
74 18
39 93
80 64
65 4
37 22
20 58
93 9
71 87
73 36
97 79
58 93
31 98
27 71
71 99
79 63
24 52
98 80
91 38
10 14
4 34
3 23
3 69
18 44
24 70
76 25
55 88
39 46
5 77
26 95
10 75
66 71
96 10
88 5
52 62
14 36
16 4
68 72
92 36
86 49
42 10
72 32
100 15
33 45
38 24
46 49
76 75
36 17
27 38
80 91
46 21
33 88
45 82
93 18
43 77
54 2
10 36
13 32
12 45
6 4
13 11
100 100
50 4
46 11
25 53
21 62
43 52
20 82
36 26
22 46
20 44
22 27
69 74
28 60
25 1
42 86
72 65
72 91
83 84
22 85
55 45
35 32
67 66
14 80
23 56
52 52
5 16
34 34
84 38
97 23
91 34
35 70
18 27
85 18
39 35
23 19
80 36
29 12
31 33
23 64
68 96
31 39
14 2
33 42
15 10
30 16
5 88
71 48
100 55
25 96
3 33
90 68
59 47
76 27
25 29
40 86
17 1
30 47
52 43
76 65
10 31
37 45
40 40
8 35
90 15
13 45
98 59
62 76
94 62
22 80
34 96
68 10
65 61
5 33
11 61
16 5
43 63
59 62
33 39
13 26
87 2
48 48
35 75
76 22
20 83
83 15
26 72
32 11
15 71
69 96
50 13
95 29
29 3
67 11
63 64
9 97
12 68
99 47
64 57
48 61
18 13
23 81
14 58
52 55
92 30
89 62
16 6
9 14
81 45
9 75
63 37
5 35
94 16
74 27
10 93
35 23
73 90
8 74
65 72
73 74
49 52
33 36
16 35
94 47
33 31
22 6
85 77
38 87
94 18
22 35
19 19
10 49
79 71
95 31
82 1
12 40
92 70
10 67
13 43
24 34
29 98
76 25
43 30
7 16
67 17
49 12
84 37
28 90
25 64
17 67
25 4
45 98
18 85
61 47
70 7
61 95
16 12
24 88
52 51
17 65
44 100
18 66
56 40
17 76
49 9
5 64
44 5
32 89
95 91
67 82
60 61
85 18
16 94
62 89
32 1
69 88
66 24
78 68
43 97
56 83
2 91
14 8
21 100
24 44
47 22
92 8
85 48
25 74
19 4
35 46
2 78
55 64
96 15
80 53
60 12
73 89
88 86
38 31
6 92
10 95
87 84
28 82
50 88
59 27
62 97
100 71
41 55
44 11
45 46
19 75
99 69
46 84
91 68
98 79
32 68
31 60
45 47
72 72
23 11
55 81
18 20
8 58
8 70
88 17
82 96
86 64
2 96
81 38
64 93
60 19
1 38
50 64
60 98
16 6
75 91
41 41
46 19
53 75
34 21
64 79
93 5
36 47
53 26
8 13
80 73
80 25
85 38
12 83
9 27
45 31
84 19
69 99
71 58
3 53
26 36
79 55
96 83
25 28
61 89
70 5
92 93
39 21
84 18
41 90
79 99
91 48
25 48
10 42
15 41
4 3
51 35
14 15
14 52
28 46
3 29
84 93
100 33
62 66
15 89
95 45
97 7
50 60
23 23
69 98
6 64
61 96
1 62
76 27
60 95
44 8
58 35
69 56
94 91
55 64
1 89
53 6
74 3
31 4
66 14
60 98
91 20
44 96
85 80
20 8
8 32
20 94
37 47
12 48
21 72
26 12
66 1
52 36
9 34
75 79
4 86
81 41
56 31
91 13
42 2
54 88
44 77
20 12
69 74
21 91
65 28
23 18
86 8
77 95
25 91
82 61
67 14
56 24
32 71
47 23
87 89
84 13
3 76
62 93
100 19
57 3
90 17
47 17
25 43
66 11
93 99
95 39
59 28
32 50
66 41
56 68
3 15
57 45
13 50
81 18
66 28
62 89
22 73
29 89
31 27
70 4
26 83
4 71
14 38
35 85
4 48
74 54
32 15
98 76
99 54
44 62
31 33
92 19
32 30
30 69
15 29
45 14
84 86
71 70
30 64
80 99
31 41
36 88
85 34
22 98
42 83
70 36
41 51
28 27
77 88
55 63
62 37
83 65
22 35
94 8
37 70
70 51
47 47
81 10
29 91
86 35
77 11
81 36
39 16
71 25
9 65
26 11
61 38
86 58
90 28
100 87
6 74
2 21
42 37
95 30
51 10
4 90
84 54
72 23
16 20
5 13
7 24
98 74
34 29
84 43
80 44
80 59
92 76
28 21
14 4
36 8
12 44
33 99
39 24
58 19
92 71
38 98
42 63
39 42
7 23
50 100
12 65
33 42
18 45
73 68
58 37
67 77
68 93
3 30
83 91
9 6
83 80
78 20
81 16
98 19
96 25
19 50
63 14
24 37
43 79
24 10
54 84
10 38
90 67
47 89
26 53
53 19
60 10
12 19
81 56
92 41
74 16
16 100
14 49
70 4
63 54
99 72
12 83
73 28
15 25
45 39
27 88
52 63
52 28
74 9
63 100
41 93
4 81
70 44
55 84
72 77
33 1
54 71
3 51
92 40
92 56
54 7
49 63
39 42
63 7
91 16
27 39
84 1
4 20
86 12
38 30
35 16
30 12
95 53
86 77
2 79
31 19
55 65
9 14
35 10
4 9
81 83
73 90
84 50
60 98
38 5
70 73
87 82
90 49
66 48
10 72
19 78
31 63
23 79
39 42
17 75
59 75
14 79
57 91
7 42
92 35
19 94
98 5
14 39
19 93
7 79
10 79
54 10
86 24
46 2
93 60
93 31
48 50
47 27
71 55
63 66
77 37
37 55
10 2
38 99
79 35
3 20
85 50
92 53
31 27
18 62
74 96
55 41
44 46
6 4
34 2
76 46
47 95
93 99
79 70
14 65
82 88
14 28
6 89
98 4
28 76
38 1
59 36
42 30
21 29
72 93
22 2
1 15
46 36
62 23
15 70
31 79
24 44
63 79
42 46
31 55
13 31
75 11
18 85
7 60
96 16
55 85
90 53
85 59
80 54
70 54
65 23
89 30
31 52
44 98
12 31
95 48
61 48
91 58
40 41
85 25
29 78
12 8
78 44
18 31
23 21
94 49
62 81
58 16
20 5
79 57
65 74
20 1
84 56
36 60
38 41
89 28
49 76
6 5
83 32
60 97
91 45
73 33
48 75
89 87
25 58
61 86
92 62
47 83
59 15
27 47
72 26
69 30
1 83
85 49
32 90
42 53
54 66
17 65
20 30
76 28
83 17
25 53
82 35
54 81
78 50
29 12
54 19
44 82
29 99
45 99
22 98
56 21
34 93
99 49
94 94
34 76
84 27
2 84
99 43
71 77
59 83
12 23
68 38
67 87
37 17
81 53
48 17
16 46
11 22
48 44
80 8
61 21
22 72
89 27
74 74
16 50
52 82
44 67
7 48
47 93
37 37
97 69
40 34
55 35
86 93
14 16
34 97
68 31
15 72
42 11
94 74
33 3
33 88
43 75
83 94
81 84
58 39
15 59
9 16
19 93
12 100
26 78
6 48
40 75
97 93
72 22
71 74
19 55
34 2
49 82
69 18
73 31
73 64
71 66
98 34
3 80
27 27
46 32
23 32
50 56
24 47
85 27
76 35
53 68
65 44
57 74
60 58
39 94
35 99
1 21
40 80
42 10
35 29
89 61
6 19
95 96
29 17
98 73
7 66
11 58
44 25
22 59
3 97
32 58
62 25
8 85
18 57
11 17
12 56
40 12
24 3
55 15
83 19
6 1
46 30
3 20
17 55
47 59
46 29
21 50
42 63
50 25
24 33
35 56
4 85
77 12
71 95
35 24
39 89
53 94
65 25
1 63
34 4
18 4
1 22
37 70
99 93
60 45
6 31
16 96
35 60
5 15
19 24
1 63
9 63
96 47
63 70
94 46
14 18
43 94
65 2
75 78
40 21
32 80
30 2
82 97
91 1
58 42
8 12
71 59
17 88
82 95
45 70
30 38
42 74
66 97
13 46
19 24
52 15
38 47
85 70
94 21
22 96
92 64
11 83
69 83
12 41
98 85
23 67
96 94
43 63
16 68
45 51
31 9
95 96
84 23
27 78
81 75
10 40
17 83
66 83
28 37
72 48
54 17
67 28
68 77
69 65
88 5
6 51
36 46
51 64
70 9
76 92
91 64
23 26
37 69
64 70
52 23
66 17
94 1
67 1
30 57
49 83
44 95
23 4
3 47
4 84
40 1
45 2
83 3
84 39
19 57
81 48
94 45
88 99
63 36
6 36
48 73
71 7
63 69
78 85
11 62
33 72
66 1
7 61
61 60
46 26
82 16
56 27
37 22
94 15
68 53
20 11
6 82
83 5
89 71
35 89
3 38
57 94
96 14
80 73
7 70
87 63
13 76
25 23
64 29
36 34
25 27
5 6
49 44
50 38
19 22
19 61
7 23
15 10
61 15
70 91
25 55
4 40
10 84
3 12
70 5
65 3
56 57
69 45
50 26
32 53
17 8
13 37
14 6
69 4
92 59
68 39
77 75
98 14
97 92
94 49
30 15
62 48
41 7
33 51
59 49
100 41
51 68
13 51
92 1
56 94
56 46
29 91
33 36
96 67
83 45
65 19
55 18
55 59
77 26
91 48
32 46
49 68
47 77
47 2
66 21
96 97
42 19
12 92
2 37
76 24
95 24
79 64
2 57
46 39
55 95
47 12
20 53
35 64
40 64
28 30
25 39
51 57
11 59
46 100
99 49
16 49
20 1
46 58
5 92
23 25
68 1
56 46
48 6
95 16
20 74
68 12
29 88
52 41
13 46
68 16
23 60
78 82
5 90
23 69
83 31
71 14
83 71
71 92
42 72
18 48
24 83
23 63
15 4
94 49
1 47
94 89
33 46
59 52
94 11
1 98
45 16
49 63
23 40
22 60
81 2
33 69
53 10
49 34
72 58
37 45
59 32
35 2
36 86
71 13
20 97
9 34
65 55
41 96
10 57
59 90
40 41
85 68
25 55
75 86
94 54
93 22
81 36
92 20
16 69
28 10
98 90
91 61
32 8
6 17
64 96
2 8
33 93
3 49
82 64
22 91
13 68
69 61
90 36
59 55
42 62
