1000
6770 7105
7955 8362
5107 1818
2887 5669
2714 1911
3687 3488
621 2093
3761 7241
8546 8814
4948 3273
215 2102
526 680
5954 6348
5699 9982
9610 2010
9700 7489
9081 4454
4651 7701
2517 6250
829 6161
4062 494
1942 7369
8568 753
7285 2439
2134 1438
8461 6132
6844 2865
504 1170
5990 2194
3356 5040
5591 2377
2807 6822
6298 8031
7385 8521
8884 5009
8413 7331
5060 6968
861 3031
3747 3000
9937 5349
7857 762
85 4957
5336 3965
585 3081
4869 2527
7299 9815
37 3800
9901 7865
3260 1335
4958 1248
2708 2405
6539 7540
4685 6237
586 7917
1368 4479
4270 1895
295 9918
9342 4660
7770 7706
8743 5265
4117 605
8421 2154
8112 616
835 8154
3313 1303
8412 4084
6783 4098
2511 863
5611 2570
2718 4193
7569 6502
2514 4437
6439 106
1199 9161
6216 600
463 1919
1706 4201
1577 9005
1516 5626
2551 1599
4388 9682
4483 7924
2979 383
177 8948
9596 563
2822 5816
6565 7090
7250 6516
1817 4348
8026 9033
9597 8167
6626 3541
5213 5396
7879 3991
8001 4180
5682 3051
3941 4039
7999 1657
3625 5266
2296 2385
9827 6319
6155 7669
7617 933
2623 5911
1590 1223
1625 8343
6150 4095
5519 3003
6582 1548
4258 8926
2568 308
3605 3786
1573 284
4122 9097
5964 8908
2736 4136
1942 3941
1548 3822
2827 8524
1578 812
4637 2119
4021 7053
4943 6912
6432 2016
7272 4477
147 769
3080 7215
6166 5055
2626 4650
7660 5882
4812 8797
5025 4167
220 1097
1505 1249
903 4110
6993 9838
3071 1403
6314 1832
3120 9616
5301 9094
681 9310
5367 1415
9952 332
3150 3489
137 9014
7214 3812
9920 5558
9466 8929
6703 8802
7706 6352
1529 461
838 4365
8274 5930
3729 6960
6729 9014
8981 2643
4291 629
4318 8317
187 6151
4574 3306
7528 8552
7583 3650
2901 912
4062 5420
7028 2167
1169 4999
339 3895
7791 9408
4219 6688
7269 4188
916 5712
3589 4158
8201 9733
2685 3
2598 3567
7509 4610
4576 2975
1614 9652
8615 2732
5317 4880
1066 8369
3360 5622
6057 8676
4041 1761
2302 8159
3245 6862
3937 5582
465 7093
7164 4125
7172 888
7628 5832
5652 8618
8982 9152
8441 6188
8442 5157
6814 9923
3387 6279
6193 8976
99 6526
7193 7778
6286 8969
1944 8583
7674 9238
5874 3995
5347 9147
8349 4393
5311 9016
4602 8625
8785 3635
5737 8396
4515 2589
9154 1380
5799 2246
4200 8648
4622 6724
2366 582
6619 580
9705 3200
6654 7540
3641 7431
5079 7819
2143 5799
1639 868
7171 9652
2344 7949
3568 8681
1841 8489
8205 7376
4 3063
7477 5338
4106 9267
2976 94
3299 8072
1774 5172
1046 5642
9856 6278
5601 4914
5912 3390
1432 1713
3282 1635
1385 8663
6958 5171
6846 5237
5127 477
2040 6857
708 6865
3922 2730
70 8686
2434 7657
6729 2291
1246 5443
629 6789
8635 4116
135 9829
482 5425
9412 4112
9767 8133
7797 9062
1632 2214
4617 4404
5642 2094
3468 3999
7653 3947
5510 5152
5071 1814
9994 2355
6050 4471
8284 1963
3096 5966
3289 1364
7776 8144
6567 4394
9645 6255
2740 984
4994 7778
5840 1103
2602 5534
7956 1972
6825 1725
8206 5893
4242 7892
1569 9201
954 4157
7598 8473
8589 4638
4613 766
953 5213
674 4633
9732 439
9225 2998
9835 4141
8983 6119
4841 6366
509 3542
3677 19
1332 6878
8286 6513
6250 5542
1710 3974
3136 8460
4992 7742
7031 7624
5959 6379
3146 3232
5115 1982
3705 6976
4292 3984
3713 5165
9057 6754
4307 6907
4541 594
8567 27
8258 6847
1627 7468
3457 1562
8267 6280
4654 7450
381 5636
4308 3301
2445 4181
9881 1007
3016 5081
101 5567
5278 8918
3766 2088
9344 5712
3569 3663
4509 8053
6098 3424
3143 3656
3167 7398
6357 8241
7550 8957
6072 2967
2081 5854
1096 1661
5550 6041
8260 8798
7124 4546
260 6527
8752 6742
595 794
8691 7801
9826 5175
77 9402
5951 5711
410 9117
1902 4828
4324 3758
2692 2672
9791 2584
654 3266
3407 4165
7407 2089
7865 6080
3353 2999
6250 346
4747 5979
9368 3789
855 9930
3439 4002
725 7776
6368 8621
1868 9549
668 1202
9219 5829
2960 7473
6252 76
7448 2022
8268 5193
5097 7624
6702 9667
6319 643
8496 4494
168 334
2010 3188
285 3080
4805 2768
284 3220
4551 4701
418 1119
6265 3434
6644 2293
9728 1159
9997 5392
1702 9907
3288 1346
2892 1836
46 3690
363 7681
4156 9166
8424 2003
2462 4783
4694 7961
7050 3835
4917 3499
2382 9380
6965 3295
7416 4573
8253 6932
1482 2520
6045 7021
2303 2047
9952 4368
1100 1723
5836 3958
9444 2684
9833 2274
4779 8499
7691 9129
2879 8362
7552 839
6190 5884
9653 8215
4342 8770
484 1101
4232 6493
2281 4217
7552 6599
578 8440
835 4976
6124 5205
6871 451
4057 792
8004 3162
3373 6215
4571 4895
670 5428
9454 3166
9843 1410
9112 6343
2560 4091
6524 598
5893 3499
2191 2518
7621 7868
1661 417
4055 4646
6029 2846
4802 8417
5310 7098
951 8605
6201 6230
5628 413
5473 4730
3842 3286
7460 6302
5331 7022
2000 4145
6349 6135
8329 7216
6364 5389
7484 1336
5937 1328
4287 1457
5798 2288
6124 5119
9793 6121
8243 1165
7152 7539
5670 735
7670 8313
5418 3265
8436 7939
3327 1270
7217 8294
6835 1677
589 3012
8123 2713
4972 9809
9015 7546
3113 7391
1407 6107
9596 396
9206 6993
4909 5045
2490 2652
1079 2444
6094 4619
3542 8344
534 2172
636 9973
2393 5859
3109 9957
2905 817
749 4918
3266 6385
9448 7790
8561 5095
6025 5886
3271 4991
391 6541
6374 9349
7612 3582
9305 2795
9098 3417
6497 6164
5081 5753
8008 6112
5145 1918
4533 2319
277 2937
6234 5924
9466 8947
9597 6054
2917 7775
7922 3571
6920 350
9710 4036
7658 5170
9888 7056
6917 5641
7701 8440
4709 8562
1832 7858
8734 1180
1444 8867
4390 2955
9994 3545
383 5780
966 1732
8565 2536
9713 1882
3789 186
6985 3306
4305 2296
1049 2337
184 4803
5686 731
6321 7245
7712 9006
17 289
6234 2802
2072 5703
2162 7244
7583 9132
7858 6053
1924 303
5457 1292
826 4213
5550 1117
2301 6016
5144 4982
7041 8584
7181 7071
9553 354
6174 1032
5512 2292
8559 9260
7987 7241
2931 8278
1808 4146
7256 3248
9250 23
1379 6461
5989 5252
5968 547
813 2337
5377 49
4391 8457
8219 1378
2601 5205
4975 2255
8189 1314
664 5385
9646 1017
7473 1597
7550 5370
7327 4932
538 9059
2780 8
3881 9177
7684 1822
1351 4559
3763 9500
6837 6246
7448 1992
6918 3216
6 7760
5245 9134
4057 4235
2811 1272
9811 2831
2409 8139
2805 1821
956 2434
3607 6986
2382 9322
6881 4356
7493 1345
6686 3450
4605 2093
5433 8010
752 5007
2820 7282
4109 7799
1603 4307
587 1847
1326 4199
3240 2192
6103 7949
8772 8133
9722 5915
1426 1134
3142 1211
249 8458
1011 3055
8372 4025
9173 9392
8045 4111
8121 5630
9679 4654
9866 7584
7714 7591
5297 6868
9196 5318
229 9818
3736 5255
385 8910
7928 1373
1249 3196
2854 3435
3955 6131
916 2604
1838 2724
5589 6511
7200 6173
2940 6534
85 5204
5310 9172
8374 2822
3275 1846
11 8506
9522 4781
7511 9064
4594 3572
2249 8133
3587 7974
4668 2193
8753 2736
232 8557
1588 274
7599 6251
7787 8762
6989 3085
5293 5818
4488 3611
9149 4044
1555 1858
8600 8259
6323 8130
8977 6204
1268 7835
8472 9005
5309 6386
446 799
8942 2645
7408 9729
2894 5419
8104 3039
8424 2766
8121 9301
1282 8580
2702 1489
5290 6184
5955 7643
2816 8182
8331 4416
6747 3975
6627 6485
31 9123
6780 505
3853 5343
7935 7275
2676 3643
8463 6973
9953 8570
9148 7865
5846 2416
6375 6053
7841 3555
3176 7308
8054 485
7543 685
9073 4800
799 8199
9766 9993
1640 9611
2512 3224
437 3157
434 561
1603 9060
7969 6975
4272 1742
7216 608
2117 4012
9675 8373
5710 540
9301 7481
4194 269
824 2321
2421 6413
8660 1711
932 9631
6502 2995
2273 3027
2158 4078
3307 347
1062 9562
2579 473
5107 9781
558 6895
865 9789
6431 1980
5054 3159
7912 6131
5456 588
3135 8746
2362 143
3982 7478
7468 1828
1645 3924
4949 3452
8831 7591
234 5500
2192 2621
5040 1875
2949 2423
523 3309
8364 4422
2551 8865
6694 7451
1928 6037
8989 946
3636 742
7334 2595
5797 4556
8423 3832
8061 5374
1672 1408
8338 1444
7084 3572
8278 17
7718 7602
7334 4400
6994 7842
4268 3615
6190 4197
6406 2719
7411 3109
1138 5331
3154 8840
44 7014
6434 4201
536 495
106 5233
75 5818
5429 8201
6649 5492
1790 8311
4283 9163
199 2069
6641 1157
8001 3889
5860 5972
1657 6833
6232 4960
8377 5228
7457 2456
3082 4420
2982 3692
1441 2093
1834 5326
4890 6981
343 3171
1424 7348
1722 2962
4757 7134
4925 8363
654 944
3636 5725
1022 7673
755 2906
7744 894
3558 3335
221 9372
7015 5651
4997 380
7744 6816
4530 1713
4094 7581
2104 4321
5804 3792
6823 9079
1474 5307
6783 953
7365 4247
7943 5118
1237 6336
6562 4919
2829 4635
2021 3752
8348 7064
9783 9587
4841 6334
6404 9225
9472 5887
4071 2143
5605 5242
6590 2394
8759 2482
3068 8633
2075 5302
6326 8777
6587 7974
1712 573
6426 7608
3124 6706
5860 2261
1532 9463
9229 5106
8108 3893
1932 2354
1814 3681
9908 7036
97 4018
3429 5800
2941 1804
8340 3352
5656 1697
6973 2463
4556 3552
7619 5355
6971 1534
9637 2265
4580 7003
6332 3870
5161 782
3618 8807
4764 8233
8563 1678
2541 4904
8814 5762
9271 7420
1595 8224
1534 1355
643 9183
5370 9804
4587 5458
6921 6192
5054 128
5091 2219
5684 2624
1860 8162
6356 9255
7605 6790
406 4491
7757 8152
2154 8391
8511 4331
8376 5754
5326 7863
8860 5325
1285 4135
1503 6252
8259 2677
8459 5323
4367 4272
7237 596
986 6570
1350 4240
3912 4577
6436 9018
112 144
2198 6922
4622 4767
4066 5333
6410 4836
6492 2203
142 3317
4508 2271
6528 1301
7504 2045
4374 7464
9754 9957
1762 4295
5374 1771
1155 8000
728 4168
9780 4672
62 7533
260 5083
7077 2667
1832 5244
913 5451
1654 2863
6822 6102
7978 927
9009 2525
9858 3090
6254 8839
9632 3332
7117 7680
587 3741
5642 2878
9081 6481
6190 9422
433 7754
4128 8070
2851 846
7670 7904
7432 9477
8066 1001
9292 12
1589 8830
6115 7788
2501 5219
2373 1755
4220 3714
7865 2135
8333 3391
800 6825
2403 4677
7964 9317
8018 9102
5096 471
6205 7330
4983 136
708 9780
5248 4590
6486 1237
4477 511
8320 1525
8760 4602
4786 5015
2804 598
9798 6927
1971 475
3997 5867
2078 8114
1767 8470
3011 917
7105 4668
3443 1209
6827 63
6997 605
590 4405
3866 1325
6195 1223
4077 9822
2799 8855
8107 3002
7185 7782
5862 1229
4444 3774
6717 5956
9407 3016
5059 3094
1985 3213
3305 7112
1972 4916
7680 9247
4491 925
3926 4025
7961 7516
185 1052
2245 1067
5859 6443
725 4490
3031 5826
2549 4619
6030 7975
2106 8188
851 6352
8977 9898
5929 4287
2975 7068
2447 7182
2788 9831
3540 3707
2923 4075
3428 8330
3792 4259
1070 1746
2322 4761
8974 6941
4725 7913
2038 3204
6271 1607
5169 8897
2932 2595
7347 6176
7559 2053
1155 2911
8783 2543
3782 7585
2071 2561
3940 2158
4687 8714
6901 5657
2000
1 83
25 50
5 74
51 69
48 23
72 58
85 71
9 81
33 31
94 42
16 3
16 98
4 54
69 93
1 98
11 84
11 47
94 61
16 17
59 10
69 59
11 80
68 78
6 43
43 82
45 80
98 49
13 87
29 95
98 52
57 41
91 76
67 96
46 44
22 67
54 24
63 91
86 30
23 31
15 41
95 68
66 62
53 92
65 18
5 99
16 1
45 3
1 43
16 34
46 38
82 22
75 28
9 59
15 38
30 97
46 79
74 13
63 63
58 3
76 23
17 79
7 34
19 2
67 34
100 95
64 50
84 45
72 44
86 53
27 80
47 27
41 5
79 2
31 60
66 86
100 41
24 84
98 84
79 75
73 39
63 76
75 35
63 59
84 95
7 74
88 100
89 82
16 29
59 95
93 78
89 40
56 77
14 80
39 92
50 88
57 28
15 34
21 94
81 40
30 98
77 69
66 28
80 36
98 46
83 70
30 56
63 49
29 27
33 73
39 69
30 20
75 47
40 2
72 84
65 15
10 11
37 50
41 2
66 55
83 13
99 75
19 72
82 80
44 69
48 81
15 95
80 87
36 12
81 50
77 19
37 64
46 93
83 92
60 38
8 60
89 58
95 31
29 28
60 11
25 36
56 76
20 80
6 89
25 100
91 30
100 77
14 42
94 31
73 22
78 99
17 66
56 93
47 31
79 34
6 43
27 98
50 25
11 10
97 27
15 51
9 45
34 67
69 50
82 93
94 65
62 38
83 71
69 55
68 30
40 36
21 49
28 8
82 85
51 38
17 10
81 78
96 33
38 22
84 35
10 57
34 89
87 54
79 34
32 47
89 11
71 80
43 89
1 89
89 11
73 94
72 20
41 85
71 94
81 52
10 36
50 80
23 95
41 77
73 20
51 91
79 82
76 88
54 86
26 70
72 72
27 20
70 49
5 81
25 29
53 11
41 89
45 10
68 49
67 89
3 92
68 12
10 95
100 81
19 13
25 69
45 98
87 62
53 70
94 66
91 25
50 35
70 26
49 42
63 33
62 6
34 8
34 61
14 75
77 20
16 9
36 30
45 96
37 30
99 63
24 82
13 86
59 48
1 95
40 26
75 93
67 38
16 80
11 76
95 1
62 61
9 60
68 53
72 93
43 27
89 5
82 78
27 12
10 27
32 88
39 35
16 7
54 34
81 42
5 26
13 40
7 14
10 16
57 59
72 18
43 51
13 43
80 29
42 44
61 66
70 4
50 92
97 16
23 44
21 13
88 32
32 93
88 91
80 72
20 31
44 18
24 50
56 96
62 12
89 57
96 76
82 28
19 79
25 16
74 95
85 25
82 43
92 26
1 14
46 30
16 18
71 24
85 36
4 2
16 64
78 88
85 76
26 98
34 3
43 31
5 62
71 53
79 100
74 37
76 5
2 93
11 34
42 79
24 95
44 6
71 5
61 73
47 51
77 79
80 33
69 61
87 70
46 43
64 73
88 82
90 9
78 42
34 67
66 16
76 92
53 75
11 9
44 42
98 46
18 16
79 15
9 87
68 9
64 69
88 14
29 61
52 3
4 78
90 80
13 45
17 4
94 14
32 14
62 48
24 88
72 100
25 37
62 86
25 21
27 96
67 61
51 35
12 63
56 52
54 15
74 72
9 29
74 82
99 9
10 80
97 55
81 64
56 45
100 63
88 61
42 54
12 59
77 66
63 32
8 32
78 67
36 9
17 79
63 60
2 8
53 24
100 5
82 30
49 46
16 15
57 94
61 20
62 18
35 7
85 52
11 20
14 56
57 77
59 89
99 3
78 69
51 18
74 56
42 51
1 37
12 28
98 32
38 27
90 81
68 65
35 22
100 79
40 59
46 58
90 56
18 36
83 47
51 28
1 62
95 61
15 78
46 44
58 53
38 88
7 88
60 53
44 63
56 41
41 1
98 85
67 24
47 74
26 13
44 4
40 42
77 97
52 95
75 58
13 65
11 97
1 100
27 86
63 98
88 76
99 76
63 77
62 59
34 53
82 7
88 69
30 24
53 5
17 50
87 86
80 86
89 37
24 90
9 18
90 51
80 29
35 14
52 7
90 92
65 55
70 82
15 90
75 27
50 58
43 2
71 84
87 89
9 86
48 16
37 35
83 13
77 11
10 93
57 31
80 24
93 26
46 73
16 77
42 42
25 29
52 63
65 46
38 13
79 65
58 71
93 51
40 98
13 12
10 30
16 67
95 35
27 95
34 92
86 53
63 46
57 34
49 10
62 52
66 97
7 10
63 61
3 98
91 54
34 89
7 83
57 68
96 23
8 27
54 12
35 49
68 61
51 79
82 42
74 66
76 49
73 13
63 65
67 80
85 83
26 89
54 93
91 91
84 33
51 98
29 88
9 9
51 10
46 41
63 37
90 93
20 28
73 59
49 34
68 2
42 50
96 43
31 53
20 35
3 43
69 69
16 83
43 59
3 9
68 42
63 66
42 94
26 55
58 94
85 91
56 75
40 39
33 89
66 56
52 11
29 3
69 10
4 30
92 57
10 13
84 72
65 42
31 27
44 60
71 9
85 89
78 96
7 38
64 56
12 17
5 51
66 58
35 4
58 1
58 18
65 92
78 70
88 76
84 75
70 40
50 32
30 30
75 81
94 47
10 43
16 38
35 21
42 55
24 85
12 17
30 58
76 90
27 34
35 14
85 56
18 32
25 47
66 10
79 38
3 20
35 25
29 13
5 42
72 45
40 42
76 44
74 40
41 6
52 56
74 55
100 11
16 89
55 11
18 79
88 42
31 42
53 49
95 51
75 13
70 33
41 88
61 80
84 61
53 93
23 43
41 19
83 29
24 23
53 46
91 28
28 71
27 62
52 32
83 31
36 53
80 44
40 50
95 62
28 64
81 44
71 17
83 31
60 53
89 32
73 76
99 61
56 55
94 68
60 11
63 41
14 18
98 48
75 7
30 89
45 45
12 89
98 64
20 39
57 76
29 80
100 81
77 64
71 5
10 30
64 52
55 81
23 19
71 3
9 79
97 80
9 1
70 16
48 47
76 61
68 65
92 67
78 32
63 36
25 28
47 16
45 12
28 32
58 9
58 93
84 47
60 47
12 80
99 8
88 29
25 93
44 64
99 52
70 4
61 62
1 39
68 96
83 62
66 21
4 63
57 57
62 35
30 50
2 96
72 56
60 21
18 15
27 22
8 96
88 47
64 38
8 54
20 41
20 68
10 67
15 3
81 22
99 80
52 61
37 41
48 44
7 93
17 35
1 57
12 24
19 38
56 45
5 47
63 65
11 14
25 30
19 39
75 51
63 73
38 68
53 74
90 72
12 17
76 69
100 93
22 75
95 83
79 27
70 97
52 24
38 93
76 51
82 49
90 37
77 84
8 9
53 76
64 21
27 95
32 8
2 8
48 44
87 69
9 43
67 15
83 28
20 67
99 80
24 63
91 62
32 81
62 99
1 28
30 47
84 89
68 92
66 23
84 54
83 91
57 1
7 37
80 51
78 41
97 49
54 46
68 26
49 43
16 47
18 26
56 40
80 66
79 98
57 3
38 93
92 75
36 5
46 45
20 60
39 39
84 69
12 54
39 66
7 100
45 51
25 44
66 22
12 58
44 6
12 32
20 100
7 11
28 77
84 6
5 67
25 5
64 4
85 71
42 43
99 8
3 23
21 87
94 92
35 65
96 28
11 68
87 41
29 18
1 66
83 71
10 18
98 88
67 76
16 38
100 9
26 45
88 54
39 76
35 60
87 31
48 43
23 59
78 41
53 27
52 27
26 22
1 68
64 23
57 78
56 10
74 95
94 97
54 34
53 15
7 23
80 29
16 71
99 91
3 1
75 11
61 53
64 80
12 26
25 56
43 8
33 100
97 49
70 14
7 4
4 34
6 48
60 14
69 24
90 12
60 32
30 4
100 25
3 76
30 83
71 67
21 77
52 45
13 79
16 13
22 68
36 44
93 63
84 91
66 58
45 86
45 41
79 11
23 3
4 59
33 80
33 10
40 5
91 39
19 79
61 98
81 43
9 34
62 62
94 95
86 83
92 53
88 74
79 56
46 11
53 66
92 26
12 65
41 2
53 43
43 67
100 79
64 55
7 38
27 84
46 63
12 94
89 71
16 38
15 84
37 9
95 92
98 74
98 46
53 35
91 80
15 6
19 74
93 11
71 34
43 18
96 76
32 17
79 74
35 26
58 3
6 68
96 18
52 72
35 88
80 77
90 23
4 4
87 60
53 83
52 91
19 9
46 82
55 14
46 89
31 47
96 96
66 62
27 44
8 36
5 10
98 27
82 95
77 50
1 74
74 55
77 15
44 94
19 52
38 13
43 77
76 85
1 99
93 82
49 43
71 61
70 72
74 71
78 3
81 30
23 37
43 19
91 70
3 77
39 38
22 53
65 44
50 49
28 59
27 57
21 34
60 61
1 39
67 98
50 77
71 76
73 87
14 16
19 18
77 5
61 98
34 13
33 84
15 96
93 82
70 73
1 56
95 35
88 57
47 43
24 2
59 14
83 44
13 99
96 64
45 75
41 8
78 81
84 48
11 88
89 53
9 94
24 29
91 54
59 8
46 63
99 89
27 30
2 84
21 35
46 98
79 67
19 97
83 85
12 58
47 53
8 37
56 86
44 30
71 15
25 57
77 81
43 16
74 84
2 25
100 82
28 66
39 42
40 20
90 53
32 73
33 37
77 98
11 100
78 41
79 95
44 23
56 46
88 32
64 10
98 35
40 19
29 78
30 76
15 25
82 17
86 21
53 78
9 15
16 58
100 13
71 43
88 92
46 52
69 97
11 34
91 25
20 11
36 84
90 73
12 15
18 25
24 76
13 37
21 76
87 43
46 81
99 67
16 77
58 75
78 32
43 10
57 49
79 84
96 16
76 79
92 51
4 29
99 90
92 4
39 49
25 14
10 27
88 23
28 95
21 33
43 33
9 18
38 29
12 96
72 2
52 52
13 92
22 96
100 41
69 88
61 17
65 24
98 69
65 82
89 22
55 16
70 54
1 13
18 44
84 80
61 72
7 47
98 81
34 98
68 24
99 86
44 94
73 45
63 15
14 94
35 25
58 53
86 68
69 47
55 86
69 91
26 45
15 26
1 37
83 3
41 9
79 95
12 80
56 93
21 24
18 17
78 66
80 93
73 46
44 46
30 28
99 84
88 14
77 85
41 26
50 55
43 77
34 93
28 21
80 97
98 16
49 24
37 31
21 71
92 92
92 88
91 51
74 54
3 15
31 1
50 74
81 71
48 90
4 72
42 9
23 3
30 4
47 54
93 9
98 61
71 39
25 13
47 52
72 15
86 31
72 52
36 47
78 62
68 96
64 19
32 3
74 40
94 16
62 21
9 86
90 14
35 63
32 75
97 53
79 22
35 69
42 43
88 3
12 95
87 43
83 73
65 22
87 7
42 92
66 38
19 77
80 20
13 99
14 32
49 69
95 8
1 10
54 56
9 71
4 54
39 96
66 93
43 62
66 75
20 74
88 65
85 46
31 34
87 20
49 14
1 15
89 47
20 62
13 79
9 52
32 5
47 80
44 6
48 100
63 66
20 54
30 18
41 86
99 20
55 17
100 30
23 48
58 18
20 17
58 33
92 81
1 64
16 42
36 75
85 9
91 43
53 1
54 56
31 5
1 91
68 29
80 85
57 94
44 85
29 12
80 13
38 74
32 28
77 66
86 66
58 28
54 29
79 80
37 42
9 81
36 64
33 77
59 21
67 42
15 76
56 54
59 47
10 2
2 72
12 85
21 87
94 89
77 50
57 73
38 22
54 45
62 33
15 36
73 61
29 95
32 88
18 80
53 85
6 98
50 26
89 96
86 85
10 28
6 79
76 27
3 53
22 72
16 40
26 38
37 10
75 86
98 70
98 83
11 23
8 73
18 4
51 30
89 6
53 30
22 61
12 4
75 23
28 75
78 54
23 65
38 87
29 79
2 33
63 57
96 56
30 20
60 82
28 29
34 87
17 85
57 9
13 67
48 33
99 15
54 54
21 54
49 11
19 24
12 41
66 46
80 19
90 17
22 25
42 37
71 53
84 8
72 86
30 19
9 55
36 28
85 66
82 29
26 72
95 37
69 70
85 66
73 71
27 73
87 23
36 86
58 12
54 40
29 100
99 87
88 94
35 9
50 43
39 4
82 66
99 59
92 60
64 73
36 84
95 75
45 93
81 85
19 48
39 73
29 59
32 84
41 88
70 8
10 28
77 64
52 33
12 92
26 67
90 61
73 90
47 44
23 24
41 32
69 83
50 2
53 99
78 69
44 98
87 22
11 18
28 20
6 86
39 11
10 17
28 92
37 83
62 56
15 38
76 1
69 97
49 62
24 100
79 80
55 33
57 71
16 59
39 86
47 8
78 29
81 50
8 16
68 68
77 14
50 100
90 40
68 85
67 47
40 7
27 59
48 14
38 20
42 86
73 49
56 71
34 11
69 76
84 37
26 100
46 39
82 81
93 90
80 12
46 44
87 22
27 86
3 54
11 6
48 7
79 16
33 46
95 83
89 47
39 21
89 26
79 36
57 80
11 42
70 64
45 80
6 46
83 21
63 9
31 3
15 55
83 33
40 28
99 13
63 73
31 63
20 54
89 35
91 93
43 80
49 48
68 80
41 38
20 6
81 52
16 8
76 74
70 47
12 43
57 41
18 34
8 65
100 38
47 97
10 37
64 77
7 52
42 7
26 22
5 100
21 44
64 23
35 49
60 4
22 13
18 35
38 32
98 83
17 50
44 97
89 45
53 23
34 37
38 11
34 85
59 70
63 73
59 74
11 94
1 71
38 23
31 44
37 42
13 53
78 65
97 55
52 95
53 54
59 4
4 50
38 23
78 80
64 33
43 61
30 33
55 50
73 9
8 17
24 2
55 27
95 17
63 100
40 52
3 85
9 64
58 10
25 40
65 86
19 83
30 100
19 36
63 29
60 39
62 5
2 16
55 47
73 53
64 19
89 48
85 10
42 25
63 62
54 93
43 44
15 84
4 68
12 81
65 54
53 75
6 2
23 95
64 7
56 36
63 8
37 72
57 92
66 40
54 60
66 14
10 75
83 77
49 94
73 87
26 37
79 78
87 24
54 80
62 50
21 40
8 16
71 51
34 17
39 80
52 72
31 4
36 52
93 87
41 43
13 15
58 71
46 51
13 85
74 38
96 65
51 34
40 37
20 17
100 70
17 31
90 99
89 87
88 22
3 18
86 57
44 14
79 65
26 4
86 45
80 37
91 26
50 44
93 18
11 33
79 90
73 60
87 6
40 40
43 53
66 98
81 95
30 50
14 87
87 20
56 76
4 57
54 64
88 41
72 1
17 71
86 100
28 97
41 26
11 52
66 93
69 37
17 61
17 39
76 58
7 95
76 89
91 71
45 79
49 23
36 28
100 56
84 80
48 66
85 19
90 60
54 66
79 49
9 97
40 70
89 21
65 82
89 14
95 20
16 59
16 11
3 91
33 1
95 84
16 61
34 96
12 27
97 78
11 39
13 28
64 19
67 85
99 87
69 48
1 73
90 44
37 69
12 93
71 95
76 87
53 49
70 32
66 72
29 5
52 46
49 23
35 12
35 96
89 7
80 79
53 98
64 2
49 23
72 14
11 19
43 42
86 14
37 65
68 68
65 34
68 95
17 58
99 47
48 71
66 55
96 79
7 36
63 68
80 98
96 79
29 59
91 7
18 68
35 80
49 21
95 30
82 15
28 100
38 9
17 65
5 67
76 35
57 18
35 1
9 3
67 17
92 57
58 17
31 32
21 62
100 72
2 95
59 14
91 38
18 69
28 68
69 1
91 64
93 53
2 66
68 81
56 89
59 33
91 65
33 54
73 69
90 58
70 20
74 45
96 99
7 33
5 16
27 3
12 10
82 22
88 83
88 3
65 22
4 20
52 24
69 62
98 69
26 83
97 67
45 100
90 24
85 29
78 86
56 35
63 34
15 64
31 96
85 32
64 95
5 96
53 98
52 77
26 19
1 87
81 68
98 2
60 87
100 32
96 62
87 88
92 32
94 39
98 64
46 36
54 39
41 86
65 53
63 21
87 34
49 40
10 85
59 88
39 43
71 60
45 64
79 75
81 7
33 63
13 8
12 21
4 51
60 86
7 44
39 30
63 82
91 72
37 58
21 25
49 79
9 7
24 52
33 39
5 83
52 44
81 68
92 83
52 77
45 100
82 61
80 87
81 36
100 39
86 28
40 2
37 72
80 77
50 26
10 50
3 59
21 7
98 6
21 87
44 92
85 29
94 86
31 23
17 48
22 77
87 11
96 90
39 24
3 7
79 8
95 75
31 86
3 94
92 47
28 31
55 25
44 27
83 49
68 66
56 53
100 43
64 18
65 88
70 44
67 29
67 47
78 21
69 96
80 1
68 60
68 81
79 48
90 9
16 71
41 26
1 95
11 12
17 1
73 94
67 85
22 18
38 73
51 52
29 10
3 92
60 56
53 36
29 80
28 60
52 22
14 93
5 30
62 39
19 38
22 95
91 25
43 8
98 33
92 63
7 78
78 73
82 85
7 92
18 69
65 43
80 26
45 94
1 25
88 72
61 7
11 89
40 9
94 20
47 2
45 86
77 52
68 62
89 36
48 59
26 75
32 71
50 74
12 43
75 6
69 8
43 31
7 31
11 50
94 34
4 69
32 73
28 94
17 59
19 91
59 7
80 26
25 37
28 72
92 8
33 98
99 57
10 61
58 89
12 9
8 50
29 1
59 75
79 7
79 64
78 80
31 95
50 100
85 53
98 62
54 51
53 67
56 16
53 51
80 12
69 52
77 57
67 56
85 78
84 2
31 82
88 86
45 22
37 73
58 22
2 48
29 19
1 60
5 42
67 81
97 97
15 52
57 33
24 65
39 77
96 53
10 56
29 28
59 11
51 52
7 82
13 83
85 19
30 66
39 56
44 59
6 85
59 78
25 42
64 10
66 12
19 70
25 99
