1000
321 6210
5618 2688
6899 3383
6865 3548
147 8964
1718 1227
8849 2889
9337 5039
3807 2093
8468 8019
8186 1947
6452 9215
9315 6264
7850 6383
1799 6831
9459 181
9216 6331
2209 4172
9952 2337
2384 2855
8486 9166
7527 5795
2771 5995
1312 9247
1500 7789
9346 6603
1821 7834
3620 3877
7119 5669
4427 7905
8608 1839
7001 7840
7397 2074
4094 3966
5305 8020
8937 4924
8126 7548
7246 9708
4736 7849
9185 5842
2808 9209
267 2291
4620 3666
5691 8355
7430 995
6659 1478
3094 4632
4041 3624
6973 317
8527 9156
2965 9524
7107 7860
8833 9278
5010 835
911 967
6835 3831
5338 5252
2631 537
4062 4178
4603 6047
8315 2134
9776 3484
9843 1782
3697 5251
4074 8491
3430 8208
2612 9192
2111 3493
7303 4639
9809 6336
9074 800
9744 2926
5665 9711
5691 8429
1367 6336
4056 5121
7485 3714
2477 7186
2076 1500
4055 1854
9846 5573
379 4187
3388 6275
1837 3480
9160 3442
4647 8492
7687 8413
9754 9545
2818 8323
5032 2224
6125 566
413 3256
848 2119
534 9146
8277 3410
6299 2013
2441 2559
1314 5395
4416 7396
8129 528
5998 7486
1576 1200
6852 3674
7745 3384
770 6943
9310 6045
431 4701
2209 1768
4677 2668
3603 9234
3653 8593
6519 6823
4101 9370
9646 5548
6010 4445
7397 6059
2345 3972
1620 7251
319 8449
4272 465
6988 5383
4899 9393
1471 7937
3655 8655
5990 4284
2173 1773
6531 8795
3220 3079
2719 708
4843 2037
380 5183
8372 8016
9122 259
6621 4436
2730 9976
9780 8421
3238 3662
2941 3219
6617 5132
1260 2927
6403 9536
1138 9693
6457 8164
558 6530
6695 1929
3867 9972
3609 5437
5828 8954
529 6793
4444 1281
5072 2785
9483 3780
3121 9452
8061 4952
6878 894
5244 8639
6257 6679
7265 3679
9705 4992
8367 4832
4407 9654
7958 1476
80 3465
434 9580
5247 9679
7500 4955
1714 7136
1527 7295
4804 5887
928 3109
9258 405
5934 2980
4100 735
282 2681
7442 1557
9280 5037
9441 7812
3637 8109
349 1734
3851 1026
1586 4037
5598 6683
1799 9308
3934 3699
1790 4749
4435 9162
3176 6592
2187 7424
3109 1054
4035 5272
2904 8953
9202 2424
2644 9765
8747 5965
6941 3789
2133 9359
9325 2416
9193 5581
2256 9099
7069 3489
9777 4373
5577 1240
8735 6074
4712 2513
2538 790
9664 3459
3869 4698
8298 2022
4740 5267
6079 9860
3091 2771
9117 4384
6306 2545
1474 919
9555 2600
5348 7035
3915 6234
1820 9948
822 1146
3001 9525
2469 3833
9232 1922
7343 2147
8175 7274
5867 7622
9045 7058
8919 2797
9769 545
3491 4203
6399 3759
2193 6772
998 8751
9234 870
506 2223
1205 2052
3800 472
6667 8491
1553 5094
7016 9252
2831 636
9872 2215
4285 9824
6758 1785
743 6983
3311 502
4031 946
2579 6616
1581 9166
8251 2500
6535 3372
8557 1882
8110 6856
524 9799
5209 9365
2082 9326
2485 3565
2569 1628
9078 6486
7837 5480
9964 6927
5708 367
74 1576
2264 3942
2245 3605
7370 601
8778 8274
4270 1947
9663 3032
5888 6761
7015 8605
3536 8241
8989 8792
7318 5005
9635 4708
9615 1114
6996 6473
2490 8221
5619 6307
2017 8398
3639 3240
1529 3745
8773 1239
2476 6943
3303 7303
759 2879
5796 6102
6186 7228
1179 3269
7964 5594
8225 1588
8421 3592
6481 5485
2364 1074
229 2628
7770 5028
7211 9109
9913 3964
2514 5795
8405 7786
9593 1106
7151 9496
9954 2074
3875 2967
3687 8403
3747 9487
4249 3882
7343 502
989 7410
1877 134
5869 4796
7982 1653
5888 7503
3725 3562
6241 6661
1807 7865
2893 4583
7037 5299
9848 2136
8522 1218
2561 7554
7831 817
3123 1400
9706 1870
2556 5523
7930 7900
9161 469
871 7041
3080 8574
2112 4479
715 4840
3810 2109
2635 304
3603 5730
2299 9522
4145 8214
6017 3627
7729 8582
8532 6440
8017 3643
2150 1200
277 6326
6890 608
6733 4373
364 3393
2206 1267
5635 5597
5485 1746
8944 8692
2782 2096
2064 353
6603 9515
9449 1721
2170 8017
293 554
3261 5472
5299 9061
7154 45
7839 4965
291 7391
3584 3473
1487 7783
8258 6530
4746 2589
4306 6530
8090 8895
7616 5309
8445 8225
5446 2966
9563 4780
9694 6866
4833 2853
4836 94
5847 936
3883 2314
7235 1062
8083 7028
461 6177
387 8845
7600 9845
7781 2946
3982 8736
5980 9427
1331 3793
8812 8748
4299 6392
9118 3706
5588 4502
1032 9499
9249 6482
3787 9790
2924 4278
393 3701
3416 1776
8977 9048
4457 3192
4338 8559
110 4571
5586 6666
2834 282
5312 3639
3407 8031
4613 9310
1915 7612
106 6312
3874 4099
3733 4327
6958 3017
3505 6205
2727 1755
6524 8382
2849 3144
5624 2511
9613 3657
659 9081
4515 5121
6554 8047
3571 3085
7707 4734
3416 988
4946 4509
5062 8847
3247 2416
5062 9883
6926 2719
4690 9793
1837 7861
9863 5459
6828 2782
4385 8465
254 5292
4488 1422
1483 8154
7440 173
6271 8256
6575 7701
6453 7573
6439 6603
1791 2693
1140 9762
6667 1888
8089 5419
6790 9307
6145 4749
3249 5361
9920 5447
6689 4642
536 7962
8972 2896
5678 7125
4487 3358
8616 902
5251 6983
4958 173
3884 4927
7087 2099
3899 660
9635 4330
2384 9259
5798 7939
7053 9601
6451 8487
101 3539
7097 3022
142 3726
2956 8481
4533 1346
584 5849
7594 758
4994 2820
2289 6129
3108 4735
6046 3608
6014 8235
2071 3192
4186 475
9546 8327
8212 3676
3235 940
5559 802
5718 2392
916 8559
5734 1707
3092 7671
3100 7076
9034 7193
4170 4368
5614 3218
2922 4721
1118 6279
1890 5011
498 1512
3540 4221
6970 5652
735 7774
2498 708
8886 2258
9461 1159
3347 9306
9159 6102
4701 7515
6970 7646
2581 1371
9715 4954
9727 15
227 8390
5741 3997
9711 9231
2914 4184
152 9003
5828 4923
5598 5210
2669 2696
8084 7159
3485 3654
7964 4934
7485 8292
3074 8344
1463 4035
123 9737
5834 6901
4817 7817
3564 2358
8989 2041
1097 8600
681 9034
4490 6312
6247 9482
8628 8385
5512 692
4908 2754
7345 3484
3587 3673
4333 1254
2763 7996
8668 3943
4663 8268
8617 5828
7870 2989
8895 473
6502 1067
8177 3614
660 2415
4361 8947
9488 4049
930 837
5962 7928
7372 2528
1080 9932
6644 3773
9961 7950
3972 4675
1791 285
9223 8381
1743 1632
1384 6637
8731 4691
2513 810
9329 8988
9962 1771
1140 8716
2847 2726
2558 7215
9459 7711
8321 6880
8140 4950
9243 177
5089 4105
4065 1860
2811 5190
2203 4068
4914 7594
6301 6664
2835 5905
8367 3430
6449 4827
4446 7993
3628 5270
3350 9349
9807 5289
8148 1312
3659 6406
2906 945
1568 4202
385 1486
9939 3539
7651 1871
1802 8465
6063 6189
4221 5139
1572 8848
1714 3628
7200 4500
6793 3371
9817 330
4009 7987
6013 2529
3548 9395
204 6501
8492 1934
834 1448
8662 3285
5999 8698
7497 7997
8283 516
2967 6500
5783 6272
3923 624
2464 224
9717 4338
2834 5950
8025 8511
9488 8708
3856 9269
1896 7011
3069 3469
6854 8806
2374 2394
7191 2002
3016 6344
1099 554
8390 411
8145 825
6902 7768
7939 293
3116 9716
7090 4774
389 7315
8939 537
5022 3588
4465 6164
5698 9540
4282 4103
4752 4728
9954 6730
2761 4018
1834 4595
5137 4376
5372 8955
46 2743
3085 1885
1148 5891
4202 8921
299 2855
5201 3755
5434 5568
6518 395
2603 4443
533 6319
9478 8875
9228 6969
3838 3261
9166 1380
9434 3987
2215 9767
8233 515
3036 3522
5906 2222
5163 2791
9659 52
3412 4633
424 7192
6221 4309
3935 3365
248 4549
6240 8190
2860 4480
2737 2750
1800 9764
5166 8943
8735 8315
3556 4627
7670 914
6366 5847
2153 1659
7882 4413
2689 8641
2143 8468
9307 5770
1227 6541
2856 6181
8212 3798
577 1635
1655 7313
7361 7939
25 1433
9368 7685
4237 5694
8741 9954
7053 9286
4590 4989
2493 5742
35 8281
5076 7995
2318 3577
1439 2540
6275 2935
7480 6275
3640 1771
7350 3624
350 5468
8012 135
6913 6711
5561 5963
5450 3141
1134 3753
2456 1059
8185 7312
9530 9714
1736 4554
9467 7950
2865 2695
663 8637
3516 8232
281 5747
1042 6937
3959 8369
5313 3296
9342 6891
5619 9229
7964 2948
649 7094
5916 1914
1867 8618
2575 7264
7958 8346
499 8260
6529 9086
9869 4441
6896 1033
2111 8455
5626 9306
4260 4154
6786 6638
2347 2572
8428 9396
3348 413
7661 6448
5118 5544
9650 3444
3273 5864
1317 4187
8963 6129
8703 9591
6768 1317
6736 2033
6369 7
3433 4167
6456 2971
8021 3243
7035 7299
5307 6963
3164 5055
6863 4209
7988 4281
5145 1955
87 9338
2530 9516
8565 218
8016 7003
1319 8729
9417 7276
1085 6974
7266 1746
4447 1574
578 1922
6387 2922
620 7154
3022 8330
3891 9056
5109 7984
1253 2584
4634 2287
9599 7808
9793 7162
4945 8578
610 9042
6575 5065
4730 1290
9393 7013
2450 6988
1448 4892
9925 7659
4524 5926
8533 8567
9901 2364
971 5067
7019 2891
2430 5192
2418 5126
8437 7471
4654 7628
852 5886
4156 5121
3279 2184
8849 394
5696 4587
1475 1903
6947 1568
7416 2297
6907 3735
1827 3237
7164 4824
3121 6509
6996 6186
1225 4272
7579 3284
5112 9249
4171 6755
364 3269
3843 8921
9881 7390
9142 794
8951 438
132 1408
8356 925
8227 3123
6585 4121
2736 6991
481 9956
1555 3910
5112 8598
9655 8299
7082 8460
9327 7223
1295 4116
4136 7443
411 1731
7951 469
1559 3546
1292 7033
7519 8282
4675 7956
508 4586
8772 6607
6126 851
1971 2533
3347 530
1603 6034
2002 8236
9734 8701
2442 511
5885 9911
6854 5249
336 3574
5677 6216
4960 9945
2253 925
2212 1674
7431 7236
1937 3529
330 8878
3463 9518
2360 6199
2231 2206
7843 5263
8537 94
3567 1773
4592 9112
5600 2177
9388 2788
2284 1262
3177 1360
3924 5265
7966 8150
9685 6396
1766 5784
3847 1019
7882 7204
3142 751
7728 2814
6938 4209
3548 5574
5746 9560
348 2620
7170 1262
3650 5583
2935 708
4886 4123
4549 9935
3158 7939
7399 4695
2671 448
6521 6386
6376 4537
4110 3980
8678 5299
4483 2346
641 371
4829 3266
2613 32
9310 1044
53 6768
7250 1204
1584 1573
6983 2898
844 9044
3698 871
3766 6084
6073 6702
3268 8909
6906 3679
1773 2428
1774 8254
3398 6947
2271 2503
5992 8320
8215 4451
2235 8083
2776 242
122 579
9527 902
6468 5209
5204 1009
4531 7790
756 2585
4153 7961
3956 9198
1068 7616
8300 560
6471 7912
5257 8981
1643 9983
5233 863
3395 3593
1522 9749
8193 6004
2030 818
7643 8531
2947 1923
8021 7979
7515 2263
9015 3483
7440 6371
7756 9460
447 7263
4744 6540
7041 1755
9203 2011
6875 1736
8103 9444
5593 6820
6425 2022
4170 2870
588 7298
7847 4812
525 9697
9502 3753
8014 1094
1384 1484
741 6283
6316 4443
6410 9273
1322 8987
7133 5704
9918 509
7191 6483
5576 8562
6884 4091
7729 7203
1687 6980
4890 9872
3587 9996
9759 1918
9282 3587
468 3646
4373 7205
2677 3705
3229 6751
4242 7048
933 627
9801 7841
8790 3375
6044 5763
9561 7323
1082 4269
7717 6421
9492 7392
5112 4646
7311 4746
3888 4430
9070 9466
9618 9432
8425 732
9136 5800
163 8794
4448 6941
6600 525
7417 6329
2484 5304
8432 3794
4035 2572
9473 9615
2962 3467
6281 1960
2092 9543
4607 927
4343 8229
9350 4249
6776 6096
3336 9601
2000
100 81
76 48
34 34
26 98
16 4
45 80
13 9
59 67
4 14
10 78
53 27
38 51
85 23
88 30
63 99
91 40
59 90
92 33
67 73
45 20
57 97
57 59
20 26
77 45
42 97
71 25
4 95
22 55
46 22
48 10
42 98
71 94
77 23
3 25
3 62
6 49
57 34
14 77
20 35
14 84
98 6
43 71
34 76
59 89
50 95
48 54
62 67
27 17
46 52
24 100
33 93
5 19
62 31
77 24
22 5
35 35
15 100
75 33
23 93
48 99
6 78
55 70
42 48
65 4
76 78
85 30
51 91
66 1
65 35
62 34
14 38
32 99
33 54
34 71
85 94
32 40
56 28
24 21
86 49
18 84
30 8
4 53
100 56
49 8
23 88
39 73
24 87
22 94
16 51
73 58
23 77
14 64
58 38
21 94
86 12
64 98
8 18
16 45
93 53
57 2
55 64
37 95
76 88
88 46
46 98
80 100
77 30
47 63
81 62
37 2
79 19
38 19
35 72
8 77
39 32
83 62
66 80
26 86
27 70
29 76
90 71
88 31
67 63
1 23
21 45
78 91
33 17
17 100
37 7
12 96
81 92
65 3
81 68
40 14
5 75
1 37
87 20
98 2
86 81
88 28
97 93
31 65
57 55
96 54
28 30
58 7
61 80
56 75
2 30
12 26
47 74
72 50
48 30
68 75
62 45
29 42
100 90
25 27
100 56
54 68
6 93
17 75
6 38
62 17
68 14
13 16
7 100
80 8
9 83
79 94
62 99
91 33
6 57
55 85
17 49
80 67
88 97
44 24
4 52
17 61
97 55
3 55
35 66
17 72
97 73
43 78
83 17
19 28
88 17
35 68
66 77
2 91
16 89
71 95
8 24
44 87
1 7
43 27
55 87
89 35
98 76
79 12
53 75
73 5
92 84
36 55
59 77
26 38
29 70
75 41
83 10
1 51
21 32
58 68
58 54
5 38
49 33
94 90
52 71
7 80
30 29
78 69
79 91
60 79
96 18
73 41
39 38
55 25
59 80
60 99
17 88
10 70
11 54
48 68
56 58
30 67
6 14
39 91
2 40
84 5
36 78
41 80
74 15
76 78
50 22
74 74
24 83
33 55
77 2
75 34
50 20
30 95
64 22
40 42
21 28
54 42
79 60
72 9
88 90
89 97
17 32
83 94
69 24
88 52
37 34
28 48
28 62
91 72
5 81
69 78
70 73
75 98
88 41
18 35
13 97
37 28
74 24
36 70
4 76
98 78
47 44
52 35
77 86
98 80
56 16
98 49
57 91
71 12
75 43
16 93
80 53
66 16
37 85
72 21
46 79
80 33
31 100
44 50
9 41
74 47
11 67
96 70
49 71
94 23
95 83
27 94
27 58
53 22
66 36
3 76
86 24
1 2
30 70
15 67
95 83
37 85
93 46
42 80
4 46
83 13
6 34
7 18
10 83
16 93
2 84
49 40
100 13
27 26
71 49
87 94
59 93
81 39
81 82
46 12
24 68
69 5
13 77
71 98
75 44
13 75
49 81
53 72
77 60
86 42
90 12
46 66
35 71
79 58
4 58
34 51
71 99
81 43
31 18
85 41
38 82
80 21
82 81
67 92
6 7
80 32
92 78
29 55
21 37
79 90
59 69
47 65
64 100
68 40
5 38
44 88
64 1
100 67
52 46
59 60
6 72
16 86
98 16
40 51
23 27
80 59
22 5
27 92
92 46
23 32
14 10
14 87
33 50
8 14
12 60
85 24
94 24
64 40
5 99
80 33
7 62
86 62
8 94
45 40
53 51
94 5
97 26
34 42
22 7
69 56
6 8
23 72
77 63
43 15
58 31
89 62
93 54
69 86
76 88
76 71
78 20
16 38
51 47
25 23
3 8
56 30
62 92
38 29
64 28
91 77
80 11
58 95
54 49
11 36
94 69
52 95
31 3
76 23
79 47
63 39
48 56
61 15
21 69
17 48
67 29
11 17
54 40
15 62
29 52
75 39
66 78
36 5
30 49
6 92
18 27
1 95
19 44
93 68
40 58
10 66
29 3
32 9
1 58
91 94
50 23
38 15
98 78
97 4
65 4
88 1
25 18
85 41
15 25
20 43
85 44
35 60
50 34
69 28
58 84
47 10
77 35
60 31
46 82
63 65
76 96
82 32
45 31
96 90
49 7
61 35
87 27
91 92
57 5
96 60
60 28
87 60
72 2
71 59
66 44
3 96
79 46
21 85
78 40
85 41
15 1
4 60
22 8
28 93
1 55
42 64
6 53
45 64
91 10
75 23
94 95
22 29
86 72
61 26
86 24
87 43
38 86
71 61
90 86
5 80
73 3
38 7
11 26
48 84
32 77
62 61
96 36
8 74
45 77
80 13
5 85
13 21
75 25
76 70
64 95
12 64
59 95
23 61
16 28
56 10
19 64
62 37
92 72
99 61
98 35
65 43
13 71
81 74
87 74
40 41
26 1
75 94
22 91
84 66
98 88
8 34
54 12
31 99
55 25
66 19
84 54
44 54
25 27
40 82
84 12
18 23
22 91
13 50
38 62
80 85
74 20
95 20
75 36
59 6
80 31
40 50
50 27
75 2
8 58
32 46
61 72
68 94
72 11
75 30
30 59
100 73
10 41
3 23
3 47
24 85
52 57
12 19
29 97
84 30
5 76
24 36
44 12
92 7
95 84
14 84
51 50
69 15
64 95
56 57
54 19
87 2
35 15
19 43
94 6
33 79
37 34
43 6
60 38
64 11
49 48
22 24
73 5
84 13
57 80
99 22
86 72
7 26
23 63
30 65
54 32
57 23
9 36
54 89
87 9
84 57
34 78
21 69
35 83
30 65
56 46
53 64
21 40
29 86
20 63
48 85
35 28
51 5
3 76
32 61
27 21
15 26
16 72
99 7
36 72
97 34
11 26
33 61
98 42
78 14
20 15
88 20
73 7
49 20
72 59
60 93
37 13
41 51
78 88
87 49
74 22
85 2
77 95
78 31
60 10
73 76
17 28
83 10
87 54
87 38
45 77
58 40
85 42
29 92
86 72
68 25
24 96
86 76
92 85
80 1
9 58
31 82
22 25
36 39
40 29
75 83
44 5
88 11
38 45
65 3
100 20
80 87
79 90
71 64
95 2
27 48
52 50
5 87
43 52
2 93
22 45
60 8
55 88
89 84
60 2
44 14
86 8
97 97
60 72
17 85
65 85
55 38
62 52
7 46
98 94
43 65
68 36
10 72
80 29
33 100
14 60
85 9
40 45
57 62
61 52
30 96
12 25
86 77
55 99
57 41
13 10
51 28
82 85
48 18
80 47
26 35
66 70
5 81
53 69
52 14
49 8
61 58
22 70
34 1
28 81
17 94
12 31
100 94
92 13
78 31
11 84
51 90
51 14
94 96
77 53
96 41
69 33
1 9
82 76
83 98
10 21
12 33
68 9
62 68
33 30
87 42
67 92
47 57
56 78
59 26
60 14
88 38
24 86
79 92
37 34
51 41
38 94
75 5
49 30
22 9
75 39
24 47
27 54
97 63
94 81
91 42
76 83
2 88
60 82
80 17
4 62
82 7
46 65
61 62
60 69
37 36
83 38
1 39
45 35
64 62
79 86
69 30
35 7
84 29
26 40
91 58
93 15
57 50
9 80
34 3
59 69
90 8
17 60
71 42
65 28
60 7
3 79
88 95
73 42
88 94
14 82
33 71
21 25
75 17
93 41
86 64
95 90
17 95
80 23
92 19
31 96
31 81
19 29
83 57
8 26
8 83
26 63
29 2
64 98
44 66
12 70
61 22
4 22
53 78
97 57
18 11
81 100
60 9
20 93
62 61
49 21
60 41
61 10
72 87
60 75
4 9
77 29
55 91
95 51
61 38
21 32
23 43
31 93
50 49
1 27
59 15
77 25
23 54
6 8
90 25
94 63
99 51
9 57
80 14
37 96
87 49
92 27
8 75
66 77
5 4
21 9
18 87
95 100
44 34
99 35
86 62
77 98
1 21
74 11
91 48
52 7
9 10
86 50
54 15
42 82
37 44
29 8
16 9
3 12
94 72
68 23
99 28
82 3
6 6
66 100
79 83
70 87
85 17
30 77
15 7
14 85
10 27
1 18
10 59
87 92
76 49
62 24
7 26
61 15
91 4
39 27
75 34
48 26
57 51
1 74
55 4
7 31
19 25
19 74
59 22
41 99
17 2
7 11
45 82
52 58
35 56
73 43
32 21
65 97
1 85
31 7
46 44
78 28
43 77
2 43
79 48
47 68
98 49
42 5
54 2
78 33
49 76
1 32
65 45
97 84
54 70
95 18
55 57
48 38
73 93
1 33
61 10
75 77
87 8
18 41
90 35
84 11
8 39
4 67
2 54
98 6
8 78
80 42
52 39
15 73
12 12
65 43
37 86
80 56
53 23
23 87
25 39
32 43
60 36
84 84
7 85
84 89
55 9
27 73
6 46
2 18
15 89
20 57
12 34
4 30
78 37
50 86
46 100
25 19
30 37
8 57
68 57
9 78
49 82
50 9
15 9
73 95
43 66
12 18
93 99
50 63
89 90
78 32
14 44
91 27
89 43
17 55
61 8
34 25
71 14
29 41
68 23
55 99
13 65
62 70
61 45
82 33
39 8
86 46
43 34
93 23
82 36
48 70
22 80
80 40
45 2
62 83
30 18
100 25
32 67
7 30
19 76
100 50
5 20
31 89
36 60
66 66
2 46
87 95
11 71
38 44
17 20
64 60
32 91
34 7
16 13
24 31
95 37
35 41
61 67
98 49
49 68
6 65
90 74
33 60
73 68
58 33
34 95
41 20
18 29
24 64
89 2
37 58
67 50
38 36
68 6
75 64
40 92
95 49
85 37
55 50
82 76
5 5
49 9
60 21
11 84
9 9
56 74
54 57
81 26
12 48
8 31
13 5
12 95
100 52
90 63
64 87
37 85
75 20
57 27
63 13
81 21
8 14
67 88
14 94
1 22
82 8
92 26
27 87
35 17
26 42
27 40
37 17
74 40
82 22
71 90
99 92
14 29
25 63
43 79
16 92
50 25
43 30
77 55
44 47
9 77
22 94
88 96
18 11
95 10
74 13
29 79
54 9
54 44
90 73
58 33
35 10
25 99
83 87
14 68
56 6
58 79
86 43
54 31
49 69
93 42
97 69
97 10
79 30
97 13
86 61
53 25
37 2
76 38
93 42
36 71
2 67
99 43
2 8
100 54
95 17
42 27
59 100
82 76
48 95
95 34
8 80
19 14
75 95
89 34
30 34
93 76
83 52
54 97
80 26
29 56
92 37
66 59
14 1
78 4
15 41
6 13
25 33
92 27
11 70
97 99
33 51
83 75
66 52
61 84
70 73
93 12
69 4
82 47
83 71
3 86
100 31
58 80
48 25
68 65
47 22
96 36
38 100
36 18
24 81
48 61
70 79
57 25
4 14
94 48
27 9
59 46
82 57
16 53
86 95
67 82
20 82
41 1
53 65
94 1
21 18
27 33
19 40
94 2
8 5
58 9
97 24
78 48
52 53
51 87
10 95
16 4
57 28
54 57
59 10
64 72
28 46
23 1
91 34
16 95
2 72
53 36
58 85
66 21
72 2
91 54
53 56
65 14
12 3
19 87
58 25
8 98
91 78
85 78
44 75
88 96
33 74
71 15
98 39
19 52
22 66
77 26
17 49
42 43
93 88
67 82
39 73
70 17
82 43
53 30
98 58
95 23
71 9
95 57
78 82
8 8
31 10
7 20
76 1
12 2
64 4
73 54
56 28
67 61
89 60
63 91
89 36
64 39
35 86
37 32
45 22
68 13
29 46
11 11
89 62
8 30
67 47
12 11
48 62
54 41
84 25
94 64
86 35
70 15
43 96
65 6
2 88
1 48
14 100
100 74
53 81
31 74
27 24
37 80
23 98
60 92
40 95
68 8
28 8
72 33
23 73
42 4
69 40
90 78
1 21
31 27
95 28
55 98
96 22
73 49
89 69
34 14
33 89
93 10
54 81
80 51
85 7
53 21
18 78
53 14
82 89
13 24
27 43
43 20
97 81
25 8
26 45
74 86
23 14
65 72
70 11
30 44
31 29
37 20
3 94
79 17
12 88
25 43
37 21
68 66
88 98
68 38
20 63
64 54
11 43
45 74
64 82
36 44
34 55
86 75
36 40
70 24
8 73
40 96
71 70
99 16
32 76
62 95
95 49
94 24
55 67
42 48
32 19
28 19
76 21
5 14
87 61
32 59
68 17
15 11
33 85
74 70
56 37
81 10
22 72
18 33
63 15
22 50
50 33
39 22
47 17
77 45
45 12
60 46
39 48
60 73
32 26
2 89
64 14
52 29
100 5
26 31
42 62
44 14
54 3
32 52
77 54
14 57
67 25
23 81
11 88
83 30
8 7
35 27
5 30
68 21
18 81
62 69
80 18
1 1
52 63
83 73
41 19
38 65
6 38
7 31
62 70
30 29
91 60
22 72
9 28
12 9
84 31
56 1
21 13
74 34
31 40
40 24
10 50
75 98
16 35
21 34
59 54
21 94
60 99
71 48
61 96
91 67
21 68
95 64
49 22
50 36
85 74
49 94
94 19
69 69
95 99
8 21
24 61
96 12
60 57
90 75
45 90
77 74
48 61
93 94
35 1
61 26
99 78
74 39
35 33
97 57
18 72
87 50
40 39
40 24
82 11
100 26
19 66
9 69
75 89
51 41
40 75
3 63
21 40
37 40
28 25
79 52
78 74
68 42
75 46
22 34
55 89
28 34
99 50
25 26
81 59
100 59
60 39
2 51
88 65
14 63
58 43
3 96
100 19
93 87
70 95
61 34
23 41
85 52
65 6
97 51
90 61
95 57
3 10
90 44
89 80
91 21
41 91
83 58
31 54
98 87
25 97
70 97
97 44
44 74
94 63
14 30
50 7
44 4
15 58
57 18
6 69
73 58
84 13
13 9
65 89
95 48
46 19
6 24
23 60
65 8
6 2
59 5
37 5
37 46
4 19
77 44
42 9
14 30
21 80
44 59
14 44
34 51
2 38
88 49
14 7
82 70
3 91
63 26
69 45
90 40
62 30
96 7
24 94
36 62
79 8
37 63
28 45
24 55
20 42
38 87
76 97
15 46
27 69
69 92
1 93
61 1
80 56
34 82
88 100
86 3
18 8
5 65
72 45
36 3
54 21
31 58
56 12
79 24
44 67
28 11
41 89
33 31
72 32
95 48
58 52
29 43
25 72
29 36
47 26
43 14
19 16
66 65
1 2
100 52
1 16
15 91
57 89
52 22
65 61
64 66
35 75
22 25
60 38
60 76
62 6
58 33
82 55
22 5
100 49
4 59
6 35
20 1
55 60
83 14
42 61
7 27
91 43
100 14
63 89
51 20
74 59
65 23
90 91
58 45
67 32
81 12
29 94
52 72
38 58
93 85
28 46
61 48
66 34
55 1
55 15
55 13
47 32
18 33
83 80
57 1
49 50
28 31
72 12
35 5
16 75
11 36
46 95
66 38
78 37
98 47
65 30
65 57
97 99
8 76
47 73
4 8
43 70
24 46
88 62
81 31
37 44
61 23
13 3
86 69
99 26
91 92
35 1
40 2
11 74
60 44
29 52
94 47
20 23
28 85
54 52
51 23
58 46
13 89
93 20
81 81
89 69
80 19
66 25
59 39
32 100
51 73
10 4
75 89
95 96
44 21
68 62
8 81
99 2
11 8
99 41
17 23
76 87
43 37
45 15
100 83
16 59
32 97
79 89
59 55
5 74
77 33
59 62
98 85
53 21
38 50
69 44
21 29
59 72
88 3
59 8
14 76
60 75
77 49
56 47
38 8
5 84
41 45
91 68
32 18
31 30
18 62
19 19
67 87
15 25
97 35
53 33
54 40
39 28
10 72
22 26
21 53
62 50
84 35
88 97
95 49
71 11
61 13
2 16
13 28
70 68
19 18
47 23
98 8
8 55
37 87
4 26
58 97
38 36
13 81
24 49
70 43
81 58
53 10
19 81
24 91
7 71
99 70
86 27
39 97
6 39
25 14
44 30
53 40
11 52
49 90
60 82
24 31
12 71
71 74
63 73
49 14
100 96
56 79
90 6
49 98
11 55
67 71
100 50
52 59
46 50
22 3
10 5
97 67
59 65
2 97
35 3
11 97
13 45
85 3
14 2
24 36
31 11
63 59
15 62
8 68
92 2
48 37
8 44
60 30
55 33
90 86
98 26
8 93
48 56
73 6
88 12
8 23
84 96
23 31
32 22
54 7
29 3
87 20
22 17
87 87
6 25
2 88
33 24
72 48
34 40
50 15
9 15
58 97
21 41
80 20
93 28
69 17
55 15
73 86
27 8
40 57
38 18
78 4
67 99
73 92
100 56
62 19
71 89
42 72
26 92
44 92
92 65
73 22
27 44
90 57
60 76
32 88
3 16
55 55
2 28
76 86
24 41
63 32
28 84
60 14
38 35
27 95
47 8
67 17
7 14
81 99
73 6
54 83
15 37
56 16
29 37
12 50
10 22
48 99
16 6
83 51
48 81
19 32
73 77
9 67
13 58
25 41
20 94
47 36
31 87
44 76
63 29
82 78
51 41
90 34
35 90
87 18
43 32
79 7
21 46
62 15
71 28
50 89
57 75
25 81
55 68
37 99
44 69
15 59
34 74
54 75
8 21
83 56
9 55
85 17
72 45
65 13
73 69
17 70
33 7
49 60
14 100
38 20
18 52
24 22
32 15
16 39
15 36
74 68
12 15
65 98
1 48
93 74
87 55
18 62
78 46
16 38
73 2
93 27
14 20
5 85
87 22
7 83
2 83
13 75
62 86
52 32
81 65
6 15
69 61
13 60
17 26
77 63
82 93
63 37
65 84
60 69
91 91
67 35
86 90
5 73
72 42
85 1
53 55
53 77
76 6
26 81
3 88
95 22
35 100
57 31
93 55
13 62
6 80
49 78
46 76
93 60
16 96
26 50
48 25
40 23
