1000
8514 7122
4273 1862
1021 4968
3015 3042
8071 8313
367 30
3816 5099
4611 8503
2815 2432
7835 7576
3334 2724
1574 7326
8995 38
4108 9225
5724 1108
7329 9160
2652 9653
797 1831
2129 5609
4414 7882
3040 3187
1589 3833
8968 3247
10000 168
6831 4881
9150 8421
3651 305
5370 8475
8747 4681
1963 9658
5677 8443
5018 8547
8092 5864
5610 2707
7569 4762
8783 7593
9354 1020
9218 1416
3805 9787
5391 9380
196 7933
577 3461
9929 6874
5349 2751
8015 2922
3655 5653
6900 672
1691 6378
8632 7534
2104 235
4907 7127
7012 3140
199 3226
1996 651
538 5109
1285 665
6593 1416
3031 7205
3346 5250
8347 1326
1297 9666
8242 4747
4239 1706
500 7259
273 6435
9909 8240
7344 722
2551 1517
7077 3650
3033 1018
3973 6216
8465 3284
9678 9991
4625 4256
2184 1761
7862 4062
7462 1399
5827 2141
956 5314
1592 6597
3112 766
5515 2386
1969 503
90 9731
180 4763
6757 8700
3970 101
9362 9167
241 4750
5177 4810
5523 6894
4292 7833
8809 3310
3068 4108
6770 354
1498 9018
5994 8491
3533 5667
8702 8387
7082 3022
1803 2889
2052 1255
8966 1872
8258 9801
9100 1597
1586 7373
6092 7490
2868 8275
5790 6095
6701 9932
4494 8281
3623 9484
5432 4758
6156 3426
4023 5215
1510 8858
2150 5146
8503 696
8065 1634
3932 4245
8505 1019
4445 2797
5710 9146
7322 1886
8817 8305
5590 8140
2629 464
9776 7671
4372 6903
1372 4857
7916 3286
4399 8769
3220 1832
9464 1665
9993 8289
4481 8259
2870 7451
4435 6421
3856 7859
884 1731
3000 2724
7997 5868
7937 175
660 8729
9070 8669
7225 3007
1417 9748
834 2589
9885 8172
3765 5655
2628 7665
5787 1595
1051 9260
5433 3405
7682 9186
8412 4191
7643 1197
9942 8210
2133 3580
7728 8551
2106 9389
6138 7860
1258 7794
583 9650
8766 8101
5406 839
6147 7543
9660 9429
4369 4193
7718 4803
1992 4508
4768 7680
1490 2628
2932 884
8954 1912
1144 6008
9475 2876
6285 9923
172 7472
3424 3877
2617 6332
7543 1557
6500 7286
5535 3392
9440 4255
3447 558
2013 90
8437 7934
1580 3882
6939 3799
3423 6344
4736 6472
6754 6489
9968 727
3361 5014
7807 5160
285 2956
3810 9543
5413 6481
3974 2568
4393 7219
1844 4526
2423 8338
6070 3231
297 7848
4670 1483
5201 9111
7633 6772
648 3437
155 1628
6620 6481
3198 9431
9956 1826
9739 2818
8335 1070
1311 430
1075 5235
435 2707
1169 7687
2343 1206
5281 8583
4974 8101
9025 4304
6752 266
2639 1490
2938 8277
1259 1516
330 4713
428 1599
4768 7620
9942 8699
9327 1569
6557 5161
5241 2149
1422 6198
7725 2459
1876 3804
626 8908
9580 7730
1675 5585
3329 3043
5422 2623
4858 308
7627 6339
1004 1365
4285 3492
9558 7505
6060 4192
5229 7842
79 2652
851 9895
9136 8177
9880 265
3158 8122
2299 6953
235 1361
8178 3917
1872 7485
6657 2349
5748 512
8773 4054
4785 7103
1617 5524
4298 7415
9340 4976
2985 9718
293 3139
327 3154
4810 8289
5984 8391
55 9290
2207 3026
6154 1270
8163 9016
4642 7688
6387 159
4578 9855
8295 8336
3206 4874
6378 7767
271 8438
6440 5017
1 7068
8975 1324
442 1199
4592 5926
4654 7904
8812 4649
9259 6132
3939 8427
8216 9896
9370 6055
5006 767
7098 7566
5534 5681
9511 6218
4731 9835
9609 9335
7691 7902
6091 7532
338 1364
589 5197
624 518
699 5988
4882 7517
7404 1191
8321 5053
4369 2273
8267 5689
8126 2679
8463 8219
3883 4728
714 5074
6787 1437
4072 278
7545 9776
3054 7247
7073 1437
6326 4691
5894 642
579 8111
5887 4156
7985 2916
5962 9317
8040 957
5580 7267
6467 4970
7602 2680
1263 752
6986 979
7309 8327
7419 9419
7320 3160
3350 7366
935 1620
1116 2235
7945 8631
3303 952
4781 3516
987 6032
6985 1531
5305 6928
6948 2480
9841 2161
1355 3394
2967 4208
1522 7428
5572 9708
4219 1427
6889 2632
8304 7622
8068 1991
8150 5407
7524 8157
4038 7728
4421 8801
2163 7969
4008 6825
1996 2781
5393 9265
292 1610
4359 897
8587 7316
8887 4646
4720 685
7340 5667
1458 9546
9656 7074
9602 745
653 1945
9376 9563
7015 7593
8583 271
5083 6525
1516 9596
5450 8315
4957 8221
4890 783
327 4303
1619 2470
6783 2935
5330 4068
9534 2801
1045 4199
2101 8081
3288 3987
3217 998
1166 4448
1620 5518
2137 9697
1470 3079
5090 1088
4451 6209
2546 4550
2582 5275
737 2922
1880 4906
7416 8464
9053 1677
4667 1350
5880 7144
327 2109
6497 5440
8135 7311
1173 7147
7973 5784
8732 1151
1019 9032
268 6025
6408 3353
9637 6820
8001 5639
6381 3105
7295 7813
2174 1778
4704 1610
2580 6334
6663 6137
4428 5714
7806 572
8323 5670
5837 7469
4345 8761
4820 8919
8788 1552
1146 8955
6148 4900
6804 7103
9721 8861
3523 6601
9763 5753
6263 1700
5307 7638
7829 3688
5377 9439
3649 8400
2296 4944
4416 9671
8996 4370
2816 3432
8345 6878
1289 8279
4652 9626
7877 3907
1038 1708
1093 9941
1881 2337
2214 4006
6003 377
4252 2757
3347 337
876 226
5567 5808
5113 7527
6158 9801
2559 8777
7294 635
1598 413
8849 9428
1193 9626
9450 3447
39 2937
3629 5695
2192 2468
4467 874
2440 4916
8434 8347
8338 1036
7184 4246
1039 2218
5125 2880
694 4291
4475 6015
739 7112
1623 8299
6498 6070
4681 9512
7010 8647
6649 9152
3428 3746
2757 727
8832 1834
322 7588
3789 1974
8662 7101
62 5582
8761 6107
9214 9138
8353 7730
2976 3170
1869 8171
3739 8601
3077 3233
3009 1607
6812 6666
8767 4990
1951 9560
4274 5745
5754 949
6804 5667
987 3106
8734 2604
9311 9711
1393 4369
6940 7561
3543 6797
7785 412
9771 7997
3478 6265
7946 8056
4393 6109
7581 5064
3539 7750
1697 6734
4192 8662
7493 9705
1718 7139
3233 4543
427 8648
8648 4736
7020 6842
4883 695
7126 6407
1273 7682
2052 4684
3964 3922
971 2043
6906 1167
1018 7283
416 9183
1359 5503
9484 4356
3141 1591
6909 5582
3548 9781
9385 925
9598 771
3284 2091
6858 6443
493 1863
2557 579
6447 2664
9230 7518
3441 4577
7824 9747
8424 2966
9769 6695
4037 748
1696 1682
4313 8913
1912 5649
7312 6018
4480 1582
1566 2817
9184 4717
2029 1132
6878 6530
7698 2826
8686 4814
9597 6791
7973 7090
7834 5199
4471 7736
2732 5899
6774 1980
1217 2293
476 794
7975 3125
9839 5497
3044 766
5318 1163
4872 1238
1888 9670
1020 4378
2195 909
3597 6908
9188 7585
7438 1205
4004 4269
1551 6378
7125 3857
6905 3269
3839 1325
154 5557
8534 6200
6513 8585
639 8456
7212 6057
1698 2944
8178 5964
6799 5028
864 2135
1957 6932
1829 3303
2755 9695
7831 4043
1238 445
9045 275
3607 5915
7063 575
4788 9035
2626 187
8058 367
9144 7509
626 2054
6434 8447
6217 3985
642 7757
4833 5548
8921 5699
9841 3692
3114 8717
2785 776
7071 7015
4162 5924
5794 7162
7200 6726
9354 3829
1189 6992
1029 8222
8539 4555
2586 6138
995 3304
3578 8811
8449 6618
3963 6327
8541 601
18 3287
842 7690
3156 8605
7621 5417
6410 4846
7184 8684
9977 9549
7494 5888
5167 1617
2861 3788
1266 8612
8742 4162
9767 1373
8833 105
3999 4609
9460 8331
6370 5642
3025 1376
9428 910
5403 2088
5484 6782
129 6754
9331 6244
7166 7857
193 6376
9702 8722
251 9695
8396 9987
4801 9613
8840 769
4592 4
3386 5689
7456 9688
5730 7833
7953 4140
6439 4065
5535 337
8838 4427
8033 5874
2715 4139
6750 4412
3326 2827
6281 7191
6017 1697
6508 6678
5303 5424
144 5578
2568 8603
9406 9791
1232 3428
4268 1085
8540 1481
6762 182
5148 187
5278 7343
5795 2660
5747 500
2518 4887
7267 9323
9329 9163
2085 6000
2833 7341
9935 5254
9568 3766
4735 1724
3772 6139
2104 1070
6199 2024
3246 7636
1806 6616
7840 4860
8065 9682
9864 3245
5212 9296
5942 3941
3337 2241
3361 9532
7805 4549
926 4909
873 3541
277 705
419 4178
5308 1012
6081 1104
3574 5890
7238 314
8894 6857
6363 238
6754 8886
9772 8084
5898 8027
5102 2850
1621 3634
821 9122
9101 248
1676 29
3199 4174
295 6257
3916 6252
3239 2084
4839 2435
8425 274
8847 2462
8071 5636
5681 3525
4583 6405
1751 8799
7209 3063
2292 5548
7494 5849
3625 392
2308 3104
1829 8480
121 2847
4636 3552
9974 3625
6956 1936
151 7468
5755 1678
8518 3112
6294 4809
5548 9879
1086 5750
4559 9188
4742 7390
3820 7326
3046 1159
4857 2229
6470 1636
9689 8661
2708 3798
6510 7779
5022 6785
9605 740
9559 2751
4244 2220
2637 379
8500 2235
2392 6254
463 8471
4337 5566
9051 5726
6626 1211
7362 7177
2406 7305
365 1298
1480 9667
139 9004
8841 3378
2086 1989
3109 2868
3283 9966
6974 7351
2578 5307
5768 7852
9823 3766
1082 3687
2919 4094
6309 7890
2364 8024
2072 9031
2762 4728
7981 9389
4430 2490
2296 1763
8683 2928
5892 9690
1085 2436
6704 1408
8393 9177
9938 5785
3546 5483
9822 8655
7213 1750
9639 5163
5016 2371
7830 9812
8001 3415
8044 5008
4427 4374
8363 7826
4905 6128
2916 6085
4689 2929
7921 6768
2487 2899
1772 3190
2749 8450
6711 6925
353 5604
8440 3352
5058 9967
8141 6201
6039 7265
559 1877
7234 7202
6196 8007
7869 4680
6671 1053
6763 1836
9497 7416
2096 8628
175 5493
2802 6940
7872 6196
2608 5100
369 3640
6365 2225
4892 6093
1968 4405
7291 7026
5498 7771
8335 7194
4018 5076
2635 3486
8541 9648
9213 2451
5305 276
1436 122
7468 2705
5379 7294
4861 7678
3702 6244
1475 9751
1570 6729
6539 2933
7004 8102
2000 6878
830 3046
7614 9187
6972 2698
1082 7571
3882 7661
4959 2246
7008 3553
7293 6403
3059 2975
2245 3299
604 6729
8728 2999
9014 1906
137 2672
2506 6035
9154 5937
8254 2769
2885 1211
9705 924
6985 2365
3641 7071
7197 9749
9406 6840
7443 3130
1286 4299
7829 9693
2344 1830
363 8032
2122 9821
7765 6459
8348 8451
929 708
5812 7548
8180 3745
9527 480
9370 2125
7989 3353
8263 8987
8447 3706
944 4039
2702 4726
5245 3494
4719 1852
1793 296
2772 1599
1078 1610
9510 3287
4671 3614
8751 2996
6772 9651
1826 6174
464 4321
6533 98
9393 3330
3918 296
5556 184
18 760
5287 7280
4974 6240
8589 1639
8802 7002
5292 2873
2257 1981
9588 3640
5524 3989
6657 3677
1907 3635
1690 7127
5610 7774
4693 7206
4577 5454
3426 3036
6584 4116
2634 6083
9921 5180
9328 6082
5412 3481
8118 2602
1972 8595
8399 4201
1044 5000
7191 1787
5805 1510
1168 946
5203 7009
4055 3066
662 4734
34 5164
1802 1870
3148 6582
2891 5683
5935 3173
1278 3313
1482 8022
927 531
7336 2800
4646 5940
635 6544
3676 189
46 4514
4108 5767
2499 8381
2265 4934
4077 2657
5031 1546
5988 8214
1484 7639
9547 3464
6627 6732
5558 1933
1213 3379
2619 5088
3140 1522
5659 9377
1657 5104
1700 4210
5470 8901
9154 7891
1633 355
882 876
3611 8744
4998 6802
8865 6477
1751 1371
4742 1745
8896 9931
3957 69
5710 1940
7426 416
5112 5582
305 1292
5258 543
2285 7388
8296 2918
6809 9917
9442 3553
1246 9890
9979 7102
3235 6681
632 673
46 1005
5824 3465
6016 4054
9908 793
3812 9251
2000
10 82
59 57
95 45
60 95
37 82
55 60
46 86
13 22
31 13
28 43
93 35
48 78
64 31
87 88
84 21
69 41
38 76
99 54
75 70
66 41
59 90
85 90
62 62
62 32
38 49
20 88
34 100
36 94
16 83
77 95
4 26
19 18
49 85
79 67
93 92
18 72
4 3
69 58
87 41
58 78
44 26
87 43
19 71
41 95
86 82
86 57
83 5
62 2
62 19
50 16
34 7
21 6
77 50
98 69
82 11
75 66
25 68
51 6
48 15
31 14
55 94
13 8
8 43
96 62
6 100
27 37
98 17
1 49
28 42
46 42
73 67
27 62
63 44
97 81
33 83
7 67
34 23
2 54
61 36
9 17
22 60
65 37
22 96
68 47
88 12
8 7
26 90
18 12
94 73
38 26
69 29
67 27
77 93
90 7
58 54
54 79
10 38
84 18
3 60
57 93
85 9
48 6
73 73
58 83
78 24
16 10
95 46
27 50
77 47
98 79
49 48
62 81
57 91
63 14
15 86
16 33
54 72
23 78
42 13
83 54
52 65
92 44
43 1
8 91
76 4
31 55
80 31
22 97
48 27
79 16
93 50
76 45
94 40
99 15
84 49
94 61
3 75
98 100
80 65
29 87
96 77
39 70
16 15
38 70
66 80
36 60
3 59
18 100
99 37
10 67
44 12
57 11
42 72
1 84
54 98
54 77
90 6
60 70
64 70
34 23
43 60
35 16
66 31
19 60
2 84
6 15
56 32
7 45
13 24
63 78
17 65
44 9
25 50
18 91
90 44
63 2
34 7
35 66
33 31
69 93
35 76
81 23
83 92
63 4
11 46
31 83
53 26
78 16
28 85
25 66
97 38
80 93
97 53
78 1
70 79
45 45
95 38
53 69
12 26
5 85
37 80
26 12
42 82
74 72
10 21
71 26
48 8
65 52
28 13
93 26
16 12
23 73
80 42
68 80
86 42
3 30
84 10
56 14
5 50
3 58
62 96
96 4
97 95
58 78
72 95
81 35
69 49
71 49
50 94
60 6
76 71
10 49
6 80
5 71
62 84
79 39
73 100
5 5
24 45
14 40
21 55
42 74
34 7
11 96
64 36
90 87
2 1
92 91
83 24
94 96
14 67
40 12
17 53
96 4
62 95
47 71
97 26
19 44
56 60
29 67
60 10
76 29
38 11
53 18
16 77
45 85
61 45
52 95
43 35
16 31
60 74
51 25
36 7
8 10
89 55
44 56
2 18
63 47
3 29
24 42
98 18
97 85
39 28
62 4
86 73
52 44
80 42
61 64
44 7
97 2
17 40
34 29
32 17
37 74
86 74
34 60
21 65
23 10
63 81
97 46
74 1
55 59
74 91
90 8
59 91
12 77
40 2
51 100
92 61
52 69
13 96
61 81
13 31
93 83
93 29
74 56
37 58
22 33
88 68
76 37
34 4
87 1
51 51
31 71
89 57
88 74
26 1
52 68
93 61
56 51
6 89
60 51
15 72
7 58
24 1
41 24
39 36
71 43
83 27
89 12
18 11
61 52
24 68
55 8
19 71
91 28
12 74
50 98
10 42
11 9
2 3
11 76
30 68
13 67
32 7
82 60
4 64
31 68
27 36
60 39
50 93
84 46
67 46
72 81
82 23
84 6
42 55
41 80
79 79
62 70
33 12
59 4
54 62
36 24
90 76
70 51
1 89
6 10
28 68
99 97
48 17
15 35
81 29
71 1
25 36
55 16
63 7
98 3
71 49
88 38
14 25
30 25
57 2
23 14
86 9
80 96
54 57
75 6
93 67
36 88
41 90
40 4
26 6
81 66
68 1
27 71
32 71
5 73
63 45
2 94
73 76
57 30
33 94
61 30
66 76
91 30
71 89
87 35
71 25
28 1
9 20
64 65
63 88
74 72
97 83
64 35
60 49
52 85
32 79
5 21
82 33
54 95
20 82
50 10
53 15
85 32
13 1
76 8
91 67
78 32
3 59
63 57
67 84
83 69
34 38
56 63
38 67
25 19
100 97
57 62
32 69
10 22
67 16
98 95
53 41
17 2
12 55
76 96
39 78
27 66
68 83
41 69
25 26
36 82
45 91
29 50
37 79
25 92
68 17
71 17
37 58
70 66
1 73
31 68
76 95
31 49
92 36
12 75
78 26
48 38
7 70
50 95
54 64
13 33
2 69
21 14
42 5
71 38
9 44
45 30
21 28
40 45
79 51
100 81
76 55
8 86
52 67
20 91
77 32
13 60
44 33
49 85
86 33
89 28
89 31
9 87
80 97
3 49
33 94
83 3
51 92
82 24
41 6
99 66
62 35
42 87
32 4
51 5
91 84
82 7
30 83
20 17
17 98
71 56
84 82
59 96
1 43
66 45
29 53
23 4
30 1
77 3
57 31
51 1
84 44
49 40
66 14
51 5
38 49
25 12
75 31
27 40
31 68
54 53
95 73
7 45
32 13
96 20
35 38
11 19
39 96
44 76
64 4
25 33
49 71
44 52
60 24
86 16
63 98
41 80
30 65
87 60
28 55
54 33
65 59
93 91
79 66
30 100
93 30
84 63
72 20
31 46
86 76
65 13
49 42
30 41
58 49
54 24
26 74
70 35
79 22
28 56
16 43
69 66
12 90
9 5
21 3
41 90
94 37
7 20
88 74
34 26
39 45
86 52
5 10
32 64
35 31
97 8
81 59
24 8
27 23
51 57
84 87
91 63
78 4
78 100
87 69
16 53
30 40
18 47
41 42
16 65
26 65
77 3
96 98
58 98
68 69
48 52
57 37
37 42
52 3
50 35
30 87
19 46
30 88
11 6
4 79
78 65
67 73
61 5
48 18
94 9
58 69
70 65
13 20
63 35
74 75
19 90
32 99
27 16
7 51
71 87
33 90
71 81
30 71
86 81
80 42
67 2
96 94
43 96
60 69
29 65
87 6
54 80
10 91
64 14
98 56
7 60
86 99
33 83
10 27
63 25
86 70
70 61
45 55
45 31
21 84
4 20
46 11
74 79
24 61
38 48
18 6
65 74
20 76
66 58
5 5
19 93
71 93
68 6
84 98
2 17
31 85
20 50
71 48
60 59
92 14
73 60
15 7
2 62
58 94
27 12
26 89
48 48
85 39
23 86
87 33
38 90
29 100
20 86
93 94
75 40
27 17
20 4
87 71
40 16
51 54
63 12
51 86
65 4
100 18
74 35
65 53
69 45
67 53
47 91
73 12
11 50
96 44
25 43
10 55
68 58
57 29
31 88
58 47
4 68
65 41
2 58
83 14
95 26
8 71
38 83
31 24
53 86
68 16
36 79
13 68
55 45
46 58
74 97
100 64
58 20
56 58
96 19
86 12
56 34
47 33
7 54
77 41
55 42
17 85
25 75
83 38
24 40
57 49
90 92
23 1
29 61
73 93
95 30
57 91
89 42
59 19
94 92
45 15
1 52
43 88
42 51
71 78
31 58
36 51
13 58
85 12
36 97
73 54
81 41
89 43
79 45
90 16
65 88
52 55
40 9
78 85
52 13
99 24
1 93
55 70
35 68
19 81
82 15
87 60
84 77
64 79
71 41
65 41
73 76
91 78
91 40
39 39
31 25
25 29
98 61
44 75
86 24
28 65
86 36
80 18
43 47
37 99
73 25
4 9
57 75
18 28
54 83
65 53
23 4
58 36
44 14
25 50
82 39
87 12
98 5
60 16
42 83
96 87
76 47
20 52
27 35
98 8
59 3
2 78
5 89
19 49
22 46
85 67
50 16
61 3
30 58
7 50
68 12
95 12
91 37
49 83
9 84
17 93
94 16
62 89
43 97
31 15
75 67
13 39
25 44
20 78
50 86
34 51
27 93
9 10
46 55
63 72
100 96
28 90
71 60
49 90
62 86
71 95
61 49
77 73
9 17
72 16
92 27
77 25
24 83
25 3
54 4
73 10
30 15
58 39
77 10
38 37
60 91
99 48
64 72
25 95
24 78
43 75
5 56
33 50
60 15
21 6
13 100
39 55
30 41
94 31
84 2
71 94
44 3
96 93
65 11
77 59
18 43
22 41
40 41
93 22
78 20
86 27
62 18
64 7
81 77
37 93
53 30
67 4
59 92
77 11
31 90
92 33
98 83
5 64
16 57
7 67
52 74
18 38
15 15
3 79
85 85
81 20
37 25
90 57
26 19
96 41
19 28
67 9
81 80
68 18
17 49
33 23
6 47
6 5
93 100
100 22
56 15
58 31
59 73
86 13
94 33
42 62
75 80
57 65
34 16
58 42
59 57
60 65
44 97
67 85
15 32
44 35
44 85
96 97
59 61
80 97
6 93
100 17
74 15
4 59
77 78
3 98
6 97
2 7
54 86
40 31
88 97
27 6
32 28
76 70
79 25
6 32
18 52
80 68
43 59
78 51
87 66
14 6
87 68
65 8
84 60
36 34
30 85
77 82
94 87
84 31
12 79
90 95
18 14
28 1
95 58
76 30
27 94
94 5
11 23
37 76
99 5
33 49
64 19
36 15
71 32
78 45
46 63
37 2
4 54
2 23
13 43
100 27
14 24
7 25
2 31
70 49
58 43
46 60
17 80
17 42
16 95
73 21
10 98
4 5
77 11
50 40
15 90
97 19
60 56
59 12
91 40
28 95
22 77
89 25
11 27
52 49
92 42
5 79
29 22
96 53
51 64
91 84
83 17
81 38
88 94
72 99
80 50
72 64
65 12
14 90
36 81
39 37
35 10
59 94
70 74
93 83
5 90
89 23
67 11
79 99
38 69
94 77
1 27
85 65
71 2
40 94
19 47
87 63
7 57
67 42
96 78
34 2
36 51
52 72
77 53
100 45
33 45
3 73
54 36
44 44
77 96
21 67
61 15
89 83
62 95
59 4
1 41
80 27
100 84
75 36
76 29
12 60
18 48
86 51
64 23
32 46
6 12
9 69
40 56
7 47
4 95
50 7
81 31
43 21
73 80
67 67
12 74
9 1
94 82
61 96
28 35
74 51
61 56
50 93
66 52
77 42
85 68
57 54
49 46
70 44
6 3
55 40
60 56
100 35
37 80
89 21
4 48
63 68
75 56
12 3
39 18
24 41
70 83
12 70
62 100
67 54
69 49
14 5
16 55
37 89
77 15
43 61
32 23
19 24
31 54
72 63
45 75
64 67
20 36
23 65
82 94
31 85
41 42
76 34
76 79
63 5
33 68
78 6
71 52
92 92
68 85
73 33
55 55
3 75
66 23
2 11
20 87
60 31
21 61
14 79
98 94
93 80
44 33
79 99
34 85
76 57
88 73
56 42
50 50
24 48
63 24
48 88
97 27
63 80
47 33
62 36
77 82
92 65
20 32
59 75
2 51
43 1
62 35
14 70
64 64
93 8
75 44
67 60
47 20
46 99
88 74
43 2
44 61
18 49
52 45
66 79
79 65
54 63
7 43
94 57
48 22
38 96
10 6
90 64
49 58
38 79
71 61
78 32
23 24
61 14
38 50
89 15
46 5
43 27
38 57
55 57
72 12
37 9
46 76
100 21
43 33
93 82
4 84
58 19
51 46
16 88
25 97
31 4
50 94
23 34
25 51
99 53
74 38
80 55
66 25
75 81
10 41
35 2
33 2
66 5
83 29
12 18
6 68
78 14
97 57
48 65
73 86
99 18
38 10
27 57
30 78
31 56
56 3
27 26
83 3
23 26
15 87
89 66
68 60
69 68
2 37
96 52
63 75
16 64
99 18
53 49
8 52
97 36
35 26
74 91
50 90
2 99
51 27
91 89
62 76
87 61
81 57
23 7
46 47
53 27
30 42
60 25
39 8
64 55
56 65
38 45
53 16
68 72
58 16
9 62
72 23
9 18
50 31
40 33
39 65
75 86
20 32
18 1
21 64
11 48
60 75
9 6
76 86
81 69
78 34
5 28
13 72
18 59
4 57
43 39
23 71
42 72
51 44
55 48
12 16
79 42
83 91
32 98
23 36
14 63
63 98
80 17
29 11
94 58
74 90
90 56
23 14
54 5
93 95
60 89
36 15
35 93
91 50
38 1
31 39
14 30
63 15
25 31
17 19
41 30
61 6
16 78
26 69
53 74
43 13
77 41
79 34
38 80
95 15
30 10
28 68
81 11
98 65
68 39
60 59
85 4
49 79
86 49
17 17
28 22
78 34
92 91
84 18
55 60
76 24
3 1
67 39
50 88
66 75
81 66
39 21
66 29
78 41
96 29
9 91
99 18
14 79
24 79
73 38
66 68
23 7
67 55
16 5
91 4
51 63
47 84
48 94
19 49
80 98
82 53
84 82
44 55
20 17
22 17
84 89
61 48
68 73
6 21
13 62
79 28
86 92
20 3
88 71
7 7
25 27
35 20
22 24
19 66
12 67
27 72
97 53
84 40
100 22
74 91
12 18
80 34
46 44
19 25
7 56
70 61
33 74
47 35
71 25
46 49
89 65
53 47
97 100
63 74
92 46
43 32
33 21
76 61
2 87
61 76
26 41
97 97
36 100
54 41
2 71
45 56
7 63
95 45
61 77
4 8
74 11
47 68
48 60
38 86
4 56
61 94
34 14
68 74
68 83
27 87
75 16
49 28
13 96
22 39
77 24
22 55
15 64
44 86
57 66
93 42
10 39
14 60
77 97
54 77
68 95
44 85
70 76
23 15
25 55
23 16
17 99
29 62
91 76
46 83
36 13
74 54
6 55
27 52
99 11
24 94
56 57
9 63
15 100
92 84
78 9
68 34
8 69
6 52
29 97
15 11
100 93
45 41
28 76
85 93
43 49
85 76
48 68
63 4
13 43
93 22
64 74
100 32
82 22
75 54
66 66
16 72
100 47
56 36
99 2
67 18
75 48
58 63
83 17
31 31
91 88
66 63
67 40
19 60
30 62
10 39
34 94
9 73
62 5
9 53
96 1
58 92
30 26
50 91
36 17
70 97
66 37
36 69
89 31
74 76
31 29
12 65
53 62
92 59
33 99
59 2
86 73
16 88
68 82
61 50
37 95
87 83
11 53
65 17
96 81
90 6
34 29
28 27
77 14
67 53
64 64
68 74
5 68
84 39
20 17
78 85
92 49
32 74
2 39
75 62
62 77
95 1
76 25
39 78
26 54
1 17
28 73
17 36
32 33
79 72
53 82
59 30
90 50
91 81
100 85
17 64
61 52
8 11
28 100
89 100
88 75
4 18
33 6
43 95
75 46
55 90
41 39
75 18
31 35
63 77
82 39
70 24
93 65
65 92
7 13
59 15
98 20
91 18
25 43
72 26
24 47
35 26
31 9
19 3
16 2
93 11
99 30
67 53
87 72
30 17
63 83
96 13
92 91
75 64
9 51
32 2
12 15
85 33
57 88
48 92
60 51
70 85
76 6
78 16
56 3
81 92
17 5
37 70
52 69
10 86
17 92
13 76
59 38
85 21
77 68
95 3
95 31
8 36
25 62
47 22
77 34
66 81
9 99
44 20
50 39
71 91
90 38
31 95
17 89
97 67
9 6
49 50
58 91
95 80
90 62
17 11
64 79
67 6
42 18
58 38
100 7
11 3
81 66
45 98
26 38
40 33
75 22
36 31
93 55
25 94
60 52
39 13
3 94
67 82
17 23
89 68
32 8
31 100
78 30
86 24
33 26
25 28
83 100
98 47
46 98
66 16
73 28
34 29
2 95
90 83
16 62
83 14
88 63
42 68
27 40
91 84
100 81
22 62
36 47
73 27
14 78
67 54
17 5
80 57
79 32
67 93
66 48
92 74
63 10
61 84
30 68
60 59
14 37
38 8
10 14
68 57
3 13
15 45
44 28
58 59
6 78
96 65
63 58
27 2
42 62
94 7
26 4
60 24
14 8
73 60
78 1
83 29
93 81
85 26
82 91
66 31
62 97
58 63
22 57
40 51
45 99
20 65
65 28
31 45
19 95
39 51
97 28
52 37
60 37
47 93
58 64
6 97
63 65
18 39
31 11
56 75
95 41
7 94
27 20
56 67
76 47
87 36
34 3
70 67
61 74
16 84
24 82
48 58
21 93
88 4
9 88
80 83
23 7
30 71
61 77
20 64
73 19
50 36
19 84
20 7
40 10
64 22
57 52
56 79
42 3
91 76
100 18
84 99
36 63
51 78
92 79
69 66
23 75
4 43
36 24
28 50
77 44
82 8
96 56
78 22
64 56
24 95
51 71
98 28
67 27
94 38
4 22
9 57
91 99
41 21
88 5
17 92
77 34
66 55
68 63
79 43
30 11
52 18
61 27
26 68
72 99
100 40
68 68
31 38
20 51
51 64
89 3
37 52
92 8
43 72
74 73
5 53
21 51
73 76
45 23
2 8
78 85
20 76
24 8
64 50
84 81
1 92
53 47
20 35
65 13
89 67
93 72
14 9
65 13
75 67
25 78
29 80
70 49
91 55
80 31
51 56
4 78
15 11
42 59
36 30
86 55
7 61
11 6
88 4
2 25
63 59
29 26
70 75
90 30
62 53
5 40
41 77
11 23
54 63
13 11
58 49
78 21
97 84
83 7
64 49
4 7
90 76
99 69
55 22
86 1
51 73
53 56
68 17
81 24
45 10
27 35
27 37
72 98
40 55
86 63
41 87
99 17
13 60
34 99
9 43
43 60
49 65
67 32
63 83
92 82
45 74
13 83
88 43
77 98
39 92
84 87
39 91
13 1
10 43
24 93
53 32
63 23
41 79
6 82
74 95
7 17
96 77
71 78
74 56
78 90
39 75
47 43
39 52
58 62
99 62
30 71
85 92
43 39
20 81
50 14
74 84
18 70
52 51
7 59
91 7
68 11
19 35
2 69
90 16
68 31
89 40
23 42
53 34
66 88
25 4
42 68
36 84
58 64
17 24
50 37
39 70
52 18
15 74
23 27
53 17
34 67
36 20
81 91
54 80
41 20
31 39
89 97
77 20
36 96
84 66
57 51
65 5
16 42
61 64
66 93
19 31
61 68
77 21
1 26
21 23
48 13
20 54
42 33
