1000
9193 7563
6641 6660
5051 5820
4892 3093
8327 4717
3085 9245
2019 7797
2282 9861
7346 1778
97 8298
8039 8969
9839 7406
8278 8571
5595 8310
1935 7863
55 8140
7275 4739
1753 5233
9578 1919
4024 9314
8482 9712
7243 6235
6988 8169
9216 1358
6447 1440
4329 1773
8968 2559
1966 1397
7637 2644
9225 6690
2342 9041
763 1197
4324 149
5338 2421
1336 5211
1097 3575
8179 7275
8980 6071
6937 6029
2807 3859
206 920
3064 5471
2039 1768
3311 1089
4505 1442
4095 1287
1888 7854
846 7751
3153 9642
7480 3602
1955 1778
3666 8639
7741 8431
5169 6470
9209 3981
7320 2089
4835 5797
4484 8630
1102 6128
7735 5918
5256 4119
4459 7280
2489 4643
8190 9419
1135 4220
1972 6759
2233 7182
7821 3474
5838 3931
4514 8327
2748 7730
2818 9349
7659 6429
6911 3170
3337 3566
760 2598
9952 5878
4425 6967
9085 6996
5575 2235
9235 2452
7645 1730
1782 8847
5724 6876
3571 7677
8200 2235
1928 2755
8600 8756
221 7811
814 8070
6750 3309
1663 3327
3265 2239
6407 7713
8072 5327
797 2163
7115 416
7100 326
8867 3679
7960 2935
2650 7290
7497 8163
2491 2012
6356 4324
7057 5804
3815 2637
3463 4462
3840 2803
4629 1856
6985 8831
2623 3526
35 9153
7077 6842
2185 6667
2753 5440
6202 2139
4716 543
8730 9189
2309 1143
921 9176
4424 5489
6584 9268
134 4359
7664 5057
991 8584
4913 2923
2945 4393
1937 1521
7452 2490
8475 6194
2846 2028
1335 9971
4141 5933
6167 7678
3006 4192
182 265
3032 3635
1123 7081
4906 7423
1215 4111
7533 8946
8988 6835
4733 9075
1743 5178
7406 9611
7349 5296
1846 1729
3058 9424
6855 6221
8280 7895
9173 117
4478 5901
2290 2971
4421 8580
9902 5791
4267 6614
6431 4373
7661 1178
4181 8881
2766 4009
9077 7442
7208 3329
5115 4152
544 7362
7291 6523
7239 3162
1255 8114
864 6930
445 3071
9600 4363
5605 2614
1128 4136
714 5529
6943 2504
7119 7842
3529 3938
1116 3660
9393 2413
2416 9311
5360 3186
9781 8772
1098 7611
1349 199
4212 4134
6711 682
2524 9765
4851 9338
4293 1131
249 366
9441 3921
6328 8784
143 1283
949 8268
7567 2630
553 1932
7301 1892
9425 4569
8041 563
2803 5165
8918 1378
1390 597
6688 68
3418 3160
8252 1740
2347 5462
6086 4159
7452 5740
6768 581
2743 1461
7966 4093
7792 3332
4532 7102
9351 9550
6427 6535
1516 7411
7423 7688
8271 3948
5594 1542
7231 3832
7982 4673
8530 7272
8965 1813
3954 4403
2562 189
6899 1401
2967 7040
1736 1612
216 7705
6017 8818
1831 4094
2603 3837
5538 6714
9421 3692
1019 2102
7766 8933
3190 1924
9712 2265
3224 2766
8024 4442
8582 4942
2364 6749
4282 8909
6734 5285
1435 9285
9408 503
1683 6854
3462 7495
7767 7250
4348 9882
426 5311
7382 328
2784 3232
8084 1972
2351 889
5449 9337
8033 9857
6794 2886
4391 1037
6109 9863
1945 4457
1752 7412
9249 6513
6121 6097
9225 2944
2425 1658
2685 8143
1423 9913
9567 3395
5288 2844
2809 748
9683 1262
6174 5074
7761 5413
6871 2141
9467 9540
9859 5164
8077 1154
8724 1913
7906 2531
262 4793
2959 8790
7593 4060
8240 9546
1419 9103
4418 1056
1553 1471
5713 5497
3212 4987
3358 8954
8976 9873
142 8644
8982 9388
1681 3598
1778 3907
700 5374
457 695
4221 6690
9468 2561
4912 1321
1241 2053
9868 3455
8582 6988
2864 5073
7931 2534
1697 696
7708 301
9234 2306
3424 7931
9752 1678
7540 8314
2036 2078
7432 5064
9411 3752
8544 748
3560 9363
7441 8277
5354 4234
1622 1085
878 2045
6668 4277
7408 755
8948 8346
9198 5508
9422 4805
4761 6942
6162 5825
2743 7421
2263 3786
1562 4375
7817 1300
5247 8746
6496 7148
4084 1968
1824 4767
9448 5754
1226 6593
9530 5577
1837 3170
7049 3251
4685 8162
4140 1983
5215 8406
3141 5725
799 7667
1968 9781
3200 8231
8879 7732
3970 1494
6538 3134
4830 337
3194 4030
7176 9260
6471 4604
5364 7488
6899 8481
1859 7973
1149 3441
3672 7716
2680 3279
762 1986
8440 2144
1836 8070
9253 4950
6411 9028
6661 9992
9474 2567
5003 7423
6690 880
827 6048
1251 6610
5709 8566
4646 3440
8526 9913
6866 1213
3463 3628
4140 3436
3010 7115
3107 3906
2981 3934
6925 7630
2444 4165
8242 7303
8696 588
1 6831
4078 5532
9736 1352
4104 4959
4999 1327
5872 2050
9167 6660
4871 1128
7251 7855
368 8694
6957 1016
643 4090
4978 5768
9344 9861
5727 9713
4962 9254
6254 914
399 3656
3778 7818
4824 8945
7178 7682
2537 4860
5434 71
3962 3678
9759 3323
5273 326
9193 5783
9023 7896
4961 5909
5838 2209
5460 8789
9942 1235
2050 8510
1484 342
8002 2210
3201 6603
3580 8905
7391 7026
1948 3931
874 3388
7306 2144
2229 4687
2696 4346
3894 8347
7600 9813
9138 1333
1813 563
5212 688
8350 8244
2586 3673
4183 5006
862 2756
5278 8966
3613 4423
4852 2418
1813 9607
8360 3851
4668 5488
362 8828
4623 1804
1584 7254
520 1433
5964 8254
4233 5544
3420 9913
8031 48
730 7435
4652 2120
2123 514
5510 7980
8802 1665
3258 3220
3823 158
4554 6412
2269 6468
4942 7655
3582 4966
3874 8989
9457 5351
2100 6762
8960 3986
4519 2878
5612 7658
6649 1956
5166 8344
6029 57
8999 278
8071 1168
4213 1357
853 1563
3368 6542
94 1155
9982 4737
7981 3567
5583 6262
3314 3860
5715 7155
8982 5719
864 3458
293 8059
2916 5850
7580 6144
6618 7337
1151 8380
4463 3724
4720 6817
9625 2009
8434 2323
7322 7865
2635 755
2591 9380
6652 965
4913 1709
2121 1779
752 7760
9544 3533
4344 7705
3675 8840
2830 7216
6657 8613
3051 7458
5001 1954
7445 6076
4383 3739
4831 4702
9595 5415
6634 2201
9831 9195
2873 2961
191 6675
8740 8807
5693 3216
432 7573
8434 9098
4431 9174
7419 3576
8466 7628
4041 1754
2143 6496
4098 2096
904 9043
2433 8053
4231 1918
9787 3016
111 8441
400 7528
4618 1639
356 4568
69 8081
4950 1609
1924 2624
9036 4322
459 1666
9478 9524
2018 6737
4700 4428
219 6645
7817 6212
68 9753
3415 1473
3205 9783
6593 7070
112 724
1421 7707
8557 2335
7822 5695
1752 254
6414 6431
309 4756
9052 3556
2022 1216
8008 304
618 9964
1257 1149
1037 2922
6696 2264
1816 7823
8439 7981
7714 3635
5774 2223
4169 373
4668 5351
3601 3991
9248 813
7321 5744
2594 4181
9209 1995
5605 8571
2077 6394
5835 1041
636 9130
3037 4325
5661 5371
9504 8160
1932 6602
596 7271
5365 6310
2236 8575
7668 6409
6293 1213
8878 9096
1366 9510
6912 4685
7275 8992
5125 910
8331 8935
3724 8328
5188 2126
7374 5553
7331 2273
9495 6202
1574 6285
3328 7359
5062 8079
347 1085
3797 6736
2445 3290
8230 2624
6960 9359
1420 9344
1312 6302
2414 5831
5205 8170
7751 528
1543 934
94 664
9678 9120
5752 7700
8722 6043
9403 951
8761 5039
488 9088
1542 5478
1293 2905
8279 6869
5861 4751
9432 4118
9329 5320
2384 1386
494 5402
2048 9593
9418 3308
3624 1082
5197 9338
2465 9006
1232 1529
5470 7410
9811 1179
7578 2069
6337 7464
1632 9999
2117 8059
32 5174
1410 8975
5106 1211
5163 2715
162 6593
8352 7427
4868 2083
8033 1873
5522 9491
1278 6837
6674 5123
6014 682
2099 6988
4525 2006
5613 4063
2572 906
4398 4530
7983 8857
1878 7365
7164 4228
9557 7543
8187 6696
5317 5984
893 2036
101 212
1042 8326
5205 8691
9283 8643
9311 6036
9716 8660
5154 7202
5972 4900
6201 8341
8304 6739
2992 8085
720 5807
7631 3276
6545 9553
1181 4661
1955 4969
2640 4993
3694 2274
9993 991
9804 331
7378 9779
2544 9777
8282 6543
437 9491
6511 5232
745 3794
1159 4927
3299 8593
9436 8808
4747 8341
4500 5561
4233 4396
8745 687
490 7007
8368 8353
6802 475
8062 9125
5354 6087
7809 1869
4720 899
8774 4015
5957 8835
7847 3134
7614 3226
3359 3309
8171 3221
4697 9894
2043 6943
4809 9740
4409 2952
7320 9830
439 6394
5032 9349
8858 770
6302 390
2213 2551
2992 3498
7309 3671
8017 3152
515 7726
6124 7479
9947 2631
2059 8305
5433 8378
2364 8054
1328 9042
1918 2322
4671 4462
6 9739
2468 9047
5190 2622
8711 9637
6492 2534
6845 6639
8725 5637
4599 9329
6329 1256
4870 9446
7686 4928
9263 3242
3596 1675
9465 7368
8038 8303
9855 8317
3238 9900
3928 8753
5287 8055
9606 1980
7744 5369
5532 8596
1220 9443
1712 3404
2887 1817
5354 5934
3146 7377
3030 4611
1105 3324
2340 9082
6965 682
1443 7893
6062 1869
2481 5696
1603 1048
6070 6292
1330 3683
3855 3815
1634 9653
4076 1509
1549 8676
6195 6213
1402 7489
1901 9777
4441 664
3482 1129
2687 549
5562 4909
6644 4642
7577 875
1632 1929
7201 7305
1575 7480
7203 6383
3743 2737
7535 7443
976 5103
1494 6139
6677 1665
5141 9934
3240 6813
2151 1021
6738 1611
9889 3798
4313 6793
2527 5748
4734 9624
7230 5117
6944 9201
7475 1622
498 5287
8343 4465
2049 8264
7088 566
7962 9894
1027 2295
2403 764
3152 9718
8191 5248
8373 7916
68 1360
1032 388
1132 5119
9379 4406
3457 6486
1584 3284
2070 8967
5418 3490
547 7942
7186 9873
19 5260
7842 4226
3943 175
849 8619
623 2867
862 2553
6525 3621
5088 5873
8550 9454
5404 386
5917 8128
7680 4641
1138 1327
4309 5330
1371 7416
7832 3449
5100 19
3191 7891
5280 9811
7999 7308
8139 2829
5073 9076
7689 9382
9522 1928
7105 797
4635 4639
8095 4436
9396 1358
615 7583
9444 854
6345 155
3978 7518
1958 2796
6938 802
2351 4558
931 7324
1879 2253
9641 5976
897 2628
1605 2854
8505 1232
6054 8123
9722 3398
7530 9456
6877 2143
7078 7509
1968 5056
9304 2869
4219 2321
3300 9213
648 5914
3248 3487
1105 2461
2163 514
9736 343
3603 3310
1044 2677
3673 9901
1697 4143
501 3470
4885 2831
914 8876
1010 4187
2943 9272
8795 2630
4319 6186
9378 5961
6622 1987
8904 9658
454 5365
7627 421
7802 4588
2118 5128
2722 8215
3322 2037
8318 6282
6678 1506
5665 9379
9713 5940
2622 1174
4690 527
2601 4664
6935 5554
3868 4635
2492 3309
3847 2159
1280 7171
1125 9888
2025 8727
6491 3826
544 8858
404 9862
6599 4010
3768 2521
7098 7937
8413 498
2752 3547
9709 6248
7512 1088
9899 4181
9541 3061
6496 3312
3042 5784
8394 2004
2243 3250
2194 800
1465 4050
6699 6458
190 7728
2947 9072
9429 7795
5361 9468
1799 2485
9273 3476
1587 402
4169 2973
8511 6770
2006 4489
445 8748
2134 3389
4736 774
617 3970
7133 619
6523 4638
3965 8684
5956 6097
4469 6499
4352 415
6221 8570
8692 4179
1414 2214
604 5846
4937 7288
7531 1997
9475 8101
2196 354
406 8093
6581 2207
1909 7446
5699 7636
2367 495
6848 3165
9382 8922
6784 7053
5979 1141
5267 6414
9078 5860
8989 9778
4106 1419
9570 5034
8113 4506
6747 1524
9025 9631
8165 2103
6039 396
7052 8584
1543 1362
7696 19
3694 3630
9194 1451
7516 5948
2586 3718
9878 1483
7141 4183
2823 4865
9489 6414
8785 8651
2859 7333
5139 5906
4127 7857
8701 8094
7204 7497
1745 3133
7635 5768
1919 3691
4602 4111
2426 8827
9630 6344
5404 7424
9744 8658
1038 5947
7489 7710
1538 728
2000
88 96
78 39
87 3
8 22
22 71
29 21
40 65
76 95
14 76
56 84
68 52
41 65
19 53
17 51
21 97
27 99
49 100
23 67
59 93
5 9
98 58
33 7
83 60
38 40
66 53
73 29
23 47
59 82
99 79
78 78
48 20
31 33
80 42
12 34
82 59
77 7
75 32
33 67
95 64
90 78
53 48
64 21
25 29
93 40
8 19
21 58
88 75
68 6
90 45
30 15
86 25
19 98
16 65
98 56
69 81
100 32
28 55
8 1
90 65
100 7
51 9
51 12
27 96
13 18
39 11
86 1
46 32
100 89
55 69
22 46
15 29
47 31
93 87
68 76
19 43
29 89
67 71
26 91
56 5
62 57
45 93
1 68
83 46
97 76
34 3
93 33
93 68
66 28
19 73
50 22
44 14
21 89
82 20
36 57
97 81
78 69
54 45
96 69
54 42
75 49
87 79
68 79
94 83
42 74
4 53
34 57
91 29
53 66
69 17
91 24
90 92
74 97
83 97
85 54
98 90
41 73
97 59
47 61
54 86
81 4
41 64
9 81
46 65
2 61
9 12
46 99
51 75
43 27
19 72
48 58
80 10
12 7
100 87
87 13
11 36
76 70
99 25
88 55
67 44
66 95
11 81
75 22
24 6
74 63
13 8
97 84
92 44
94 48
88 23
24 20
83 40
2 73
46 24
84 72
29 84
49 31
5 8
59 82
40 81
65 98
75 71
73 5
13 47
96 95
89 70
58 10
76 100
46 77
65 50
41 63
28 67
88 60
27 66
64 72
50 84
12 43
27 91
77 11
60 48
45 6
44 69
67 25
46 76
25 44
47 79
47 73
90 13
20 43
93 48
61 96
81 68
28 78
49 68
81 93
81 58
65 62
70 63
52 66
29 21
92 23
32 19
2 5
64 91
92 56
22 34
51 21
19 21
17 65
14 87
35 64
63 47
61 36
52 94
23 38
20 76
12 29
17 74
9 57
55 11
6 92
98 6
53 88
51 37
83 32
89 59
11 64
48 80
83 84
17 42
91 38
90 11
94 73
16 21
99 9
33 80
27 35
3 2
17 41
43 81
12 27
95 23
61 18
3 68
35 29
75 43
56 62
47 80
45 60
93 48
87 83
86 4
6 88
14 61
88 41
44 8
88 56
60 38
35 48
65 56
51 22
32 36
59 18
23 3
57 70
32 3
75 1
90 96
24 71
45 83
87 75
66 35
90 96
4 15
69 60
56 45
20 24
52 29
94 80
83 67
88 20
83 38
14 31
85 86
48 37
43 36
30 41
84 84
30 49
30 73
69 33
5 73
4 42
62 49
8 51
63 53
25 21
6 93
69 95
10 24
30 81
12 24
8 88
98 4
33 86
2 9
17 91
5 25
52 53
50 86
82 49
21 82
60 36
78 7
61 90
48 16
13 78
48 48
35 38
80 21
25 62
67 19
48 84
30 40
56 43
17 79
41 18
13 92
2 75
13 11
59 55
19 58
13 65
48 88
25 34
76 2
19 59
33 10
38 37
8 70
94 64
71 1
32 12
61 14
92 91
81 85
29 83
68 94
90 59
77 64
95 45
51 69
65 52
83 62
20 100
7 99
27 37
5 74
53 15
32 48
11 73
85 75
81 73
3 65
8 86
27 94
99 80
87 74
70 27
19 25
20 85
57 64
91 29
70 22
18 93
80 95
57 96
70 86
29 50
87 63
49 32
22 75
1 51
23 34
67 7
47 43
94 63
70 86
74 82
51 88
40 17
76 35
27 73
93 70
61 100
24 3
63 46
1 93
87 34
69 43
41 4
41 78
91 96
46 3
26 45
3 33
46 41
26 76
72 60
11 68
6 97
50 54
19 23
15 90
57 63
20 43
98 25
67 35
92 17
37 1
59 33
98 47
38 63
77 63
29 96
45 17
12 90
36 21
32 56
40 21
56 53
6 64
66 98
20 95
88 58
63 24
5 51
71 47
7 55
42 56
29 12
59 8
21 73
36 18
48 89
95 20
63 79
15 24
28 71
22 8
94 2
6 100
98 28
70 78
79 84
7 76
72 62
49 96
99 14
66 49
84 57
65 89
73 97
59 64
60 61
5 15
68 1
38 50
43 88
68 1
38 74
25 85
77 22
71 40
82 67
68 61
24 83
10 5
60 49
37 22
33 32
18 88
5 28
67 42
92 56
5 85
31 54
29 87
47 79
23 90
65 88
97 79
57 50
39 98
68 51
41 90
16 16
29 26
10 67
68 60
93 40
71 8
20 12
88 59
71 34
81 48
50 82
83 40
39 62
82 79
42 34
24 54
12 58
10 86
6 36
43 18
88 52
99 4
97 17
96 14
91 91
24 62
94 33
18 12
62 49
63 76
43 46
36 96
39 44
99 88
15 74
67 15
60 65
37 76
15 60
9 26
11 16
41 29
6 41
48 100
23 43
75 28
91 36
25 61
30 90
42 84
10 28
62 52
25 61
46 36
25 97
29 73
64 23
71 31
24 63
35 69
65 48
25 30
78 60
26 19
80 52
68 28
9 21
34 28
60 12
61 91
59 95
91 9
51 51
2 55
43 49
97 80
3 100
39 39
59 36
18 90
30 58
100 19
40 62
48 9
40 95
100 19
52 3
25 3
88 56
41 15
41 37
75 79
88 27
9 55
41 66
2 35
22 86
86 76
45 5
83 95
63 37
47 90
38 80
28 52
43 52
58 25
57 67
69 100
69 52
74 68
39 42
7 3
15 95
8 21
100 59
40 14
45 1
93 2
18 63
57 19
42 99
63 84
93 55
22 59
21 17
40 77
71 44
7 12
2 52
4 74
99 87
68 34
13 30
89 1
42 66
99 47
90 19
18 82
86 95
72 60
94 42
67 62
1 3
28 60
16 41
26 58
78 54
56 72
7 72
54 1
38 89
94 2
54 97
72 88
16 12
22 30
45 47
58 82
12 53
65 70
94 16
76 60
20 21
28 16
43 60
19 67
8 77
59 53
59 46
94 31
60 89
45 33
53 13
87 50
25 90
95 39
26 76
79 66
68 68
58 38
2 83
75 19
90 88
58 92
60 30
64 29
10 25
15 35
38 83
6 56
34 38
41 51
37 35
94 24
44 29
40 82
89 22
44 32
33 87
68 40
44 47
92 93
84 99
83 28
44 89
72 74
92 57
67 75
94 86
53 67
54 57
97 2
24 36
63 84
67 80
55 9
46 98
54 2
20 10
33 2
17 40
32 25
42 57
15 15
23 76
54 47
20 65
10 29
88 26
16 84
37 29
62 31
97 51
89 91
92 11
53 42
54 45
22 21
65 16
77 40
17 49
47 19
25 79
81 15
56 1
89 98
99 10
10 58
62 67
79 24
78 93
15 74
11 36
35 44
1 28
28 50
73 37
27 30
56 2
59 85
4 6
75 20
9 32
11 82
80 70
10 99
5 42
34 92
96 37
30 26
16 49
18 51
81 42
74 100
96 75
39 3
95 39
71 27
73 63
50 95
78 33
38 68
45 6
56 84
25 22
63 53
16 40
38 36
23 34
89 49
99 95
31 60
29 67
43 45
22 85
9 2
59 66
33 1
92 33
9 65
70 54
24 86
81 32
51 26
93 4
62 41
32 81
34 26
83 2
33 60
45 1
4 82
47 86
13 32
47 10
2 13
74 30
61 100
49 82
95 1
46 63
53 77
69 7
63 93
99 87
47 3
15 18
70 81
69 59
72 85
27 60
32 49
91 100
75 45
10 20
84 66
91 50
14 61
45 37
9 88
30 13
54 25
41 7
94 42
17 82
47 47
10 47
82 71
15 53
37 44
87 62
7 79
2 96
4 5
62 63
61 37
34 52
91 85
2 27
83 34
44 43
60 78
90 7
34 67
84 49
47 61
37 82
31 81
41 77
84 74
61 1
12 50
35 61
12 66
49 29
64 73
58 12
15 12
1 49
100 12
1 5
44 54
42 15
74 44
51 69
74 11
79 41
32 55
14 93
18 8
85 47
21 47
20 64
58 36
38 44
27 13
55 64
6 4
48 30
38 3
54 73
22 48
56 11
13 71
18 11
68 10
87 47
37 2
74 93
5 17
84 55
95 10
46 50
94 82
46 43
1 10
25 9
44 70
23 65
36 16
44 12
88 69
22 33
6 18
6 1
70 32
31 33
72 30
57 64
70 54
61 60
19 75
22 100
50 37
52 17
50 99
59 88
25 97
44 61
16 41
79 78
16 75
41 12
54 43
63 41
96 85
55 42
56 57
13 85
44 14
70 45
78 52
42 92
77 21
42 31
100 73
38 13
29 28
63 37
65 75
65 6
97 71
41 45
61 9
74 47
34 55
32 8
69 46
2 28
93 8
68 60
52 42
72 83
91 9
6 94
77 54
19 34
36 49
68 53
3 84
83 96
96 99
98 79
22 24
44 100
52 29
70 37
32 19
18 46
45 86
81 61
35 24
42 70
85 56
7 33
54 24
42 70
15 21
12 36
61 97
62 66
68 78
86 100
89 28
96 33
82 14
91 16
10 34
46 81
36 55
36 71
96 11
58 47
64 75
26 5
34 67
89 8
31 3
41 59
65 52
37 66
51 10
86 13
5 25
6 87
79 14
75 26
99 68
54 62
24 16
78 21
70 3
90 45
81 40
71 22
14 92
39 25
30 74
18 42
26 51
59 54
29 94
55 72
88 69
37 39
30 41
29 46
39 19
11 87
20 89
32 59
88 97
45 82
82 59
20 12
18 14
5 16
17 39
39 60
55 86
92 23
23 94
63 84
63 86
2 75
51 20
44 74
57 17
32 41
30 81
21 21
87 95
32 11
30 8
74 6
40 97
9 86
87 76
93 87
70 57
54 74
45 77
16 96
33 79
78 60
78 94
95 26
89 34
44 97
57 82
11 73
74 66
34 30
95 84
39 47
27 36
30 55
27 34
28 76
76 51
23 63
15 37
7 19
79 83
38 64
51 97
42 71
67 65
31 8
42 78
95 63
39 92
52 90
16 83
32 100
33 68
66 14
18 50
46 14
44 59
41 50
67 11
5 13
97 81
5 32
22 84
85 67
88 40
55 83
72 36
94 10
89 10
31 51
70 16
4 72
18 16
39 68
76 61
66 35
76 65
93 84
34 26
12 37
90 83
69 5
23 70
76 10
78 11
56 23
39 8
91 42
29 43
95 98
1 81
9 81
19 48
69 87
95 6
68 11
50 42
24 84
20 54
15 58
81 15
33 23
79 66
94 28
68 14
38 66
20 53
40 56
97 85
54 39
7 13
42 84
46 14
89 26
82 36
44 89
70 75
6 62
97 43
31 6
19 61
98 59
99 47
76 58
68 16
14 28
68 62
95 82
5 62
53 29
4 49
89 29
75 7
66 36
78 7
37 17
11 67
85 43
7 63
52 66
69 75
30 89
13 77
17 29
99 2
8 46
26 52
98 81
61 21
23 63
46 74
61 69
41 54
64 21
38 12
60 68
44 43
55 90
51 4
28 20
8 3
80 5
87 40
10 10
96 62
38 95
76 87
42 52
56 22
77 53
70 26
99 85
35 81
60 53
41 73
94 12
7 32
29 79
56 96
62 37
48 67
92 64
26 93
80 61
79 59
94 95
14 74
45 80
86 25
59 58
21 37
20 15
65 66
42 49
73 12
36 6
57 40
44 70
22 62
93 44
11 8
53 96
75 86
26 52
90 66
38 83
7 2
53 19
39 89
1 45
29 68
45 97
95 71
43 27
78 3
22 87
54 66
100 29
54 82
15 61
43 40
36 21
87 59
67 87
57 21
52 78
40 21
46 22
84 78
23 41
75 71
74 51
5 1
2 25
56 2
59 51
71 75
40 34
57 62
74 86
91 83
20 23
23 58
89 53
9 65
33 79
48 40
19 96
81 3
74 100
13 46
43 32
40 82
44 13
44 32
99 85
98 88
44 61
27 4
1 77
83 47
8 100
60 93
71 92
3 90
14 58
50 82
99 16
99 51
13 51
57 54
37 40
66 46
43 62
69 84
46 85
73 3
84 62
9 31
54 25
81 2
33 14
11 41
51 37
37 60
8 80
22 52
95 71
37 2
80 16
48 85
81 69
18 9
18 52
33 43
2 98
8 92
61 94
65 10
31 87
41 68
81 85
1 79
9 34
88 51
55 78
16 63
21 61
67 91
81 65
34 58
55 31
83 44
20 43
66 26
76 73
58 90
55 32
82 20
45 36
78 21
11 84
88 20
65 76
62 95
52 65
14 4
38 97
28 81
30 53
41 18
21 37
14 13
60 18
89 1
74 54
47 9
47 97
24 79
29 56
23 73
4 75
90 81
95 69
14 2
42 33
98 61
83 67
2 57
14 35
88 29
55 43
74 49
35 22
18 15
63 28
16 78
54 31
82 62
80 62
68 91
36 26
8 20
76 96
21 84
99 1
100 34
64 10
94 81
94 21
95 12
31 98
94 100
42 45
42 97
80 93
66 64
68 83
83 86
88 83
25 52
93 38
68 30
89 73
48 16
75 90
61 86
61 35
90 17
8 48
85 88
84 38
35 10
62 56
64 18
69 3
13 38
94 70
29 5
93 50
67 4
18 58
13 80
35 46
9 24
23 63
24 38
57 10
90 39
97 47
50 11
35 77
15 29
8 88
1 12
6 41
7 73
45 35
54 78
18 2
27 7
7 72
38 6
31 85
47 75
98 58
38 7
92 29
82 37
13 15
52 35
5 14
8 85
42 5
79 80
59 31
71 43
99 66
3 97
74 38
68 10
75 11
60 74
4 29
17 9
6 22
17 19
32 69
6 83
83 77
48 99
1 71
100 84
12 7
2 14
55 76
45 19
49 13
90 35
14 10
64 27
47 45
61 22
99 44
29 53
51 95
60 13
8 62
73 34
34 86
60 21
1 34
65 37
90 80
10 45
29 60
30 38
26 82
33 79
24 100
81 89
68 1
87 35
62 30
79 17
7 30
81 5
100 37
68 34
27 46
29 100
81 92
36 69
18 92
5 16
33 3
84 95
80 28
99 84
12 17
98 82
86 98
4 32
25 18
69 66
80 86
21 65
14 65
15 47
32 59
82 7
86 99
52 79
52 91
25 68
5 78
22 23
24 84
88 14
38 65
69 30
70 6
79 91
5 90
95 92
35 65
55 71
90 30
33 63
95 51
71 14
30 38
84 85
34 29
53 49
45 16
60 73
65 83
92 39
3 50
21 54
80 22
61 74
18 74
51 50
10 40
48 21
89 48
98 84
26 61
80 54
74 11
70 17
19 69
29 59
7 49
18 40
91 92
29 83
88 99
78 58
1 76
93 9
67 5
8 82
52 86
51 79
97 72
65 26
76 34
32 51
20 78
21 38
61 61
88 99
92 59
9 55
2 100
81 16
18 3
19 10
97 59
87 100
87 83
61 18
90 1
80 65
14 17
63 40
91 46
72 55
72 64
93 63
60 66
70 13
68 18
16 23
54 84
99 32
86 32
48 29
40 3
32 63
79 2
100 42
5 70
10 30
32 90
2 65
93 74
9 75
82 92
82 26
4 87
78 31
42 4
39 25
18 99
30 25
85 92
79 73
96 28
74 16
87 49
62 34
48 21
46 48
17 28
4 24
72 30
65 50
10 41
24 79
7 46
35 31
52 49
16 77
63 34
64 30
58 15
26 42
97 68
72 10
8 4
66 6
14 17
30 4
18 55
75 44
67 54
72 24
72 52
95 49
20 68
58 8
84 29
39 15
61 70
21 84
25 44
15 16
79 61
72 22
25 20
71 15
90 77
42 63
10 52
98 99
67 90
50 90
90 58
44 17
20 58
69 25
43 37
44 37
27 60
66 49
13 19
45 62
55 61
80 94
40 9
49 19
51 1
50 38
9 77
56 85
28 34
75 5
20 14
76 4
14 19
86 82
30 14
59 33
8 39
95 42
100 79
40 53
95 40
19 38
41 3
91 30
67 100
82 61
45 24
35 47
17 20
16 82
64 80
18 1
25 76
74 74
17 47
75 89
97 3
82 78
9 11
6 97
23 22
20 97
86 67
98 39
23 12
98 27
78 35
9 40
27 3
53 65
75 89
64 19
15 19
70 94
11 23
25 68
40 72
48 13
5 48
62 56
68 81
94 93
11 99
21 25
85 72
33 45
85 55
44 30
96 98
68 60
30 22
12 35
37 41
16 39
9 61
77 68
1 49
71 16
62 85
42 10
82 68
74 79
21 63
75 98
81 90
96 97
38 32
79 23
1 1
68 92
70 30
71 17
78 19
37 8
71 39
74 10
60 83
20 61
15 2
44 81
54 44
22 14
31 25
54 95
96 75
77 62
85 16
40 58
41 29
64 13
9 5
13 93
34 61
46 5
20 100
99 46
75 77
84 28
30 86
79 71
29 13
9 52
3 87
58 76
12 64
63 98
86 94
98 60
95 17
64 33
18 84
93 30
78 84
70 48
54 88
78 97
100 92
46 54
88 32
20 12
27 29
89 69
29 22
69 43
19 67
15 37
92 38
18 7
62 62
52 99
37 48
29 3
33 84
29 36
44 8
6 65
14 5
93 81
38 74
25 31
74 78
11 98
65 18
69 36
98 75
34 22
47 53
16 59
4 17
99 19
69 46
81 59
28 84
47 19
6 15
51 89
69 60
51 53
35 61
7 45
75 80
78 8
44 52
6 22
81 62
86 29
87 46
63 96
5 9
63 23
68 68
83 37
7 73
89 75
81 1
27 71
32 5
15 67
7 84
16 85
33 71
35 24
53 24
20 33
68 4
43 38
65 71
22 86
43 25
79 53
37 31
19 12
98 3
23 69
57 4
54 19
46 64
85 77
65 55
69 40
94 44
52 71
28 60
9 10
15 80
86 10
81 35
100 56
66 81
5 67
67 93
7 1
34 9
39 85
44 95
29 12
89 24
58 2
90 27
23 27
82 36
87 72
7 40
74 97
38 48
38 58
25 91
18 47
7 36
64 5
12 51
10 86
99 56
37 72
60 45
99 82
50 60
56 96
74 23
1 23
66 60
