1000
9965 4180
9350 5266
9875 9733
3464 5735
9281 4852
4563 4002
1924 2402
3009 2107
3279 7009
4264 5127
6385 724
6975 9561
4445 1780
8418 7100
3398 649
9333 5489
3092 3205
1033 7845
1231 9026
3639 9725
7905 2149
2283 623
7032 425
5741 5646
3018 9973
6461 8121
8214 9447
6220 8145
3097 7371
5602 2183
7594 6103
8067 1322
7148 6312
802 4688
6420 8594
7619 9841
8664 2776
282 3941
8811 7320
405 3734
479 4631
4735 9498
878 8978
617 238
6264 607
4336 7800
6887 392
3963 8630
565 7548
1154 6236
3199 8126
2638 808
6944 237
8315 6756
6933 3598
4355 8393
5779 9278
6972 8728
1496 2721
2777 1026
722 8407
7049 5356
1554 1987
3229 1265
9227 1848
9462 6254
7572 5227
9669 4876
8576 248
1852 3276
8112 3964
2316 1047
5605 3379
1949 2171
3542 7561
7878 2330
4146 8277
5094 608
9949 2934
2747 6722
1113 4252
6805 1031
2016 5993
4760 6986
3243 7050
5256 1668
8097 4818
9847 3493
5397 2809
6548 9616
5816 6751
4905 6559
9099 4853
3906 9138
1623 4389
4020 3036
8863 7854
6520 9104
7843 2652
3414 47
6028 306
2915 1186
911 321
5974 5836
2361 5427
5972 4424
3673 8208
3950 8088
5894 1386
3887 3966
4227 6564
1444 9721
821 9326
9993 2221
7953 3278
8661 1755
1617 3104
5864 7698
7028 3114
3102 7383
9192 9214
2778 3899
5998 7026
7032 2672
4560 6834
853 803
9023 9903
9748 7909
6576 5129
9310 4390
3660 3063
1679 9230
9806 9795
9657 1955
7609 6552
9872 1462
4288 3420
2694 8883
1860 6914
9215 9824
5917 1647
1735 4346
6131 7767
3088 3044
7052 6708
5390 4873
8716 1923
6855 2045
550 496
6325 4752
6691 2213
5588 3556
6661 8930
8757 997
805 1772
8185 6419
8342 4911
3610 1553
837 8077
6170 978
6693 2110
5823 8167
2753 8564
4709 1681
3080 1620
5765 7855
6916 390
7246 161
5421 9587
8794 2544
8738 2954
7051 8586
9690 1576
1693 2505
8932 8988
3639 8902
4788 5247
8610 544
9850 1335
8539 55
4457 9287
3555 1564
9955 905
4075 9547
8396 280
8135 1533
8379 238
7410 3523
7230 9160
2869 9337
4183 7805
231 4391
8165 4730
9791 8713
5514 2036
9312 5091
3240 730
8213 2522
5052 287
5797 7714
2013 8204
4822 1517
4217 7896
7884 4524
4523 2801
1893 8158
5619 6135
1050 9061
5771 6140
6454 3014
395 3308
1573 5166
8272 8999
9391 1710
1036 9024
4439 1141
9382 8678
2501 5407
5853 6489
3321 1669
1090 4361
3632 13
950 2939
8674 4899
9443 5151
3522 5153
2657 2419
2116 9516
7852 1195
8586 7896
155 7714
2530 1786
8278 3143
3519 3865
8697 9794
3116 7577
6203 5506
2709 2414
995 4808
3727 9558
4680 1966
2054 8611
1315 9937
1026 4769
4559 3760
7246 5567
6232 8802
3246 4943
332 9703
6515 3157
4969 8695
240 7094
704 1267
3672 7176
1636 3339
4946 8540
7357 1054
1094 9070
6531 4112
2246 9919
9305 908
3081 6560
5438 1805
763 4803
7023 1541
659 8252
1972 6277
2801 3206
3347 4059
8528 3432
7910 2676
5284 6699
7984 3469
1369 7791
389 2196
3714 7072
2421 7108
5466 9753
4379 2035
3234 2700
121 2776
81 722
5818 8636
604 4813
3463 8600
7201 9226
7353 289
6326 9609
6682 6829
128 7673
8581 8333
6081 8096
6449 8749
3554 6303
4835 3663
357 8640
3666 899
6703 6421
3639 3315
6683 2307
7380 96
7474 5044
7095 1341
7536 9277
4879 2379
8107 5117
6451 7540
1889 5204
1048 9761
8426 5729
6007 6353
3637 8045
3061 2762
3524 7354
5646 4846
4648 7807
7615 9863
9188 9541
1928 3145
6228 7934
9881 7372
3944 9363
9752 5785
6391 538
2468 8144
4935 6745
6094 1841
2514 7950
9061 368
1697 9794
1157 3456
3478 5474
2764 641
1029 4441
3930 5591
2281 6431
9374 5453
1998 2980
2284 6296
6477 7138
7903 3061
167 3800
5013 7466
1982 8635
2954 5773
973 5040
6258 9852
4582 9739
3943 6623
9088 481
2668 6032
5676 9490
2408 3383
2546 6907
2591 8097
9200 3983
7809 6484
1120 3664
6352 3186
6827 8947
1284 3926
3201 6510
9252 6403
1784 1373
2752 8702
9899 7422
1948 8520
3228 9722
7705 856
8130 5845
5501 7077
6658 6841
210 1172
1555 4889
2755 8079
882 8958
2491 9253
2665 6429
6311 9709
4234 7534
9539 1097
7616 2881
207 3501
6297 4201
4052 3628
9446 66
9710 7121
378 8955
3520 6002
6267 8785
4003 9051
6195 5472
4760 4492
8967 9861
4366 5146
7292 220
2635 7662
1983 6784
9973 5360
1302 8540
7418 5662
2373 5676
8998 4667
1810 7888
9348 1249
4207 4184
8639 8496
9664 2686
2785 3773
9698 5238
4702 7837
3344 9134
5539 6124
8168 5264
4923 4057
1526 3172
4533 4743
6544 2797
3534 1074
6063 7977
4074 970
6564 225
1348 2387
3659 531
7945 2335
3640 7542
2383 4766
5200 2710
920 5058
7785 7592
1703 8589
7171 1931
1301 9469
9073 1732
9853 4458
2140 7202
7793 8436
7746 9830
1630 609
5325 9996
2389 168
1533 1256
8690 6049
8483 1839
8949 2211
7277 5649
5833 7699
4093 8718
3193 4380
2818 6863
7266 5394
2699 6636
8934 578
7626 4618
7878 6286
4431 2824
3529 2947
2939 5432
2235 3052
4033 2981
9702 9286
5585 9947
1215 2951
6594 5998
6431 4385
9358 5778
8522 8216
4805 1708
2461 7577
841 1318
2789 4710
236 5505
619 8303
7871 9101
5933 1085
3326 8334
4433 2632
8097 9629
5732 6967
9300 6441
7609 4824
9355 9068
1637 1043
9396 2550
1126 4415
3150 2857
3048 1249
1566 7209
1787 8742
4699 1171
7693 9860
1632 7407
3402 4322
431 9552
2513 5140
1064 6652
1943 8203
5928 8101
4430 7432
5464 4455
3684 5250
1204 5022
5614 898
1513 7853
880 8319
6465 3367
1186 2200
9637 6977
4222 6176
6569 9713
8734 5670
3516 7982
2982 4528
4646 8407
3458 1273
9654 8944
1925 3232
4808 7048
1294 2653
2791 7727
6532 681
2154 3193
7302 1456
6422 7814
9544 4335
6196 2511
8930 722
75 442
9402 2189
9479 4312
9338 9213
4683 2425
4094 1284
1550 7417
9480 816
9403 5094
1603 152
3782 396
2765 2095
6333 6843
2470 5313
4380 9947
6893 2113
2650 9877
8175 5674
602 4174
8489 5255
2179 3104
4468 4621
3318 5537
7592 4985
7052 6763
777 3447
4598 642
4815 9536
2611 7639
4254 9288
6575 8162
2605 9357
6644 9456
4313 3042
7776 1866
5531 2667
1624 2262
5959 6170
1113 180
3728 5325
3562 9065
2653 1
8817 2827
2518 3273
945 1297
13 6202
8770 4479
5458 9124
9516 4287
3208 2403
463 3857
7667 9309
1992 3846
8353 2789
9977 1610
8000 6345
2356 5193
435 2661
9010 4198
7428 917
2819 3847
4812 1216
4805 2487
7081 3158
2503 6733
5409 8534
1126 3651
9162 8201
2291 833
8922 7327
7600 3178
5112 3900
8415 3863
7225 8870
7 1094
2892 7993
458 8557
3840 9114
2529 9282
1208 8595
1683 3637
4738 1614
7605 5538
7236 717
9217 8762
814 6335
1605 1051
9759 349
1891 1029
2323 7840
3476 1091
9012 7273
5063 8653
7946 1655
8480 5813
8838 7006
4183 8300
7538 6124
9953 7428
4737 4483
3984 1167
6812 4787
9316 5263
2946 9374
91 6850
3678 4707
1252 2451
9170 1116
2120 8298
3548 9708
6670 8565
2182 5791
8651 3747
6158 2790
5088 3250
1470 8779
2359 7437
4093 7983
1841 5761
8297 1983
7121 1166
7711 6529
6660 3962
9382 216
4710 9908
3297 2497
5274 5086
1314 3478
4899 3931
2167 5000
3821 3088
566 9693
3528 5668
3617 3028
1598 1666
8329 6412
2291 5185
3768 4215
5312 6269
3728 3600
1554 5136
3404 693
1158 5968
1425 5755
6494 115
6600 1635
1924 8445
8521 6099
1435 628
2447 4214
6295 3724
6009 7926
9787 8549
5572 6896
1606 2428
6406 4630
7765 8157
7541 4741
1000 9473
4256 1303
9910 946
5637 5061
7028 5739
4872 3886
5849 5622
8976 3590
9324 6087
914 5729
3680 3468
6651 5458
3692 1374
3668 8214
584 6474
2657 8451
9069 3557
6985 7056
1104 7928
8331 6911
7287 9342
6998 870
5380 6255
9301 1933
7866 7145
1972 1829
850 9588
3945 5617
3951 3997
3694 7680
5770 7194
9852 2732
3330 9374
8573 3023
7066 2241
6067 1461
429 4375
9125 608
7254 2418
8588 5223
1460 6361
415 6678
4600 5063
4040 8547
5810 8033
9929 4511
7695 7826
1317 8614
243 8742
4361 7054
3378 5084
5213 9267
3531 6152
803 6608
1011 207
1930 6641
778 9662
456 7551
1191 2236
3914 8169
1987 4268
3235 4298
8590 7366
4680 1383
1080 8196
8488 8759
3176 4637
5978 4124
9717 9161
2674 3353
1142 9354
8263 9696
3840 6998
1539 597
3935 7812
4806 3184
6782 3446
7467 3414
9647 4074
3111 5261
8453 6197
968 6713
5528 4049
5779 4568
426 8602
5570 5023
1854 5825
2179 7441
5808 17
8658 7682
8965 7542
4774 3347
8422 6737
7622 8278
7101 30
7622 7072
2960 5835
9490 1947
9513 7625
8672 8202
752 8773
5878 956
1513 1549
2870 7291
7901 6777
2474 3884
7734 5426
5793 8479
692 3120
4827 725
2786 4930
2508 1644
4364 54
9401 3168
5984 2505
2392 9416
8798 3543
4308 648
9811 9955
5817 9917
1575 8470
508 7940
6167 7639
9569 2393
6453 1133
1283 9732
6129 5630
3870 3373
365 6909
6087 5072
5528 7485
4107 8289
3879 6385
550 8909
7477 2136
9217 7565
7808 2528
3404 4030
7478 2226
6301 2054
1043 9413
9680 9208
8994 5115
2219 2382
4755 5731
6579 2407
7879 952
8714 5765
417 6365
7091 8712
9511 4325
4423 7842
8932 4200
9608 4668
4697 6300
5594 2286
4454 4965
4027 422
6067 9563
7389 1298
3182 2053
687 3399
4356 5096
8712 4888
5419 4589
988 7160
8476 4082
649 5246
5582 2379
3361 822
7746 3691
1409 4676
9849 5253
8887 5096
6537 76
888 5710
9256 4624
3585 8155
4330 2671
8964 7856
5442 8224
338 4458
1340 5608
6603 3425
2985 4681
2063 1046
8173 5255
7045 1850
9186 3374
6390 4104
1094 2129
6318 1431
3583 9026
8151 6314
1916 2721
2555 2021
3169 4559
7945 917
6344 2611
4794 5570
4139 6962
8070 4134
4622 2097
9022 402
9655 5026
1378 5257
6204 8999
3132 9632
7212 4093
7995 1697
2823 6743
5569 970
6558 9002
4408 4466
7423 2051
3762 229
7767 3925
8671 8720
7105 9527
2909 6418
1933 9911
6725 9290
7092 5910
6764 2280
5711 3852
2301 7690
9641 4640
7556 6486
2126 5979
7345 9627
4865 2316
7465 6748
9065 5783
426 76
3963 9547
8071 2773
3780 558
1121 4802
5395 4326
2376 5671
4045 2170
8220 9070
1710 4722
5970 6581
339 4964
9765 5106
8018 8690
8300 7164
6036 864
28 4587
6413 768
7235 8015
1991 1494
6623 5840
1352 4974
3769 1086
595 6323
1906 1881
9061 6706
5238 3203
3106 1085
6604 6364
3264 174
8928 4998
689 3067
4519 9473
1518 1279
4430 3623
7869 5309
4807 9029
3749 9867
9226 888
9311 1021
5889 5917
9664 2786
6457 2487
8382 2833
4470 6429
5935 4169
1764 8118
5665 5304
6650 3063
6934 7933
3478 1152
5664 4522
1074 7457
6085 3546
9153 2202
6118 386
5592 8139
4967 7500
735 9865
1630 3614
601 4558
7469 6374
2544 7777
3096 5849
7609 7385
459 8717
9901 5372
8913 5830
4226 8080
4668 7039
9656 1490
2677 6273
8026 3404
5295 3301
9754 869
2085 5966
2334 4956
5627 5487
8901 2551
9498 7055
6437 4187
8670 1799
2000
10 4
71 77
87 72
46 14
32 59
89 71
88 45
91 3
12 75
17 29
21 7
14 90
80 96
99 4
47 70
41 21
94 59
46 82
74 72
33 4
82 98
75 22
66 97
36 2
80 52
6 41
44 83
18 73
57 28
15 83
68 47
93 62
48 38
64 89
54 36
17 28
25 40
7 51
12 20
25 31
81 2
53 67
16 7
100 30
1 62
35 93
15 25
99 77
49 97
59 15
99 40
11 34
49 80
79 42
20 92
82 23
86 57
22 9
77 1
59 77
89 67
80 10
15 29
47 30
79 45
9 79
55 20
41 74
98 2
52 56
96 91
86 37
90 50
75 47
50 37
97 21
22 67
19 26
3 48
69 25
46 17
86 57
97 10
98 67
26 82
70 84
25 14
14 22
82 61
7 45
57 9
45 40
11 31
100 17
1 63
95 30
66 89
20 85
89 12
1 34
58 23
38 50
93 23
12 69
43 87
78 11
91 46
29 32
77 88
96 93
58 91
88 1
76 67
86 65
93 99
61 24
82 1
36 66
35 69
95 73
86 8
70 92
58 60
16 2
46 21
53 18
37 92
84 39
65 88
44 98
75 78
93 39
38 3
24 9
52 75
24 14
2 37
98 88
22 3
34 4
78 9
95 97
43 82
26 7
20 71
84 39
41 89
66 2
34 85
35 16
99 30
7 20
28 32
3 1
40 47
59 40
59 66
75 19
69 53
46 43
49 84
75 40
24 3
18 8
85 64
65 71
7 64
47 20
98 86
8 30
72 95
9 24
32 26
22 2
95 3
60 37
81 36
14 96
11 50
54 9
5 68
5 69
11 51
51 65
84 7
7 51
21 76
95 79
67 62
47 38
85 4
71 7
74 74
2 31
53 31
8 64
68 46
1 59
7 80
36 49
80 76
70 81
24 50
100 75
35 63
91 77
13 51
38 41
8 79
73 4
21 74
17 7
68 97
93 16
97 22
64 21
70 23
92 72
90 66
73 87
19 51
1 70
3 93
32 58
56 87
43 23
84 89
37 66
16 48
17 63
52 70
25 45
74 53
68 93
90 81
75 47
20 83
85 78
100 10
87 40
40 81
41 77
55 13
11 99
64 72
74 59
75 2
80 88
77 8
57 89
19 27
19 28
26 76
35 91
75 50
5 78
91 24
95 94
1 55
61 71
20 95
59 16
54 69
99 79
5 44
66 31
88 90
29 37
21 39
1 22
62 37
76 5
26 85
3 15
61 6
57 8
27 47
13 71
17 43
88 6
88 82
77 49
88 42
79 83
14 44
14 77
88 1
13 26
4 36
5 19
71 63
14 89
22 37
99 4
48 30
91 79
18 52
57 97
28 13
61 29
97 21
36 92
40 100
90 23
32 16
20 44
62 13
62 96
81 82
22 6
40 10
36 3
9 73
27 81
95 64
31 56
54 49
78 87
88 17
63 76
53 68
30 62
47 66
80 76
22 10
32 64
62 45
94 67
20 55
53 65
81 81
18 13
47 19
39 8
37 43
55 51
32 47
97 11
39 55
21 61
52 83
25 50
29 96
61 90
79 15
67 56
51 52
2 94
27 40
1 98
94 55
72 80
29 63
50 87
18 90
8 62
99 75
37 56
11 98
36 15
60 49
56 50
98 33
65 100
18 30
49 59
10 19
75 85
95 27
90 79
34 47
96 52
15 42
50 39
29 83
56 48
84 78
98 40
52 92
32 35
60 36
50 38
90 27
66 44
23 7
52 17
91 50
85 92
39 75
69 53
55 36
71 13
84 75
32 42
31 75
87 13
31 88
90 53
27 96
34 78
69 66
31 17
68 55
19 85
54 37
94 35
82 47
99 1
30 88
57 81
42 95
75 98
90 38
15 10
50 45
84 17
35 65
42 2
19 80
90 34
80 85
6 92
89 40
13 23
79 12
27 52
9 52
77 14
27 78
90 12
30 45
26 17
13 49
26 100
61 53
30 23
48 78
65 87
13 98
33 33
31 27
12 11
42 9
90 68
41 70
5 44
53 70
80 89
62 60
85 8
94 59
5 2
94 79
23 77
86 22
8 61
36 36
2 17
30 4
91 64
74 100
5 100
28 75
20 45
18 44
96 24
19 31
56 70
29 100
84 5
25 39
30 8
73 19
26 26
8 61
63 97
25 31
71 60
5 30
85 19
67 41
83 44
23 72
20 98
56 83
43 63
3 27
73 34
81 9
60 97
38 6
25 38
52 53
45 92
29 51
28 95
55 10
36 92
77 75
46 86
78 96
50 47
42 29
7 2
83 43
18 99
57 62
76 43
37 26
15 40
31 63
85 15
65 49
70 35
89 69
37 46
93 91
58 32
3 66
72 38
40 66
90 28
94 39
79 63
47 78
60 65
21 91
54 22
75 45
48 10
6 24
80 39
71 5
62 55
88 77
86 88
36 37
34 84
58 68
80 68
19 88
32 52
54 57
57 5
87 19
61 90
1 91
66 56
43 87
62 47
29 69
49 31
4 44
79 49
51 46
8 69
82 8
61 62
47 90
15 46
53 6
27 64
4 95
27 55
87 34
90 29
79 92
78 69
9 93
55 54
22 69
25 93
82 28
19 54
94 61
76 2
26 90
15 4
22 69
95 88
2 18
94 28
78 28
46 46
44 24
15 3
10 31
81 28
10 29
43 34
7 68
41 26
46 20
74 90
30 42
4 98
28 10
90 48
12 80
81 34
21 74
45 92
42 13
68 20
35 1
22 17
90 60
49 17
10 36
85 15
53 60
75 23
88 43
26 18
37 65
7 45
60 18
74 31
54 16
38 99
8 87
69 50
60 16
36 46
35 99
71 95
83 50
37 10
85 67
15 3
61 39
91 67
59 28
22 18
50 59
8 80
39 14
83 68
95 73
98 98
57 98
25 38
72 6
81 12
88 36
40 49
8 68
41 11
72 58
93 34
21 77
10 84
16 39
4 6
56 76
14 95
72 98
17 38
17 33
55 46
89 2
3 59
47 11
76 15
50 60
42 7
98 38
79 39
73 1
42 56
76 97
21 17
30 15
15 14
86 3
25 39
82 95
25 100
85 76
61 4
84 57
64 78
72 2
6 80
82 30
38 16
76 8
49 67
68 77
42 93
12 97
53 64
47 8
58 97
17 39
27 56
42 66
58 86
83 43
68 47
14 41
4 97
24 23
17 25
30 72
63 16
97 36
69 78
75 86
66 45
37 4
9 14
84 62
65 17
79 63
86 31
21 90
2 88
90 1
86 53
9 40
16 14
57 76
65 26
79 23
54 64
7 12
21 20
87 99
100 99
20 76
41 46
68 100
51 59
77 25
64 73
70 42
78 57
28 6
16 89
24 97
18 36
46 26
59 75
85 61
94 52
9 84
50 57
43 36
95 1
31 22
70 76
80 88
58 52
48 25
89 80
1 74
53 100
62 52
31 25
32 34
97 88
50 96
21 78
84 65
28 74
54 98
25 92
75 40
40 55
4 26
85 62
74 7
24 98
57 81
89 31
58 89
23 68
19 31
76 56
32 88
93 87
80 87
5 5
66 46
58 91
68 61
26 26
91 47
77 37
6 70
84 2
16 71
26 90
7 78
88 51
40 69
29 33
2 14
20 10
21 23
13 9
85 7
63 83
64 80
61 59
55 8
79 42
62 54
62 50
10 13
4 85
37 23
98 88
48 89
77 71
9 9
69 5
76 36
37 36
29 24
54 97
96 84
60 76
85 93
98 54
63 88
79 39
83 4
43 27
29 81
20 27
54 30
58 67
40 99
18 59
72 80
23 1
51 7
14 70
77 36
59 28
31 2
17 35
2 49
69 26
92 98
36 76
54 51
81 73
65 63
79 66
81 62
4 68
90 84
49 18
12 63
35 88
79 6
68 79
64 64
92 83
99 69
42 42
59 28
9 77
11 80
58 91
64 66
79 25
83 2
100 47
45 82
30 45
81 10
33 99
43 6
90 3
68 36
59 56
12 98
84 51
32 93
69 82
90 28
51 1
20 13
32 18
15 84
77 62
73 83
10 75
95 21
94 79
69 73
9 84
15 85
53 46
64 29
55 2
97 7
35 92
23 76
25 42
92 11
61 28
97 24
51 75
13 100
5 71
25 44
58 94
56 10
97 65
52 79
98 6
89 62
21 19
65 77
69 42
23 66
20 71
70 69
38 2
48 72
67 79
5 86
58 92
70 60
56 92
52 23
93 19
97 18
75 96
44 90
39 40
87 54
4 24
30 68
79 64
67 21
78 97
11 72
55 24
8 1
47 37
4 30
22 47
3 82
74 23
47 90
65 91
29 94
19 31
78 27
69 34
28 14
76 98
75 89
26 69
35 8
57 3
42 21
69 64
53 86
24 74
50 4
60 53
95 43
19 11
83 63
88 83
58 55
42 50
74 57
69 96
87 83
24 18
3 75
27 96
73 90
22 49
16 42
24 60
38 56
28 7
23 80
8 43
59 43
25 20
94 60
73 13
73 6
87 19
64 53
27 58
8 88
2 6
44 8
79 79
38 80
28 35
80 14
72 78
12 14
19 93
72 93
47 32
71 70
66 87
15 54
44 78
100 47
85 94
20 19
18 60
27 27
98 84
33 71
83 47
85 59
26 82
3 16
85 48
100 6
79 69
66 45
44 46
76 66
79 12
8 31
63 88
47 34
21 23
23 95
95 54
66 57
28 39
40 27
78 12
4 54
46 18
25 91
80 47
23 20
83 45
51 38
19 4
95 20
72 7
32 59
46 39
8 72
1 42
33 4
80 23
86 52
50 12
71 92
66 39
87 56
100 48
78 96
22 29
49 93
64 67
54 74
43 7
62 21
86 39
46 4
2 84
14 87
47 23
62 22
90 39
87 16
48 97
50 2
6 26
1 38
26 69
72 68
14 62
32 79
17 38
84 54
15 51
78 75
90 57
67 32
39 82
90 21
24 96
24 62
68 79
33 43
29 25
11 56
51 55
77 3
75 3
87 16
59 8
16 11
98 100
21 19
69 29
64 77
35 26
100 17
72 34
55 31
45 63
67 8
80 23
13 46
2 27
12 81
86 18
86 93
46 34
59 58
77 48
3 12
32 48
31 9
64 29
98 30
27 52
99 29
26 57
31 83
29 46
64 70
66 66
37 69
80 12
54 98
79 92
98 49
59 70
48 34
81 51
54 76
32 77
40 9
68 53
82 49
72 58
91 69
18 13
43 88
55 32
86 76
79 80
31 43
34 81
64 98
90 34
86 32
31 40
79 60
59 8
89 36
40 88
55 13
89 30
44 45
13 5
57 11
73 18
10 41
78 71
72 46
44 87
100 63
17 21
64 72
55 88
73 10
21 12
84 61
2 71
75 36
72 87
63 77
100 57
75 64
79 71
22 61
76 21
100 64
24 25
34 32
76 96
9 77
83 34
14 50
7 51
34 39
31 19
82 100
47 63
55 96
58 31
88 24
100 88
68 55
97 33
92 15
21 51
18 8
52 67
18 15
83 52
52 82
8 82
35 49
47 56
2 81
66 31
94 47
54 85
65 35
89 53
71 66
82 3
59 24
77 96
48 98
31 47
53 39
17 21
26 89
8 90
25 38
41 72
89 15
36 95
75 91
59 37
93 18
15 42
72 12
99 3
34 61
18 30
66 34
40 87
46 63
40 86
81 59
77 87
46 81
44 55
40 5
84 60
65 93
55 4
87 74
52 56
31 21
31 40
66 68
6 75
36 40
69 85
57 26
17 6
96 22
52 22
85 100
5 70
80 54
39 28
28 73
3 7
13 22
1 99
88 35
21 67
81 70
4 69
86 52
9 12
13 3
23 24
41 49
2 73
15 99
61 35
72 86
48 40
90 47
64 46
74 47
98 24
44 62
97 36
96 86
85 44
15 91
5 91
16 57
70 51
17 31
29 24
12 40
82 59
38 84
35 89
24 8
67 93
80 97
56 78
20 98
9 43
60 88
22 37
29 92
75 63
44 92
35 37
94 33
53 1
6 60
60 27
66 47
92 11
92 41
4 70
76 77
30 78
26 74
55 87
95 55
53 66
87 65
19 7
99 26
13 34
17 33
51 31
45 72
77 38
16 79
49 72
32 96
76 57
90 3
86 89
65 96
83 54
77 51
6 92
63 52
86 30
8 59
40 29
16 94
18 33
16 46
97 91
67 69
16 49
78 81
46 34
1 73
26 5
26 68
79 58
4 37
67 39
53 22
55 98
22 53
58 53
45 73
37 89
45 96
38 73
42 57
19 56
3 41
11 57
99 77
4 37
48 82
87 11
95 71
13 76
61 83
33 8
16 18
61 94
14 42
77 24
75 4
77 10
86 38
83 71
21 81
16 7
79 33
90 81
3 100
80 13
71 46
23 63
63 57
6 9
83 41
27 68
60 81
28 52
6 50
66 42
14 82
93 88
24 74
93 80
9 42
9 24
63 7
97 58
3 80
32 82
85 69
56 48
40 39
100 67
18 80
24 14
45 4
27 52
42 72
83 71
47 82
31 9
89 58
81 39
6 62
74 28
35 7
12 30
71 12
90 85
96 12
89 61
19 39
1 55
5 97
5 56
86 88
88 68
9 1
55 69
76 47
58 19
81 33
25 8
83 97
53 94
78 21
73 7
41 65
6 90
100 84
61 7
86 28
40 19
37 13
81 79
90 27
93 80
92 72
27 62
97 55
33 56
60 68
95 72
17 69
55 100
90 32
33 31
72 57
83 56
11 60
10 94
54 24
16 60
95 45
70 31
57 90
26 58
68 23
85 37
67 67
35 94
28 24
93 78
62 9
53 50
99 94
37 7
37 53
59 34
48 71
66 49
38 67
58 15
85 49
99 65
52 69
66 45
23 79
100 58
87 54
34 83
49 97
75 59
39 51
99 55
5 64
95 90
89 82
11 19
33 32
2 14
41 91
10 72
33 23
57 25
35 34
76 52
10 8
10 11
49 16
91 92
82 68
82 70
32 62
86 88
99 2
99 50
1 46
10 70
26 54
95 64
89 13
63 53
89 69
90 71
26 99
2 97
76 41
70 32
28 49
57 68
42 8
70 1
25 85
94 90
41 61
59 10
72 10
25 17
35 47
25 84
52 44
43 44
98 60
94 37
70 40
20 88
59 92
2 29
8 87
13 57
31 7
69 82
32 79
40 93
17 61
87 96
26 43
13 70
65 14
82 71
70 15
62 96
34 45
56 99
94 30
4 75
32 5
100 95
59 17
7 72
29 26
32 12
3 30
69 93
72 15
23 15
67 94
79 3
95 63
73 55
70 28
63 54
14 62
36 54
78 57
4 81
65 61
80 61
41 89
64 58
6 60
86 18
35 95
8 73
14 93
10 83
87 26
9 43
31 79
41 50
18 59
22 12
88 74
55 96
85 55
61 13
67 85
92 77
31 49
8 22
36 84
83 10
57 81
56 8
70 17
55 93
12 81
3 21
87 15
44 9
21 28
29 45
22 97
59 23
94 100
22 80
27 75
55 15
51 95
50 11
41 23
96 81
25 72
24 62
63 11
34 24
5 67
45 78
29 13
9 15
16 19
21 83
24 92
68 26
16 62
59 40
42 89
33 16
96 64
69 86
26 85
75 50
65 14
2 48
99 98
9 83
65 18
69 27
82 44
87 78
29 18
57 88
43 73
42 69
30 73
24 8
62 34
46 62
83 30
69 24
45 11
85 19
20 17
79 15
75 65
41 35
97 50
46 91
96 79
26 89
18 92
76 57
12 14
41 6
71 100
50 6
83 79
52 22
67 40
39 38
7 92
47 65
87 61
21 27
78 74
70 2
63 7
28 64
22 74
22 31
46 4
81 27
55 9
66 80
90 6
88 100
79 59
8 72
79 65
48 87
21 95
48 5
28 56
78 72
55 4
80 52
88 63
46 64
25 23
34 86
15 88
49 66
46 55
68 48
57 16
76 80
47 27
98 79
43 84
92 20
72 2
31 79
66 66
62 11
92 37
19 87
40 22
27 39
66 28
39 7
13 53
92 5
29 93
80 91
10 98
68 2
30 36
70 30
77 78
39 24
54 30
95 95
2 15
42 50
9 74
72 25
18 12
8 10
19 98
8 32
70 98
55 72
63 58
65 27
42 37
61 23
27 50
35 8
49 1
79 91
89 78
90 23
57 99
6 19
78 29
6 57
40 83
73 78
74 50
1 44
56 79
51 44
70 57
3 16
55 58
45 37
65 95
47 83
56 91
91 83
42 51
34 78
25 44
88 35
40 67
23 74
70 28
96 99
90 39
22 3
91 14
36 75
4 36
68 47
20 95
55 74
35 63
61 3
82 83
83 42
77 98
71 22
69 8
86 6
69 85
95 48
13 11
26 37
16 14
35 19
26 47
100 96
19 40
19 99
15 6
78 52
9 94
88 39
59 79
16 7
6 16
24 30
57 81
20 65
93 67
57 46
30 37
17 8
65 59
7 94
72 48
31 97
81 3
33 64
60 44
43 18
99 41
84 12
11 90
81 84
3 24
42 21
53 38
19 98
90 2
15 28
40 87
29 54
91 12
99 85
20 56
94 10
69 14
29 28
6 37
51 22
57 35
93 59
40 8
34 69
46 74
62 12
72 2
9 13
49 99
100 34
95 18
99 29
82 73
21 20
90 6
25 62
7 84
6 49
5 72
5 50
61 6
45 70
69 57
66 87
67 29
2 97
66 46
65 41
7 36
96 79
22 85
89 80
54 95
17 87
1 9
49 25
34 45
2 97
11 7
45 20
71 19
69 57
42 52
100 43
55 77
18 9
60 32
99 88
55 30
81 82
27 59
32 18
97 27
69 100
87 84
54 47
59 97
11 9
44 58
76 92
9 92
99 61
82 72
73 14
77 45
99 53
13 54
28 22
10 4
4 67
43 6
55 76
70 35
30 66
1 72
43 71
33 5
12 27
7 92
3 5
22 10
30 45
31 40
92 68
85 30
87 89
30 31
7 88
61 7
42 22
6 36
57 2
74 52
29 25
51 22
78 60
52 13
20 52
34 52
46 25
6 37
67 98
85 53
14 88
