1000
8895 8446
3998 4434
2151 3248
1034 9477
7430 3164
2150 6846
5955 8393
9814 6099
9781 2378
1509 8493
3755 7355
2959 391
1654 9787
7946 4106
8913 9557
8684 4150
5403 1231
3911 7571
8138 5807
3463 1986
3174 2337
4637 1205
2744 3448
7702 4162
1759 2889
4516 9527
3377 1071
4670 105
3338 5364
6559 6002
5814 1903
9769 2018
1792 5546
3197 626
572 5830
526 6526
9154 5923
7930 2225
5212 3084
760 9073
558 926
633 5731
881 3945
1091 3374
5383 3926
2833 5124
4064 4804
854 9418
5645 1285
3073 578
6481 8893
2890 4299
3868 8802
6797 568
5555 463
417 4051
6750 3604
4394 779
3375 5848
4683 6646
6436 4823
4901 4647
2858 8693
389 1025
4179 9439
7077 2221
4651 1602
2622 2959
5087 1735
3615 3104
6450 5965
4540 8849
5207 3606
2073 1028
8149 5837
5823 7549
4626 1022
9222 8920
7522 2537
6090 9895
594 7143
3980 3712
164 1016
1229 1508
5872 542
4675 2037
5874 8981
2855 341
7707 3284
455 6710
4291 2342
6876 7984
8393 1424
3785 5894
8445 4191
6934 7977
4797 279
9243 811
6607 2864
8462 3447
2594 4707
4822 2904
916 5910
4605 6173
6723 7497
8595 2456
4821 3026
9065 930
8263 3295
3533 1516
1812 9152
820 7182
6142 7285
4387 7246
5 7452
8722 6877
6110 6175
3810 8355
5056 1310
97 2346
5940 4359
3096 1584
9112 650
2566 6070
6160 6864
1430 7599
4676 2502
9532 1390
1214 8625
778 564
9734 6113
6782 5452
6328 6835
7536 1449
2813 4836
8093 5476
2490 6196
5462 3282
1108 9476
8552 2653
8448 4824
1520 5989
2675 6124
6914 6347
3758 4984
2253 5358
4834 6225
5906 7669
6279 6910
3011 9075
6617 5637
6108 7634
4390 7226
9241 6844
8090 2278
6200 5644
6112 8214
7952 6824
3013 1636
4481 4944
9021 6410
3705 2095
6512 4405
1949 42
5769 6959
5644 4440
9115 6100
7295 7624
5283 3380
6106 2264
9392 3768
8135 9890
3050 3744
3502 4416
1766 4354
220 5939
8330 1643
4448 962
5436 6941
8712 7028
165 3289
3364 2727
8810 2480
7333 5542
1294 8985
7375 5264
4815 2025
4761 5737
3250 2974
2182 7033
9637 5724
6265 7868
5843 2312
3590 1703
5546 4073
5794 2409
136 8155
7675 490
9277 1486
8050 5862
856 464
3335 9026
281 7982
3590 4257
7047 5363
3863 392
6122 6
7386 4038
9275 3058
7162 3806
6094 9876
1365 3783
5250 6383
6335 3753
2161 7530
8721 2364
8045 2787
1677 656
2307 5085
3127 8953
8074 8604
7195 9149
3699 9370
9493 1111
3611 7720
5954 9203
5614 6160
3472 9994
9086 6738
5714 7974
7386 4582
4406 6608
4797 8664
9072 3144
6158 5169
3257 8042
5536 1872
3093 2998
872 4627
9191 1410
7246 930
2141 8365
5721 4189
7965 6945
9002 5018
5194 5792
2943 6275
301 1168
1115 2846
6442 5996
6606 3667
7631 2582
5466 7976
4986 4035
9487 7269
1824 125
9030 6385
565 3389
9341 4622
2151 7534
1045 6749
7033 4320
7636 1634
2495 2664
1543 2468
4920 4733
5740 7180
9514 1519
5181 722
2698 9425
8551 8509
7646 5150
2851 7126
489 2994
618 784
264 4975
4562 4983
6525 3767
5131 9535
8508 4425
1810 7202
9609 1037
5051 8861
8419 1837
2891 2559
6782 4538
5993 9113
2332 145
7866 213
4719 8126
5149 9033
1802 1197
8569 2515
2723 3479
556 4103
5910 1798
518 3293
420 5890
8329 6254
4767 4650
7339 6384
6073 5111
1372 3370
7663 748
7450 9293
2718 6896
3654 1359
3012 8264
2711 6379
1114 9686
5838 6788
2262 8584
43 5667
4130 5770
6204 2287
3466 638
2825 7961
5214 4580
8036 5746
3772 6082
5349 3845
2550 6990
8789 1272
766 1146
5501 9675
7487 6542
2486 289
4518 2230
7962 3077
6257 6696
1148 1219
8611 1420
500 3108
3145 4629
9853 4047
793 6614
1175 5674
1410 7219
5819 1429
3970 5576
4664 2938
7325 5548
2154 7021
9504 6101
2252 8131
2097 2486
543 3167
4056 6819
4346 7503
3607 8683
8780 2148
31 8019
6819 8954
622 3344
1479 729
7741 898
2715 3261
3460 2578
7819 7766
1848 808
1446 329
1311 2794
9487 3638
3184 5226
705 4866
9734 1144
6341 2255
5080 6789
2452 5019
8661 1717
1535 5920
772 1971
7643 9439
8578 8473
1576 5333
1457 1644
2377 2967
5032 1263
9180 1570
2471 9235
5613 8647
5428 1803
7679 4672
878 8907
9029 7061
4990 8149
421 7584
5780 4032
2779 1860
1581 7301
488 2565
2954 8106
7683 1467
9225 2601
5271 2464
3929 25
9191 9696
1271 8666
2669 3922
3229 2560
1710 9570
1485 2101
2216 2471
9820 3030
9925 5953
8766 8842
4518 4781
9712 5002
5530 7241
2554 4471
3032 3276
8363 1483
32 4448
5526 5646
5573 990
465 7486
2202 7503
608 1827
8294 380
3755 857
2737 6281
9096 9313
5603 9918
500 5216
4838 7540
4017 2609
5508 2998
554 5565
9076 8034
7521 6793
5016 231
2511 6594
2350 3658
52 4959
3077 8101
5181 272
5212 1888
8453 2379
9408 4122
9036 5890
5991 6759
1361 8367
3464 2629
6786 2511
7387 3566
7669 445
1162 4187
4364 7285
8846 296
5299 5673
9920 4322
6722 822
3991 2416
1443 4835
5751 6172
117 3324
6277 3789
914 1152
9920 1264
5577 6997
7269 8415
9303 3987
9756 2532
7016 9626
4109 7862
7480 4447
7962 9624
6685 8251
8434 5778
742 5078
6825 7589
8366 5664
1679 1353
9666 2344
5213 214
8160 4740
6386 6209
8806 3736
8218 9482
498 1625
2051 6460
3535 7479
8559 6269
2434 8909
14 6384
1060 9381
6109 2731
8554 1954
5634 975
7310 9470
5801 1131
432 2997
2375 3892
5820 66
3780 1327
2250 6008
9291 885
1543 9790
2887 8747
8015 9437
1567 8463
7954 1929
3731 3489
7993 7147
4211 5953
8519 1821
6324 8962
4407 6667
3538 9138
5483 3680
5218 1426
7001 4707
2545 1868
4750 1260
2517 7788
220 4931
7313 8260
3497 4669
5510 5271
6096 5926
1280 2595
2948 7745
870 2693
6422 1656
8209 6879
9234 7093
2804 5975
4345 9869
9639 9747
324 5875
4402 8206
7303 5470
8813 3179
676 8706
618 4630
9098 7660
9023 4302
1438 1905
6177 7755
2586 1203
4712 9356
714 4557
6608 2007
4596 7499
6381 8684
2417 981
5715 3957
6518 1261
8476 2611
9263 5559
3953 5141
1531 4817
4282 1338
7370 4854
3031 5847
5492 2474
7903 3131
9283 24
3126 6603
3333 4756
6692 6900
716 6252
7448 8238
6100 2217
3053 1309
833 5343
2589 3979
2843 8385
8405 2187
9641 8560
2802 6336
9678 9338
8803 720
9772 9794
8449 5070
6006 9288
5885 3810
5922 6344
2625 5502
9073 5944
116 5671
4984 4462
2213 2945
6541 8908
8720 2265
7921 176
3461 6239
4428 883
3472 3307
2113 9186
1359 4624
3593 7072
8479 3063
5728 2213
5545 692
327 5060
3682 6536
4202 9172
688 2970
4151 5163
8231 6103
2737 7193
1756 1155
8791 9317
4043 2784
2541 5102
4822 8319
4384 549
6457 5676
8201 2967
3972 6550
8040 470
232 5237
1895 2583
5724 1546
2664 446
2491 4045
3219 2126
362 8513
5630 7722
7914 3243
9846 7201
2231 5739
7920 7812
8448 2485
2807 5000
5912 7337
639 4886
1816 7302
3627 4764
2767 6459
6986 2865
4188 9065
5975 8689
3476 2513
5784 2520
4610 3873
9371 1002
3815 330
2669 6108
3494 9404
8208 7580
3782 646
4018 7112
7619 3425
9206 693
629 8481
2296 4678
295 680
328 7165
4371 4398
1505 5239
4596 3213
4255 108
8467 6403
6429 392
8530 7833
5166 1673
4037 4316
6033 1414
626 6807
582 714
8012 6939
3971 5223
5577 5679
4710 1674
627 9588
8281 9030
9843 6927
3954 2852
3584 8338
1748 5085
632 9657
840 2103
4129 2268
735 569
5592 2315
764 438
9047 8772
2268 4792
8766 798
6347 6557
3760 9684
3630 6332
2391 6456
9018 1579
7467 6241
7471 8518
5975 8286
1952 5274
5495 4651
5342 9670
5283 6375
3691 96
5786 6885
1856 9666
7908 5157
1462 3966
8948 9714
994 3688
5652 6022
5385 1495
1229 2578
2589 1038
4571 2761
8253 2707
6030 8285
5105 2738
2465 1566
786 9591
3054 1389
7503 7893
8901 8620
1039 9137
4498 6432
5689 9676
2890 3741
9272 9539
2217 3352
8090 8267
9570 1239
6620 562
6750 8705
2714 3619
7673 9345
8933 4468
2916 1641
7221 7677
5235 651
1325 3665
3253 4393
4694 4034
5712 6853
976 2393
9774 5498
4733 3849
8892 1192
5335 3732
9477 9419
2168 672
2945 6891
5675 2597
3093 3064
5103 7953
7663 7428
5930 1879
2546 7155
3016 3417
9192 5313
9867 4457
7380 3107
6137 3291
3167 4376
2753 6643
5376 1079
3862 1002
4971 9146
7409 6842
8124 3938
3391 419
9742 6472
5033 866
8057 2569
7018 6016
799 6737
5970 5602
4166 8087
6618 7014
501 6165
5921 2219
8022 2175
7492 3390
5007 2797
6454 8093
4075 7048
3602 7088
3537 7792
3942 3031
8318 6378
4072 6210
1053 1361
6856 7327
3396 9200
8090 9533
6848 2483
1766 8457
2694 5002
1410 1029
5698 5100
3954 1223
4351 7177
6030 6041
5231 5098
1051 1643
6823 7492
2004 2298
3483 4145
3978 9601
1682 451
7337 7775
6608 1971
6430 8644
3834 3525
9080 5026
4254 1687
2274 783
782 6951
1451 256
9417 2495
2489 9798
9981 8401
8368 6907
9987 7092
5099 1043
8035 8717
3589 3858
4157 2179
3113 2318
4636 8921
3068 8274
4319 5505
87 9659
3000 6695
6840 1851
9442 7028
2378 1409
6090 8629
7378 837
1500 4872
9063 788
9301 7233
3520 6380
2399 8759
5978 5675
4230 8413
327 3750
7111 3566
1229 765
1019 2618
7851 636
2571 3635
4345 8467
2763 4630
2647 8855
6992 8311
460 2760
2664 2971
5850 8700
5289 4324
382 247
3075 429
5317 5519
2817 8271
8011 7415
1478 775
3595 4966
2962 9604
7552 2021
1262 9219
3949 9781
7381 3820
9100 9
1700 6648
7775 4431
6551 9987
6290 3459
2463 6461
8259 4461
3704 48
7395 606
4423 5491
2651 9477
2575 1790
3529 1365
7215 455
8833 5294
8324 4256
5877 5008
9946 3566
2869 6501
3225 1295
5615 5471
6714 9390
347 3366
5244 3087
6520 3928
2756 3258
5178 9173
3397 4455
2377 8872
7849 3320
112 5663
4475 4271
2910 9451
9338 2133
9472 3271
9050 3754
3474 1396
9529 7929
6026 1757
5975 3146
7767 1561
1882 7195
7776 6533
1938 4978
924 7659
5115 4899
4309 158
7671 8905
2048 8309
3349 234
2641 3924
4725 6942
2881 9819
3523 4361
2169 9546
4872 4018
8807 8780
7056 9267
8602 4435
6520 8204
9610 8804
5817 3013
2235 2632
4702 5898
3609 2640
1415 9087
5159 9211
1167 9560
7710 7428
3921 563
9515 1796
5813 6314
6714 7706
8221 7132
6209 549
1710 2705
9607 223
2319 6510
4419 1609
5141 7390
2452 6185
1880 2307
6796 5438
5731 2291
8356 2742
2904 8417
3324 2571
9726 3677
5687 3896
9854 4629
1733 2603
6059 8560
3162 2987
2046 9587
7025 1722
4994 7315
6921 6244
3707 720
1913 6797
1630 1018
8051 5573
415 1554
4066 8408
5017 6871
9 8852
9515 4899
786 6094
5886 1223
7778 8168
3687 3807
9856 5229
3823 9021
9362 3305
2784 2486
1238 4051
7803 6325
7069 887
1867 5152
7008 3277
3404 9289
2574 901
7148 2276
7449 6546
5283 6358
9605 6361
1259 2836
77 8009
2045 8719
3995 1669
8361 764
2777 2740
9392 7389
8885 2124
9494 877
8839 7872
8207 8853
9478 4885
1438 4727
162 6293
2000
67 99
20 6
94 36
9 88
60 14
2 71
78 19
17 14
68 48
11 15
42 16
93 73
15 61
79 63
99 65
2 21
1 10
85 65
37 99
27 58
42 60
1 19
84 74
28 75
23 48
28 69
73 11
73 73
100 7
26 44
52 26
78 35
75 93
62 15
13 28
3 70
91 27
3 84
68 2
60 3
97 35
63 46
39 18
56 24
8 19
88 74
21 69
42 91
65 50
37 16
37 78
17 54
84 51
86 88
31 21
63 70
89 77
80 39
82 92
10 91
28 30
17 64
11 39
7 40
17 45
36 45
81 55
11 27
52 53
81 91
95 99
1 46
67 52
1 4
44 94
10 58
70 14
46 40
51 89
79 66
32 61
58 8
3 51
13 61
83 57
52 72
36 7
42 45
4 9
66 33
65 43
15 61
27 44
24 97
2 30
45 63
93 65
7 67
22 42
31 97
40 35
81 61
55 82
17 85
60 26
50 29
69 67
18 20
16 94
53 71
10 64
80 96
67 47
27 98
85 89
52 65
73 53
3 23
2 43
65 68
96 64
3 21
66 55
37 45
9 17
19 17
79 21
99 89
91 33
7 84
21 83
58 32
52 94
45 30
12 61
17 64
69 5
75 40
47 88
73 51
22 60
10 38
48 28
50 70
40 28
17 84
5 73
45 43
10 83
67 21
63 26
31 1
97 32
99 47
62 84
19 11
33 46
50 21
65 80
63 5
63 70
91 75
36 33
2 25
75 45
13 53
26 78
54 29
25 86
32 62
89 65
33 4
24 38
67 83
51 15
29 92
57 18
33 23
20 90
89 78
82 39
48 36
84 70
1 40
85 5
90 67
13 40
95 7
97 83
54 70
26 31
89 53
66 89
3 27
66 56
7 66
41 24
54 90
11 4
81 75
53 53
78 63
47 89
100 45
37 87
51 55
100 89
84 46
42 14
68 14
13 17
52 77
68 35
59 18
51 2
26 16
58 20
63 90
64 9
82 76
7 28
29 33
75 6
36 90
12 26
98 49
23 91
30 95
95 3
79 54
12 62
92 11
28 5
72 69
12 40
19 69
48 29
4 57
18 11
95 93
39 90
76 21
18 17
9 77
56 73
87 51
54 17
71 54
74 15
93 15
7 70
58 24
77 25
74 100
92 40
11 4
93 91
54 75
73 63
94 32
42 75
65 14
4 20
58 36
52 27
37 69
85 8
91 61
97 14
93 67
17 50
26 6
57 15
69 19
2 10
63 28
47 54
20 77
89 4
87 11
31 75
74 56
13 46
92 83
9 43
46 70
56 7
80 8
31 95
77 19
20 29
39 58
14 93
36 68
88 57
28 76
54 25
6 70
45 3
13 66
43 58
42 14
68 18
32 69
81 98
61 91
20 83
93 1
28 57
49 27
21 37
39 10
62 86
67 78
79 72
90 55
65 38
100 28
30 87
18 100
18 95
98 11
62 40
88 47
33 71
32 24
38 29
37 21
33 99
51 20
87 92
55 25
20 90
37 45
64 72
51 94
98 28
46 100
79 63
93 35
54 78
75 24
61 75
8 86
25 98
29 96
5 57
66 76
46 32
12 95
84 100
25 73
6 82
4 35
57 89
36 30
54 40
21 3
38 21
42 64
64 18
52 79
74 51
48 97
19 46
9 68
27 48
27 95
10 26
57 58
94 38
28 97
64 87
91 17
2 38
12 47
75 51
15 4
10 70
58 32
29 21
18 21
53 25
58 21
69 55
7 60
61 79
69 21
84 1
65 14
4 28
25 80
47 89
15 50
93 92
1 4
73 17
60 38
71 1
36 18
12 96
3 2
34 1
97 61
10 47
7 19
4 94
28 21
71 25
7 91
3 13
42 54
85 46
84 24
100 27
3 48
71 33
76 58
81 22
54 70
1 75
57 31
78 35
72 43
12 11
48 61
77 97
32 44
64 89
45 51
10 26
79 1
24 18
37 10
21 59
58 16
79 57
43 44
26 44
35 45
54 10
29 37
46 51
33 2
54 96
55 56
16 10
76 64
51 99
73 74
9 65
11 54
94 57
65 3
17 84
19 26
6 52
10 11
15 93
53 21
63 85
98 14
25 77
98 38
54 71
22 60
86 41
65 25
6 38
43 60
14 50
69 76
81 24
87 17
89 32
50 82
62 40
78 54
53 100
44 3
64 5
52 40
35 42
27 67
51 40
7 7
58 7
43 41
84 69
99 29
51 16
100 30
59 86
66 65
90 62
95 36
86 25
1 89
50 65
60 57
90 97
36 19
79 3
99 48
36 8
66 1
29 55
25 83
37 26
89 57
77 31
80 87
27 34
82 27
54 97
60 25
31 53
63 77
85 79
8 84
32 95
92 60
18 87
49 49
26 59
73 38
73 68
1 40
46 38
29 66
61 11
5 2
26 48
12 76
47 16
18 9
11 61
54 11
2 82
77 59
13 35
79 19
56 65
89 34
44 20
23 65
23 84
92 44
32 34
21 87
42 30
42 5
27 71
60 42
16 89
90 43
3 52
78 25
40 3
64 14
8 23
30 19
82 71
26 34
3 40
86 48
37 61
61 73
51 7
66 59
84 16
11 22
83 27
77 50
11 39
30 52
23 39
80 23
99 82
22 20
41 17
86 29
48 22
54 35
30 18
39 35
47 54
47 88
9 55
74 74
21 38
45 64
43 54
69 69
95 98
14 47
28 84
73 27
23 19
77 75
24 80
76 35
90 52
15 45
10 38
82 55
75 58
27 33
73 57
36 36
87 46
17 81
21 14
46 100
14 33
75 95
3 17
47 66
7 96
24 5
45 80
1 97
59 1
31 51
4 60
22 12
7 64
83 46
53 31
30 4
6 63
86 87
15 76
25 98
29 33
38 97
65 43
7 65
81 67
25 87
46 87
72 40
20 60
45 64
26 52
71 75
66 100
29 89
72 55
97 68
23 59
10 13
3 77
75 69
26 100
12 89
44 96
15 30
91 44
43 5
66 50
10 49
53 1
61 66
70 92
99 84
18 71
99 14
27 17
87 42
85 31
59 43
71 83
83 26
37 60
93 60
68 74
84 8
39 96
1 62
69 56
5 2
75 48
99 68
54 48
21 41
56 67
21 4
41 18
76 21
100 36
77 24
88 33
30 11
27 99
90 2
18 7
45 55
24 47
10 72
77 90
94 65
59 94
32 51
88 70
28 60
72 14
72 72
36 92
56 45
52 33
44 45
48 57
31 52
70 24
2 86
75 92
48 66
11 65
44 33
1 61
99 7
89 1
56 59
20 12
70 8
36 46
67 25
16 96
95 43
30 100
43 86
96 38
86 61
90 48
8 55
70 50
21 67
47 67
6 65
20 68
22 88
34 7
89 90
61 12
63 32
35 48
28 73
49 46
19 62
7 59
4 64
19 65
33 97
50 55
77 4
74 80
80 32
52 56
63 83
70 83
30 21
34 92
65 62
53 16
66 26
31 57
44 37
88 47
81 26
24 81
5 73
51 44
96 68
55 92
35 72
74 70
90 84
47 65
5 80
73 51
72 81
92 27
6 81
55 32
35 50
75 49
72 1
65 92
58 13
2 96
16 80
74 59
2 32
61 67
75 30
89 63
88 63
71 20
91 7
41 94
38 75
78 79
59 12
79 17
2 80
21 59
80 41
15 49
72 100
61 66
50 72
88 100
1 61
64 71
98 15
63 100
18 68
92 56
61 15
32 89
82 37
26 2
18 21
65 30
36 17
45 1
46 15
75 68
69 18
9 11
45 33
93 14
26 72
30 73
84 33
25 59
34 35
54 46
31 89
40 21
56 12
92 57
75 90
34 32
61 37
52 88
38 29
93 98
63 92
76 95
20 60
32 71
57 48
93 15
41 43
76 74
6 62
35 4
56 32
16 45
9 74
72 72
97 32
3 87
55 38
24 21
92 62
23 45
48 54
17 19
8 4
60 12
5 95
28 83
67 50
35 10
7 31
65 64
21 64
3 78
65 17
68 97
45 56
81 60
74 2
53 32
43 66
29 31
94 85
70 72
88 39
57 100
22 74
44 7
41 81
5 22
72 70
28 19
33 66
49 55
44 15
30 41
9 11
92 82
55 45
29 29
49 94
57 22
31 80
89 20
39 91
24 21
52 46
20 83
56 40
60 5
48 81
82 6
56 81
93 1
43 81
7 24
17 41
12 89
17 47
72 6
1 75
8 69
87 22
37 62
3 4
45 37
9 79
90 7
69 46
48 98
53 34
11 80
34 43
75 25
30 94
24 84
80 70
55 39
32 1
99 54
96 44
94 16
53 100
82 34
92 85
41 74
8 6
95 7
54 46
34 94
20 97
49 27
81 77
9 4
66 6
81 68
57 13
54 70
28 71
55 71
19 19
98 38
89 77
70 59
70 29
22 97
5 1
36 67
34 84
48 96
7 39
46 41
12 51
94 53
50 4
44 95
2 81
1 55
2 70
26 96
1 88
23 75
88 65
76 88
32 60
76 79
28 19
77 36
32 98
71 79
95 76
81 30
9 87
42 60
57 91
3 49
64 46
83 98
98 50
10 44
37 56
18 52
18 58
27 69
76 34
14 18
7 5
13 43
1 18
7 94
50 87
48 19
30 17
3 88
69 81
48 71
16 30
3 14
43 83
100 71
90 47
70 97
57 7
45 70
51 41
30 27
36 78
38 63
90 5
52 74
27 56
87 26
44 26
13 15
13 27
60 33
88 84
27 74
60 14
60 37
15 65
69 93
86 93
78 61
62 4
96 68
25 15
66 79
72 52
67 99
10 63
46 77
70 76
7 58
81 62
98 38
80 36
75 44
82 31
71 39
4 40
36 40
87 6
83 46
79 31
50 64
46 85
36 1
34 33
87 37
85 45
55 95
97 75
63 19
56 59
45 1
57 38
17 84
100 38
40 12
91 66
53 82
17 46
16 23
96 35
25 84
81 99
84 2
62 63
58 60
99 83
37 5
60 69
46 26
2 5
78 64
5 97
59 63
30 94
87 89
42 42
7 88
68 40
64 52
23 24
93 87
85 13
51 22
30 1
40 54
86 57
1 50
86 15
37 52
85 9
26 12
43 26
49 80
94 83
38 37
44 47
1 9
19 36
65 60
15 44
51 23
82 49
70 50
4 69
30 95
61 62
9 85
2 45
41 98
30 24
24 83
66 71
73 36
89 23
64 69
99 38
28 56
94 40
11 96
91 86
49 8
48 5
9 32
42 30
51 70
3 35
48 46
11 11
67 20
66 94
12 98
83 98
22 50
89 100
98 10
35 69
40 69
45 44
55 54
51 36
16 18
43 95
88 44
43 92
43 47
83 73
82 51
18 65
66 30
86 43
72 44
25 45
87 67
57 72
92 16
1 14
72 25
4 84
66 92
66 85
92 77
84 59
73 87
87 100
5 2
68 39
2 52
59 13
29 77
67 46
91 7
99 3
57 49
91 84
25 71
100 77
66 81
91 49
95 25
66 17
33 46
1 67
84 86
16 58
57 74
87 22
49 81
18 8
15 26
19 99
33 96
1 70
48 10
29 93
73 94
28 57
18 46
63 45
39 23
52 95
81 48
46 10
85 11
27 18
53 31
93 13
8 31
92 23
58 4
56 79
97 38
52 49
12 27
90 37
64 56
4 11
17 12
16 93
18 17
100 45
8 3
41 79
80 25
47 92
71 99
75 75
67 60
37 64
66 7
61 44
51 16
27 49
34 99
11 71
61 64
67 14
93 58
13 95
83 3
53 37
83 14
35 77
97 39
99 3
90 76
7 26
15 33
33 35
34 37
46 28
72 4
49 60
9 65
6 6
82 69
59 48
78 3
12 27
7 51
32 39
49 7
26 91
31 43
78 10
14 100
5 95
12 8
93 8
78 50
12 20
85 82
43 50
70 87
66 37
74 14
22 30
84 4
95 30
31 99
96 54
73 23
39 45
78 59
96 32
84 27
85 89
90 24
53 25
43 50
45 100
36 61
53 81
92 38
90 78
20 84
67 88
72 88
46 10
99 63
50 10
38 75
26 74
57 90
8 5
94 20
73 11
87 52
21 66
35 74
56 73
37 66
76 97
39 82
80 9
94 87
87 81
49 77
92 63
30 14
59 65
75 30
48 44
1 65
33 89
29 51
96 89
10 65
69 48
56 29
98 3
87 21
92 69
47 19
84 98
11 44
63 71
78 45
61 62
86 73
89 16
4 40
80 83
56 26
54 98
30 95
8 66
16 84
89 71
12 89
50 8
90 58
69 14
20 1
85 18
60 75
20 90
40 93
11 31
88 51
8 56
67 94
40 19
57 39
74 100
48 68
20 9
70 8
4 15
46 43
91 68
28 87
87 20
95 5
56 5
51 23
23 13
76 54
35 7
24 2
27 41
18 61
16 34
53 40
10 61
44 88
40 56
76 53
5 58
3 55
4 16
56 100
81 97
44 23
7 29
30 25
10 47
9 76
79 7
8 52
67 74
72 6
94 31
98 25
49 18
100 94
47 69
58 5
24 31
85 82
37 15
70 77
12 15
47 100
44 88
16 81
67 24
3 60
87 29
25 7
76 6
76 12
92 37
44 21
70 42
85 6
9 72
4 78
78 84
73 96
49 2
56 81
69 74
4 67
29 43
76 63
82 92
55 13
63 77
35 9
12 48
50 15
94 13
57 29
92 50
81 78
87 92
11 32
16 30
3 46
15 51
59 46
38 52
15 2
10 48
21 23
9 38
40 92
31 68
91 84
60 17
65 61
75 13
58 47
57 18
8 7
55 21
19 13
14 69
83 4
14 25
48 3
87 86
61 68
25 77
29 26
14 33
91 75
48 50
20 9
58 91
38 47
65 60
51 90
14 48
33 53
29 40
34 88
41 54
80 78
62 64
18 90
50 11
53 73
92 35
65 52
61 15
96 29
69 72
66 18
1 31
20 62
9 67
53 40
60 56
75 75
36 96
79 27
17 5
81 94
46 83
60 77
40 79
1 52
94 50
11 2
32 98
38 21
29 100
55 51
32 8
50 47
54 97
83 86
65 21
75 55
25 100
37 54
69 53
86 32
38 64
63 38
54 82
3 57
9 3
95 37
96 25
93 61
41 90
17 9
5 59
34 28
84 94
78 67
2 64
97 27
33 36
53 92
20 92
93 52
96 90
92 44
42 12
11 73
69 79
53 14
61 81
17 82
31 16
72 72
28 82
27 71
61 71
74 35
66 4
55 3
45 19
19 19
51 16
10 42
80 10
75 100
73 3
54 100
83 87
12 81
31 57
43 94
56 66
96 60
41 34
80 38
55 85
42 89
13 31
90 81
62 13
43 51
80 94
92 22
99 100
46 72
83 96
15 16
41 10
78 93
10 7
50 83
93 97
58 49
15 13
25 41
90 17
20 67
73 39
99 15
90 92
66 20
31 91
4 14
16 82
76 80
79 40
55 78
82 81
72 57
14 75
67 64
12 19
38 65
60 46
11 64
40 8
90 38
37 57
5 50
50 65
66 59
3 66
41 6
39 11
97 48
6 75
27 75
28 44
89 52
54 81
61 96
22 76
8 26
45 95
22 89
53 30
53 1
24 36
20 85
28 74
6 80
64 95
79 27
84 11
27 18
5 99
15 72
77 55
34 15
88 5
57 34
65 90
25 24
18 73
93 55
50 38
18 22
83 78
74 65
23 99
48 85
48 24
75 99
83 87
77 11
24 79
24 32
35 91
66 3
15 20
81 25
3 49
12 4
52 88
31 7
77 31
2 50
82 68
19 57
78 1
26 59
57 14
68 100
92 9
70 70
35 38
30 59
19 9
17 78
74 83
68 24
41 59
57 10
18 4
40 37
9 56
67 62
26 25
2 39
37 85
94 12
60 44
98 55
90 34
89 14
68 30
75 85
47 82
34 72
57 13
16 39
63 35
49 14
59 98
63 68
22 89
42 42
21 71
28 44
99 50
70 40
55 41
45 29
28 30
54 42
91 63
74 24
37 96
10 59
26 96
85 67
81 49
51 81
41 60
54 78
24 97
76 21
44 96
31 96
16 13
63 88
27 98
95 94
21 64
22 67
60 70
71 32
49 50
49 81
77 92
1 52
15 86
20 77
69 95
10 21
28 3
82 40
89 69
7 19
24 62
69 82
51 5
49 34
16 85
96 22
99 5
42 76
23 27
71 37
83 40
69 77
77 62
20 27
36 26
39 37
10 58
63 22
11 17
4 4
29 30
30 69
6 13
53 24
88 7
95 20
54 24
81 26
3 90
98 23
1 59
99 94
22 68
88 56
13 73
31 36
16 81
47 58
28 30
60 14
80 23
2 20
10 80
5 40
3 27
75 83
70 65
62 80
61 46
73 30
42 91
39 44
97 95
98 75
41 13
7 59
75 38
59 74
4 97
70 12
84 43
30 32
9 32
88 13
35 7
25 26
58 36
95 40
58 81
22 20
97 88
9 1
70 74
39 49
23 52
37 17
71 10
88 78
11 56
54 5
1 75
89 48
36 53
75 56
59 79
86 19
91 84
30 94
67 54
61 64
83 22
35 19
21 94
16 17
57 49
41 2
2 100
1 10
44 79
30 90
44 11
65 51
34 79
80 62
5 83
98 45
17 33
33 33
28 27
78 90
26 21
70 64
82 66
49 76
40 50
73 2
45 26
21 45
61 63
45 65
31 65
54 35
55 95
63 11
14 2
61 34
58 2
33 16
56 82
21 24
62 30
66 23
37 17
98 49
12 20
86 100
93 84
100 79
25 30
55 73
21 54
85 19
84 86
36 13
42 18
15 33
63 98
14 76
25 80
50 43
54 85
5 57
8 51
31 87
2 88
62 77
32 93
3 15
31 76
18 7
52 42
31 71
52 59
18 4
16 64
3 60
89 91
72 98
64 77
90 89
67 17
5 18
38 86
34 69
37 17
10 56
29 94
79 9
68 62
4 11
100 82
13 82
36 23
70 62
73 70
60 78
88 58
16 50
52 12
30 73
7 9
3 12
49 11
90 74
27 62
23 6
17 98
52 51
27 61
25 79
98 3
18 91
46 25
