1000
5019 8362
895 3631
1890 2258
517 59
6496 3450
6981 2592
1831 8713
1577 5959
434 526
120 7738
3959 8813
802 9639
5592 6705
6040 5135
8761 3099
6224 7402
2548 9847
7344 6257
1892 2886
6374 3899
1130 2895
9153 2135
8026 8075
8325 7590
3760 2810
357 2058
5012 3471
1857 6488
1459 2997
6546 8063
4251 9230
8471 400
4831 1970
277 2460
6048 2403
7881 8991
4968 883
4046 8345
1190 9254
2837 1868
5143 6186
3547 8179
7939 2612
1365 3059
9087 8306
1308 9561
6485 5643
2539 3078
1794 5097
599 330
8371 2882
6798 5681
2389 4754
3812 4782
9294 3936
7477 7867
6314 9773
1945 9897
7987 2870
9274 9785
8824 2415
1785 7074
1267 7589
951 5259
2827 1647
6089 2819
8699 9545
677 5564
1646 1306
8521 3924
3050 4062
8529 2095
449 6122
7466 7045
5203 9727
3776 2607
7662 66
3333 6375
7975 5385
8206 4484
6513 6282
6206 3126
9664 4027
309 8000
9184 994
9800 8880
8117 576
3548 2999
1672 7232
462 9871
514 478
7303 4416
9932 9845
6484 9844
3571 1666
3540 952
355 7943
9504 3545
7035 5508
6807 464
584 6673
7279 6506
2948 1021
9498 2037
9722 9820
7145 4110
5384 9846
1804 2015
9326 664
3956 7866
335 9302
2907 4516
578 321
2917 3387
2412 1040
7123 4724
2159 8857
8449 4771
4544 980
1270 2207
7380 729
2961 7577
5861 8562
6537 814
5652 1295
9419 873
6040 9274
7444 488
2357 3341
2745 6366
4364 3861
1679 3247
3666 7005
8898 7330
3537 6152
7780 4024
5616 5741
4960 2853
9144 8497
2723 2314
8261 4340
5453 8686
5929 9835
8581 103
480 5481
3724 6175
4413 6240
3772 5809
3553 1861
9489 4676
8657 9614
4428 4212
1336 6523
8665 8674
9572 4148
804 8848
7846 9433
1200 3788
2911 6604
4812 6335
3814 3206
6838 7703
4064 7928
8698 5616
5080 3428
8137 8085
8022 4868
5129 1279
8886 2567
9751 7721
2902 6257
6762 522
8325 9730
1590 880
9740 4229
671 5050
9478 5182
6263 8062
397 3356
8596 5888
3544 9633
3399 946
4072 2932
9012 3351
6784 4121
5876 5606
9788 2930
4788 6259
2296 4762
4257 7533
1046 9574
7700 507
4427 9872
7322 8840
9158 348
8842 3252
5195 9170
7877 8115
5571 280
8725 9526
7030 6593
2460 7854
8410 9934
4983 7312
8838 4190
6458 4198
3688 1935
635 4676
8206 2584
4826 5079
245 6602
1907 4144
4383 9847
7854 4183
5665 4930
5241 1985
3702 8758
2159 5886
8199 6900
3518 6233
7899 6109
1632 7615
3683 5880
2991 2527
1640 5040
8803 3626
2389 4776
605 3518
6016 8037
7072 3662
8001 91
8021 3223
4645 8132
8099 7485
2715 7243
5256 4184
2890 3861
5692 5550
3777 7795
5559 1978
6354 2561
8676 1886
6341 9390
205 1425
51 4089
3796 1556
3043 7069
1466 1888
700 1268
5607 4818
6353 6540
9212 3442
5537 2766
297 7386
5272 8767
780 3701
8421 9467
6030 2212
807 5061
5328 5936
1065 2133
1268 2180
1480 6978
820 9345
7919 5938
3532 2483
5060 1754
4409 7265
5426 3491
8281 7625
8803 6470
3332 8476
5906 3466
1493 8694
7335 8995
3485 8242
6742 1762
7320 2347
1049 7658
4531 8705
509 9196
5898 6651
1408 3206
313 4569
8862 316
6588 5661
2762 2174
9228 5636
2466 3063
7006 7610
833 3623
7917 3501
2713 6917
7850 7624
4843 4622
4727 5548
5674 5527
5367 3145
2829 2750
2859 3831
1683 177
475 5168
4851 6006
8858 275
9668 4976
867 903
4576 3686
6015 2997
6815 2759
7785 4372
3919 8870
4957 1280
6397 3974
151 4979
3251 5615
827 4585
9214 4003
1264 3522
6041 6039
5146 5158
367 9166
3091 2360
9768 808
4796 8636
5 8852
1824 2669
1717 1830
2657 9241
9769 229
7699 6669
2446 6828
877 5908
1596 7082
7419 1015
8292 7743
8704 620
1566 2232
6370 9681
9897 9664
9903 4261
2651 9203
4835 7115
4713 6642
7785 4976
1754 61
1583 3461
7406 2279
2462 9364
8867 9466
2145 5018
3647 2914
8981 1403
4452 8836
1712 2637
3628 8523
6341 8801
2785 2326
5054 9210
8021 7152
6052 3992
8133 5637
3475 4673
9600 5291
7312 7028
9113 2616
3084 609
6360 2326
3628 1653
9980 7063
9653 5961
8540 7860
1972 969
4936 1983
6052 8293
56 8144
835 8544
7047 9940
4581 9611
5831 9808
5244 6053
8113 5774
1791 2959
343 3190
4565 8655
4307 1975
9078 465
2614 8613
8889 5029
4763 8102
7060 4348
344 1740
9200 866
5559 6855
957 3807
5530 9345
8181 5538
954 5504
8420 8611
2722 7647
791 5150
2 2886
1273 6592
4298 9126
2980 7809
1901 4536
4300 7571
17 6281
5348 5544
1475 6185
4800 3109
3147 867
2401 6155
5484 5576
9488 4183
7399 3880
5234 5134
8806 9542
2291 7477
8019 2656
4592 9759
2528 2325
9318 557
9617 1277
7002 857
3055 9089
6911 5706
6752 788
6389 1154
4135 4550
8120 5361
9625 4262
8637 4239
2145 8804
8892 11
449 2791
5206 6687
5251 1179
709 1673
1728 91
1691 600
7370 4245
5795 3042
4341 8600
5324 5640
7757 4480
688 9353
6933 8805
7499 86
8522 7765
1849 8320
9469 7104
7957 8286
510 2320
3876 2832
3558 771
5164 2323
519 4243
8248 4426
910 9561
5996 1476
8017 917
4491 1623
3906 3946
8127 1943
9999 2342
335 6286
541 5098
1841 4253
112 7775
2472 8938
7178 1104
3693 938
2968 7707
8972 2493
905 2142
1661 6960
7162 8227
8660 5262
2014 5203
5906 9095
821 9085
7911 1180
9771 2157
79 5105
3725 8951
6081 1388
124 2171
1918 5458
6768 9453
3233 6595
4314 1085
1794 8966
5905 8236
6188 7401
1309 4978
7685 1901
7749 1074
3695 4953
653 7027
6990 5231
9405 3730
7342 8906
1246 9560
6708 9975
3329 3569
6167 8615
4709 5049
14 8231
4888 276
4460 8994
6367 8464
7584 7110
4898 3150
1215 1197
5529 8788
168 7762
669 8519
6972 4891
1010 9074
8921 1660
2514 7946
7671 8124
6431 83
2351 3106
7793 5273
9365 2448
681 4468
9491 6123
703 4895
4577 4156
6264 8947
5115 9061
4765 7429
5171 4841
207 7930
7234 1557
8008 2583
501 613
8313 542
5973 5549
1425 722
7829 1138
4866 5469
4383 5726
2083 8222
7571 7230
5105 3410
8414 5915
3585 480
4553 1360
8116 3927
5363 3275
4618 3011
8543 2655
2982 3929
6197 2379
4196 9879
5679 3900
423 7454
3493 568
9280 4740
708 484
428 256
6768 2644
7204 6701
42 505
2379 3135
4245 4097
475 7553
9160 8387
571 3632
3451 4283
3202 9024
7619 2332
3693 2535
1959 9108
7032 9390
5927 71
2957 5719
2998 7027
8996 1000
5712 7167
1115 1232
3196 9227
8373 5575
1479 1642
7161 9427
323 2235
8206 8400
2009 2506
5052 1179
3783 1107
2645 7740
4234 3394
9265 6649
9253 1953
5408 4302
5237 7688
2520 5688
3654 16
3598 678
5808 59
966 3828
6053 3512
5857 7140
9294 7323
4340 3129
5650 4943
283 8276
246 7713
3703 765
814 2275
8784 8970
3783 3176
8006 4340
3527 4985
8249 4328
5936 8741
3857 4447
8685 1394
7221 9839
2588 8937
4382 7020
8968 7887
4521 9962
3083 496
1265 5773
6422 5626
8434 9618
3771 388
1799 7831
8198 8298
5927 4813
7050 1944
125 9728
2153 202
6288 5250
8680 1874
6499 6361
1363 8832
8695 6075
1030 5893
8486 7264
4478 5750
3173 732
1538 7403
2661 3415
5240 867
610 5306
5219 5745
8307 5097
586 2851
1874 7339
834 4568
5864 4222
5596 268
9746 716
6538 5004
5781 7824
1607 8720
177 2344
6680 4243
2034 5129
3971 6529
3746 9131
4878 3202
6080 3597
1520 5737
9047 4665
9514 7030
282 9182
4699 4635
2494 4784
9321 1764
1120 1691
183 7738
8108 5000
4399 7408
3914 1305
509 8876
6562 5532
9173 6444
8696 8994
675 4357
7747 4401
8291 6920
9563 4385
4793 9242
6827 2250
7105 8275
108 4320
6839 5867
6797 5585
2555 9852
3482 4437
1184 1679
8261 5469
9916 416
7843 9995
644 8917
9395 3945
6368 5512
2494 2243
9452 9510
550 8955
5542 2190
4656 4987
1600 3529
702 4689
6532 9523
3590 9906
7844 7323
5182 3843
1876 9233
9068 7005
646 3140
3006 8688
9178 5087
74 2841
6688 934
8705 8722
1385 5033
9479 3754
3637 8158
7326 5494
2630 1431
3575 8634
8048 4842
5522 5802
5778 7900
267 7851
9646 377
3544 6279
9975 3029
7900 8666
9288 8409
3843 8172
4516 2210
4245 7332
8987 2860
8822 2323
2553 9500
1086 8892
7089 254
936 6073
2175 3668
6381 8595
8111 9131
2828 976
5294 6816
3135 3381
6582 5905
2291 6535
4876 1521
1540 9373
4422 2950
1774 7105
168 3609
5128 6465
4614 8287
1112 309
8317 787
2331 8601
6445 3826
3020 4465
2896 8767
1536 2816
75 3397
9360 541
3507 3893
5476 3425
3922 5014
6804 3670
2782 7180
8178 3919
6467 3230
6020 528
7226 317
6264 316
3129 2454
6869 2953
9751 5924
8137 1954
2903 9091
7615 5307
5214 591
1739 9668
6705 8192
6428 2524
5208 3477
8727 140
3997 5055
5472 5773
6653 5158
7313 3388
5790 5702
2475 3562
575 3251
5927 7837
9830 6593
2549 8001
4406 6356
9877 2604
3139 3032
4265 5437
324 7242
8262 731
7013 2045
9139 402
6404 5835
335 3981
760 5251
4440 7260
4127 7067
212 9514
2616 9354
4003 241
216 2814
7111 1080
2019 5013
667 6273
7181 9098
8820 1679
4644 4031
4348 8741
2674 2327
8372 5579
680 4403
5028 8082
6402 2880
3666 1534
9410 5709
530 3805
2758 5889
3917 7951
7660 4572
8906 6332
9655 9593
9164 3817
8084 2305
7377 1256
9208 8740
5969 1358
5033 9330
3524 2621
2226 9093
4360 7239
1365 9582
5700 7580
741 5522
9770 6317
948 9346
8236 4718
7761 3736
2954 3775
4578 4793
6702 2698
9949 4985
9719 2664
6652 4520
8657 7716
6056 3424
3624 2914
6007 486
7077 3470
683 2290
9004 448
6848 1816
7424 989
441 570
1036 4813
9447 7252
6063 5791
1881 5131
3999 2356
6933 8696
9846 8571
2025 7341
9514 8569
1657 7613
4180 3010
3579 6611
4562 5066
2001 7035
3428 7203
9280 1192
7871 2651
8306 9158
6666 3914
317 2618
5842 7947
4335 2539
8612 2982
3622 7005
2245 4903
5281 251
6988 2876
6021 4528
9170 8367
4773 287
5808 3697
2499 9877
3241 8757
728 9497
1544 6134
1549 4767
6645 7859
1398 973
6103 2995
3321 4324
7441 1083
6090 7857
1048 9140
8893 4676
4390 9325
7361 9532
2167 1869
5951 3554
1011 8399
8089 2279
7098 1774
7661 5560
3370 5233
7568 4063
3904 646
16 4701
4215 2459
2430 6471
1941 85
1961 8183
3353 5495
5645 1694
4239 4626
1607 1149
8850 1855
8513 6807
1224 5095
3750 6055
8428 4509
5729 8997
7237 8564
7078 4094
398 1167
6098 438
4257 8453
7237 9333
8733 1457
4375 7727
1032 3544
5696 8463
4050 2475
1147 2074
7782 7652
8602 4156
3941 3970
3181 4481
893 5524
6849 495
2867 3327
6664 5646
5817 3814
247 1981
6082 6449
4266 5261
1128 8219
826 1027
8080 8932
6483 6169
4908 7585
3363 4985
7687 5121
757 9633
2692 4249
7098 1904
3163 5708
9734 6926
581 7921
2966 7017
5760 8165
4394 2269
3358 6021
7486 6048
7775 7243
6475 9808
6461 9580
9862 7303
3108 618
4311 1658
2690 1991
9434 6322
7540 7530
8521 9398
8078 8959
2828 5086
3987 4384
7869 8598
6076 102
3669 3389
1408 7052
9544 5912
2000
95 71
74 95
95 47
66 28
97 86
10 56
57 53
1 19
28 1
71 89
23 19
74 99
65 87
86 67
88 8
3 55
32 49
23 52
33 32
39 15
95 82
52 50
11 70
27 13
70 90
77 85
34 16
79 86
87 82
79 52
75 78
60 92
98 26
60 22
34 50
24 81
94 8
35 63
84 86
78 57
77 11
61 51
20 46
82 23
53 31
88 72
31 69
10 14
75 3
62 41
41 3
9 73
30 90
34 27
80 91
89 71
73 85
30 22
28 21
99 94
93 39
38 36
27 13
29 79
69 81
5 71
40 44
1 93
9 84
70 75
54 97
52 20
6 59
9 63
79 23
36 58
84 60
64 17
75 50
69 83
56 11
73 45
24 99
74 31
89 48
88 89
50 98
9 39
31 22
94 68
74 74
55 13
39 82
7 63
80 99
96 27
21 67
89 96
82 38
31 10
80 67
59 17
83 46
55 7
66 69
50 24
49 66
23 45
17 98
38 13
80 89
16 45
38 89
42 88
84 24
25 20
10 93
17 28
8 92
42 28
78 6
4 42
21 39
66 67
60 91
67 92
81 64
99 71
20 97
55 19
42 36
4 37
92 36
69 59
31 29
33 16
1 21
97 49
7 9
24 92
60 93
51 57
85 72
83 84
49 67
38 60
99 48
30 76
33 47
45 76
88 35
59 19
93 21
7 97
57 59
69 43
22 46
25 51
36 55
66 81
39 51
16 95
1 95
82 10
10 43
6 59
28 54
76 40
86 50
69 39
26 32
88 77
45 66
11 34
17 67
94 48
3 87
58 79
45 71
52 4
43 17
73 58
80 21
33 94
93 59
45 70
83 66
2 86
5 8
31 5
17 77
37 22
72 68
6 28
86 13
46 3
93 4
42 37
58 6
16 94
38 91
63 62
83 60
16 94
92 40
30 30
62 82
44 38
42 41
71 49
80 29
53 50
39 40
11 9
30 34
19 21
93 8
90 7
17 88
17 35
2 20
25 40
62 11
87 90
81 50
36 69
97 89
43 32
30 100
58 94
19 40
65 67
76 16
39 86
80 49
6 26
77 43
91 19
76 68
58 84
6 38
56 36
33 8
72 96
91 42
15 67
25 37
36 3
52 56
7 66
95 56
31 6
85 50
37 34
73 100
50 43
89 78
46 34
82 44
25 5
69 94
98 98
73 69
26 37
43 35
100 28
11 99
61 21
52 96
51 93
23 2
49 48
61 27
92 16
2 9
81 5
6 79
23 1
43 31
26 88
12 63
5 57
48 58
79 79
5 69
18 7
24 19
42 39
77 18
61 8
70 54
11 72
98 96
76 63
18 83
81 20
90 61
83 27
43 32
8 54
82 2
26 52
87 62
54 4
16 79
25 93
17 3
86 92
92 59
24 92
39 55
37 1
7 91
52 46
19 12
16 70
45 53
92 11
50 15
46 80
99 15
26 68
10 36
2 30
58 49
48 33
67 27
34 4
65 67
71 91
36 99
73 37
77 89
30 53
20 8
95 17
89 84
1 42
22 98
89 97
88 84
35 39
49 24
26 94
14 9
44 77
11 97
11 68
17 53
67 72
68 68
24 40
96 37
95 60
67 65
21 47
30 45
100 79
80 58
73 94
9 13
86 65
11 70
8 78
44 35
7 90
96 38
65 53
84 75
95 79
62 85
68 61
57 76
44 97
60 24
3 49
12 41
4 90
3 67
59 80
40 97
100 86
54 82
14 97
80 23
77 16
6 36
40 23
65 26
28 33
97 74
82 36
25 7
6 99
86 31
34 18
7 37
26 75
27 33
35 90
64 36
29 96
84 41
9 80
65 28
75 64
3 86
98 9
75 54
35 51
97 41
9 47
100 2
63 57
80 5
63 56
23 67
74 9
89 51
36 57
11 5
39 63
59 21
5 4
12 86
75 27
63 74
69 8
56 93
86 72
67 17
36 41
54 30
82 73
87 83
4 26
6 8
91 46
87 5
92 53
3 28
37 19
7 73
53 66
73 17
64 13
55 54
9 82
42 93
10 53
51 100
20 85
55 82
89 21
85 3
58 12
95 100
49 72
4 8
92 93
40 33
53 50
70 67
56 93
96 13
32 82
25 49
60 14
32 54
64 77
95 68
32 70
97 18
70 58
34 60
7 36
43 80
35 87
11 3
78 57
97 4
64 4
99 36
24 31
79 5
79 26
4 64
14 52
77 23
61 79
58 60
64 98
60 33
70 96
58 75
91 55
13 4
62 24
94 95
38 23
4 59
15 92
57 7
89 4
73 6
17 73
67 19
100 7
1 4
37 42
93 81
54 7
28 87
37 74
92 77
47 3
97 47
100 45
74 64
12 12
97 74
47 78
15 82
29 25
90 19
38 70
22 87
66 96
83 75
73 98
45 12
33 28
6 19
63 40
99 95
68 76
3 88
16 90
93 77
21 22
57 35
95 99
28 75
73 40
93 13
35 80
65 15
46 85
1 33
21 82
57 36
59 39
14 81
12 6
57 86
21 18
80 69
22 46
79 48
4 67
34 4
87 94
98 82
43 50
100 23
57 32
73 48
62 9
69 73
65 69
14 2
37 34
14 8
20 46
82 85
3 47
45 25
56 22
66 67
94 21
1 22
55 75
81 57
85 23
40 26
43 49
19 16
86 95
76 95
22 68
96 97
37 5
82 94
76 10
9 88
64 13
97 49
59 65
46 41
14 25
2 44
10 93
59 67
19 90
75 86
6 69
26 18
43 92
70 67
40 30
90 86
82 19
66 46
8 44
45 87
34 51
85 56
24 56
30 40
28 82
13 79
92 32
24 10
66 96
23 16
43 80
41 65
38 42
70 39
5 74
91 58
1 22
25 25
58 10
73 92
72 57
88 53
10 53
3 68
50 62
60 26
3 28
7 68
35 56
25 32
94 99
64 53
12 46
35 79
34 86
89 43
78 16
66 39
7 99
72 99
46 64
96 28
37 80
2 89
12 37
40 65
41 45
55 42
74 36
81 32
60 42
16 67
76 65
39 76
48 94
77 30
14 64
96 7
84 90
86 33
52 95
94 83
17 41
8 63
74 8
64 86
94 83
9 80
69 57
58 62
82 100
41 58
34 90
90 22
87 63
76 90
10 51
47 32
53 63
23 95
16 86
99 97
39 78
20 76
89 5
62 47
87 47
93 48
76 19
51 31
1 39
54 2
60 84
44 42
1 48
79 6
22 38
57 97
36 25
72 17
54 2
28 7
100 43
84 98
59 40
31 31
85 99
65 83
91 54
27 37
33 65
63 22
41 96
56 79
10 77
71 10
12 65
40 38
95 37
99 98
64 11
30 59
52 19
53 11
42 38
73 25
23 81
40 37
66 32
72 88
46 31
61 19
29 73
44 66
83 63
25 1
69 6
12 64
46 54
50 95
22 90
40 83
23 76
58 77
66 74
15 28
35 68
56 81
14 84
23 34
78 62
14 2
87 57
44 66
33 59
79 14
98 79
41 92
94 50
55 46
6 83
70 52
18 98
78 77
88 17
20 79
94 12
79 48
86 18
15 54
93 16
84 98
63 37
73 83
5 19
8 64
59 76
41 16
98 72
43 98
68 23
16 72
53 28
66 70
63 24
5 98
46 25
97 23
65 7
19 20
33 60
44 63
4 56
99 95
63 34
91 80
96 62
16 46
63 1
1 93
2 31
33 85
7 41
45 53
95 59
12 46
41 34
48 16
99 38
39 76
20 59
80 52
55 52
96 39
45 94
37 48
100 27
7 90
52 98
96 67
21 30
13 68
45 32
70 83
52 70
10 84
72 58
14 17
99 87
73 91
90 88
68 11
6 14
30 88
15 47
37 78
47 43
67 39
12 68
79 5
8 76
76 65
87 74
47 38
99 70
96 9
16 8
77 22
30 55
8 18
33 77
97 62
86 23
58 25
12 76
96 63
49 82
5 8
18 35
77 25
9 35
58 40
14 31
9 62
68 46
42 48
34 54
91 48
70 7
100 30
51 15
87 23
60 34
73 31
42 38
84 34
64 83
93 33
42 55
73 27
23 66
82 100
5 93
23 11
59 13
21 46
62 23
38 32
22 6
13 92
45 50
26 41
4 88
38 49
27 46
68 3
46 56
99 68
56 58
89 68
27 13
18 6
64 51
79 30
19 19
10 77
17 46
55 21
12 70
25 3
71 60
64 41
6 45
19 86
27 7
36 1
74 67
40 20
66 28
49 1
13 96
8 54
98 68
60 57
92 65
88 58
70 52
67 9
57 81
27 45
45 24
68 27
29 64
100 34
89 84
50 50
58 52
31 13
37 69
39 7
56 83
59 97
4 30
13 75
66 35
28 11
84 87
57 38
64 80
61 73
71 37
10 28
98 77
91 72
25 54
19 74
88 15
66 51
83 75
55 79
29 22
24 91
29 86
45 34
67 82
8 40
35 7
89 16
34 77
49 48
23 21
37 47
94 24
82 35
34 25
46 33
38 68
3 30
2 4
28 50
19 74
3 49
75 44
17 40
80 54
55 11
29 77
53 14
89 56
81 38
54 29
16 3
78 2
77 31
44 97
15 41
32 57
96 16
69 24
70 20
66 9
49 45
75 24
89 97
9 30
97 71
81 97
30 70
63 80
83 5
24 58
5 13
31 70
12 11
43 56
21 3
73 19
93 11
67 33
93 26
1 1
31 22
57 11
93 84
28 75
94 30
91 15
56 96
60 45
68 61
36 64
16 29
23 83
72 67
59 9
43 66
74 44
4 90
37 10
6 38
92 85
10 80
37 32
14 100
94 42
17 50
96 14
97 50
56 47
95 92
43 15
65 76
39 66
20 59
64 78
77 84
36 34
23 7
65 78
14 86
31 25
89 32
74 47
94 71
61 64
89 66
80 52
33 28
39 33
17 59
91 78
16 61
10 4
52 100
61 37
48 21
91 98
45 40
44 86
84 14
84 85
9 2
40 13
69 60
19 5
23 76
58 86
100 7
58 85
99 84
97 61
98 99
68 9
9 65
28 52
53 58
99 76
82 58
95 40
61 73
69 59
2 99
99 31
52 2
89 8
37 54
90 40
51 22
50 15
88 25
56 21
61 51
31 81
19 80
13 89
96 9
37 32
28 58
49 17
34 90
8 92
88 33
39 18
35 82
81 79
90 72
82 78
89 62
18 96
97 64
70 70
13 69
93 68
84 13
7 10
56 67
2 18
34 96
86 9
17 66
29 48
74 3
63 59
17 48
36 89
5 1
13 22
91 1
27 23
66 57
12 63
59 28
73 79
13 65
15 96
60 26
79 24
96 15
63 76
4 56
78 33
78 55
88 76
44 90
92 16
51 3
68 2
50 71
61 100
5 53
30 58
77 8
20 88
84 86
67 77
10 35
52 20
73 49
71 23
83 60
83 37
75 32
100 81
76 14
85 38
11 74
43 78
55 85
50 63
51 89
72 61
19 26
39 58
100 96
35 21
26 78
34 91
44 9
100 26
82 68
30 41
86 93
76 6
17 64
23 14
36 24
10 42
23 89
55 99
19 27
5 96
97 6
64 68
76 52
10 82
4 95
50 60
18 99
39 19
17 43
64 40
69 60
49 3
34 79
4 85
81 7
2 70
85 16
52 9
16 68
59 80
15 85
42 16
32 91
1 59
95 92
71 82
90 90
98 93
32 23
77 36
80 93
52 66
63 68
4 23
79 52
6 2
86 46
48 72
20 36
20 61
69 3
65 45
58 48
30 50
95 15
73 81
85 92
99 13
35 6
10 72
99 29
90 99
27 47
23 46
10 87
85 34
10 71
49 21
45 11
47 67
32 81
32 60
47 13
25 51
41 33
39 43
31 87
55 30
18 65
60 3
63 57
29 35
2 20
43 70
27 34
12 89
30 13
21 99
41 58
13 4
45 15
53 91
83 21
53 46
92 29
54 79
76 97
73 90
35 12
13 87
100 26
21 63
24 81
61 68
78 43
9 35
97 14
22 6
48 92
32 67
64 92
39 79
73 26
3 35
3 95
87 49
34 93
55 69
94 79
89 52
84 84
47 46
41 79
16 22
98 53
49 70
29 24
65 99
10 62
96 88
6 33
5 21
90 99
34 84
28 68
9 38
24 67
9 20
34 38
16 36
63 96
49 85
4 29
46 87
13 20
3 5
26 25
61 53
12 82
14 84
89 98
1 96
90 40
3 54
79 56
14 41
92 96
8 92
6 3
70 60
69 80
81 66
77 11
59 69
97 41
63 6
24 13
79 82
90 93
12 24
29 15
61 66
25 9
29 8
81 37
99 95
74 57
94 69
80 30
87 13
45 8
52 75
35 77
91 32
6 38
84 12
99 5
43 8
37 47
4 37
60 74
45 100
51 17
12 50
1 49
88 65
11 61
11 38
13 71
38 41
42 62
94 77
99 48
2 25
13 3
52 20
78 96
61 17
19 23
41 47
90 4
74 3
91 8
100 15
15 11
87 40
87 39
62 35
49 98
18 1
80 78
31 35
91 40
32 26
12 21
74 18
83 98
53 40
94 14
25 56
43 8
68 88
83 57
59 76
39 54
54 74
66 6
47 67
32 66
63 79
75 60
31 67
3 80
71 3
40 46
85 48
69 44
40 25
19 72
1 74
21 87
21 97
22 80
50 67
32 1
53 71
56 3
20 92
7 53
23 79
86 58
93 64
56 71
1 66
91 38
83 18
70 12
64 73
15 60
77 76
90 50
86 4
28 63
13 70
50 88
79 63
25 25
62 78
60 28
38 54
65 80
31 10
7 57
15 24
30 93
5 47
54 54
74 71
76 70
68 77
53 45
40 58
30 57
38 89
53 58
58 56
4 87
20 69
49 83
89 31
90 1
64 55
50 46
53 62
26 100
26 52
91 23
53 79
62 42
4 22
13 47
26 15
67 46
69 81
75 64
61 2
73 78
85 47
54 29
52 16
18 46
27 40
36 74
81 73
30 54
3 7
44 80
16 11
55 31
91 13
48 91
57 91
99 23
64 26
62 54
87 14
94 100
1 100
28 33
84 26
20 54
49 13
39 92
42 3
86 23
39 4
91 25
37 85
10 61
22 37
37 41
92 12
76 13
51 53
23 60
70 74
88 8
99 95
90 38
57 6
88 84
16 73
8 21
21 13
98 90
22 64
91 83
27 100
96 87
22 27
15 85
90 83
29 83
50 53
57 90
40 23
31 18
78 73
42 8
31 1
76 90
45 96
29 67
82 18
51 19
69 53
67 9
81 57
96 75
79 62
66 95
26 70
83 69
22 35
44 25
39 57
74 32
56 87
10 70
4 53
12 26
60 99
65 24
8 85
34 53
42 69
59 82
64 72
52 94
90 5
58 20
43 7
74 60
72 52
20 74
87 81
84 28
22 61
84 5
43 31
97 54
59 92
39 18
92 3
12 10
6 56
58 41
3 13
36 26
4 92
100 9
31 48
41 15
73 49
70 79
23 30
38 84
50 48
97 7
22 94
35 9
69 59
70 79
96 63
74 10
95 2
71 68
49 24
32 92
69 71
87 96
49 49
53 99
74 95
51 97
2 66
28 19
26 57
5 67
6 75
92 3
6 28
15 51
74 48
5 54
58 64
66 6
43 28
83 16
20 84
94 70
40 73
4 75
9 96
83 45
33 42
61 63
64 86
49 77
29 77
61 85
65 96
10 37
14 98
81 43
46 27
78 4
4 52
57 11
20 7
59 38
14 16
13 18
84 66
59 20
22 30
4 54
46 100
59 90
65 57
65 2
50 19
74 80
87 74
97 48
33 83
24 8
10 15
89 62
61 35
74 83
70 59
78 49
37 70
1 13
78 74
20 87
60 50
19 55
97 28
85 74
10 6
67 28
88 48
53 56
99 4
12 32
46 92
60 8
29 62
40 30
87 5
37 44
1 98
9 35
62 56
17 84
29 31
86 10
66 11
48 40
71 10
23 50
80 26
66 20
36 54
10 97
100 88
28 50
69 35
88 5
60 81
54 44
33 46
92 48
60 91
5 50
75 26
99 81
91 81
14 91
100 57
55 88
28 74
50 33
61 29
43 97
56 45
12 60
96 99
4 83
96 4
43 38
59 28
75 21
4 41
22 70
8 82
48 23
65 61
90 86
8 35
88 72
20 51
62 55
13 37
43 29
72 100
66 86
88 56
21 6
4 25
9 27
62 31
56 46
13 73
57 95
38 92
16 100
88 72
100 59
34 80
2 3
35 2
74 68
27 96
52 82
19 68
37 51
42 89
18 92
86 73
61 53
62 8
4 9
91 49
23 28
3 100
70 88
32 66
91 76
23 28
31 21
58 42
42 52
26 86
72 38
72 22
91 61
71 27
44 47
82 87
11 92
43 71
60 96
95 23
45 86
56 39
25 13
39 88
92 59
16 38
44 53
41 99
69 20
79 81
51 59
49 93
23 50
24 45
80 42
28 24
48 25
20 18
57 12
15 16
67 84
66 99
11 10
18 21
40 67
20 39
72 70
19 92
68 30
77 75
19 11
85 65
6 4
6 36
59 13
92 12
71 95
33 58
72 39
92 26
5 78
48 84
81 97
37 23
27 74
16 67
25 61
68 99
21 33
98 63
28 84
20 59
21 25
19 91
5 6
16 81
26 31
49 42
90 47
95 39
96 48
76 98
67 64
35 95
96 63
77 59
18 100
4 93
50 83
73 83
88 36
24 100
26 40
81 76
24 23
77 82
11 11
10 10
41 16
77 68
81 80
22 29
60 76
11 99
78 65
77 38
50 14
27 36
74 8
25 20
100 69
28 31
94 16
1 52
79 85
2 50
61 73
58 52
89 54
32 67
52 40
40 9
94 7
3 40
8 17
46 10
91 66
84 3
22 4
87 45
53 85
86 19
33 38
54 61
83 78
42 31
61 2
6 91
38 7
38 17
38 33
53 85
3 82
53 91
34 8
63 44
42 21
32 56
30 19
98 24
35 26
18 53
75 6
31 92
56 30
84 62
74 58
71 61
45 40
44 94
17 1
20 27
71 16
18 76
66 43
50 52
12 16
71 45
