1000
331 4223
845 7957
8410 4033
3370 6796
4089 2653
3857 50
9215 6186
8885 9377
6104 2369
662 3093
3483 2061
593 26
193 7756
4048 7607
1378 4479
9248 1372
966 2004
7144 3373
8582 329
6629 2151
686 6452
3563 2640
9356 2994
3466 4948
3379 1262
50 2734
325 1270
8496 7857
1525 8339
309 299
4441 9227
2143 6164
7345 5968
8530 382
3785 4878
3128 3982
7921 1636
8591 5739
4362 9889
490 8944
3551 506
4500 9205
3406 7959
7482 3205
6810 1580
6602 7522
636 1256
96 8952
3821 8787
470 964
7947 9646
2586 359
5634 6658
7307 804
9366 6375
9254 5781
1436 1396
1658 9794
4108 7597
1165 8685
4186 3666
2314 3415
3594 4303
8525 6470
3757 5126
4055 4742
4926 3692
8858 930
1280 4827
7879 5362
5534 3176
7057 2439
7398 2158
4160 696
9551 8737
382 3578
7693 3940
7706 2106
2245 5668
96 2396
1876 9054
2485 3830
3807 9036
2530 3067
1722 9647
7693 5961
6830 8260
6146 125
7766 1755
7617 8935
1338 3698
3500 8147
457 2385
3373 8599
7978 5929
6897 3239
7857 3248
5294 4417
1285 1933
7100 5140
9932 4157
9844 7490
5284 8703
2747 9004
7873 7707
5171 9224
7776 6170
5109 8
9180 5781
2276 5020
4622 6593
5573 8204
9958 3578
2533 2807
6418 2067
8880 8299
6600 6663
9254 136
6112 8831
1648 8084
7432 8505
3887 2956
4136 2493
5172 505
2164 2552
517 3948
1234 2687
8577 4251
2740 4321
6995 9555
778 4864
1119 910
2581 825
3331 177
8068 4720
8660 8023
1626 3143
2718 5919
65 8138
9202 6082
5629 9090
7128 9695
6515 5724
2665 580
5831 9264
6683 4122
5991 1700
2639 3488
3398 2816
733 5988
4951 3827
4121 4203
2569 8017
8899 1555
7861 2213
984 3785
7101 7410
8051 1683
8393 9488
8854 9261
998 519
8736 3109
3966 2040
1941 4917
5149 2890
7800 5656
8924 3986
7045 9436
3123 3643
5019 3087
5363 9578
5967 9141
2877 9556
1236 2427
1738 4964
7916 3223
43 7740
7356 7101
4493 6741
5703 4374
61 8307
7662 9500
9635 8697
1442 8615
5357 8283
8451 6660
4234 329
9821 6847
7596 7628
5149 8532
9396 5780
7538 7717
2693 2270
6871 3256
8941 832
626 4292
2160 3963
649 6095
1168 8875
5080 1236
1478 6770
8655 8896
3893 8933
3076 6895
112 842
7750 3469
540 743
5653 4260
9668 2143
4557 3655
6500 4632
6176 92
234 6070
1757 6875
1735 6964
6755 8611
3001 399
7996 1273
2042 3160
8756 8221
8267 5513
3574 6626
5491 4645
6714 2175
4465 509
5883 2213
2483 1719
1258 1444
8402 5057
7542 8639
62 8691
3491 6709
6448 3850
3125 9422
5913 3134
1954 2050
1883 2034
689 9250
8605 2597
2394 6750
2881 7533
1738 3938
6260 6085
2997 8590
5758 4105
3453 3164
5639 9480
1557 4682
4269 6396
67 617
5623 1213
2809 7384
2288 3590
1333 6277
8583 8436
9335 6273
3825 4595
832 5423
6494 3515
4301 1791
4079 8920
3330 1496
7885 7281
7370 4323
6255 1359
7231 5069
4933 9982
4028 9069
9313 9064
1202 8665
2806 2673
5653 8442
9713 8276
9932 2616
1605 8883
6361 2756
9715 5492
2194 3977
5869 361
714 6546
7555 1731
3220 7811
793 2733
9088 918
3412 3039
3727 1720
7637 9293
9810 701
8133 7602
4187 570
4985 1996
212 5616
8398 6642
9127 1589
3785 8735
3270 342
7200 7523
9919 5507
8167 6360
1211 2016
6427 8905
8144 2446
8084 4566
6303 8582
6602 2648
5541 4104
4477 1915
1170 2762
5259 7987
7242 270
4902 5542
8778 1931
5766 7446
5718 1101
8335 2031
5039 7634
2165 6709
2838 7755
3363 2385
9811 4093
3524 4778
9004 5898
5813 8521
8409 9400
7168 2193
3618 828
9784 3314
1916 4813
2380 5842
9907 6437
7825 1306
182 1296
2813 3294
890 2478
9081 6844
4691 3364
9600 2832
4973 8593
3603 1220
4690 2183
6101 4838
2868 6613
1082 6777
6881 1104
2391 144
157 6966
5932 8013
981 9990
2526 1070
898 3442
5500 7560
5947 2410
8307 9975
6583 2355
2107 768
4095 3254
8958 488
7020 3102
2801 8645
2536 7364
8530 3435
914 4688
8383 5362
303 8619
2659 8570
8601 7034
4343 9027
1306 7255
54 9847
7411 22
4216 4330
8532 1015
1274 2977
2984 1410
8255 6552
8006 6279
6331 172
8165 1253
3088 115
7910 516
2888 2458
1720 7061
4737 2673
3650 6008
3696 4310
2043 5137
4882 7732
5357 6584
4716 2772
9176 2781
4198 5563
3679 534
8274 3524
3114 950
2579 4666
7594 8434
8193 6993
3897 1840
8439 5730
3022 5533
2510 3656
61 5319
1356 4193
3173 6723
916 5066
7108 3969
4369 1300
1538 1743
7785 4848
5665 5923
9294 4152
3828 8271
1869 6535
1455 6691
3716 4051
5501 1742
6675 7089
4105 4450
9093 3983
3528 2420
4389 2748
7242 396
5938 8627
5947 7975
907 5831
344 6571
6850 4631
3426 2537
7340 9607
293 1407
8623 7872
9617 1402
8663 1457
7490 27
1254 8093
4959 5023
1090 6126
9170 5284
4498 2817
2128 2576
1182 900
4465 3887
8992 5586
1479 1310
7394 8279
3654 336
744 1818
2629 9697
1587 7084
5808 9971
7957 9979
6863 8812
1730 1933
3849 6626
8147 435
7383 4754
1686 8652
3661 2254
3987 5229
4505 4979
8771 9689
9702 6186
8798 4718
9867 4393
3633 394
3600 4768
5498 9242
8345 6581
7162 6126
5096 3169
489 3328
4504 1900
1591 6083
9354 636
4834 23
1117 8798
4049 6257
5312 6859
1637 6222
1568 7719
9787 6757
5211 299
8728 8485
1242 5587
8059 2175
6712 9342
8836 257
4178 459
84 7352
5647 3169
3786 3622
1116 8696
4685 5562
7505 2452
7836 2020
4605 8976
8297 560
9697 6643
2780 2
4463 6411
9890 5988
3017 2648
3830 6264
6184 1910
328 8188
5335 7696
8091 7392
9271 9267
2019 2177
934 8921
5578 8347
4360 1430
3909 8599
5004 5371
6236 7314
2139 6376
8018 6826
8867 1495
5671 6898
1142 6033
1426 8123
7848 5887
7619 3561
8979 6245
3270 240
1429 2382
7232 2458
1140 1819
478 4679
3227 8112
6075 3511
9709 5082
5611 37
241 6775
5541 4296
8176 4187
2535 5780
3187 9782
6663 7104
5463 3956
3109 5988
5331 5754
5311 8488
2880 4531
7587 8076
2390 806
7856 9682
5047 447
5538 5731
8695 9852
3991 8565
9465 4939
2109 6524
9041 3401
8310 4991
262 1346
7961 5465
1193 20
8042 557
2474 1745
235 8926
7393 7936
9949 8285
5339 1341
2224 9245
3384 1423
8017 5077
2505 8453
146 4429
158 1315
5192 81
1135 4634
3603 6705
9614 4196
2056 9735
4762 6749
9846 9493
1992 8891
965 3178
400 8313
1841 1686
8594 4195
7273 6719
3978 6869
641 8267
4798 49
4026 8964
813 3345
893 1451
4966 9169
4754 1040
5936 8080
7797 3160
7102 4668
2703 619
6875 6165
340 7823
172 2071
2679 2694
5059 2538
9702 5446
5904 2585
599 9023
630 1252
5530 4284
4989 7961
885 9671
3212 1151
3635 9269
1471 8973
6268 5224
9335 7895
5547 4865
5430 7697
6972 3988
7796 6540
6607 246
8144 9756
1102 6346
6513 3204
3236 7846
2453 4536
2710 6367
4121 2358
3263 6365
5488 1
4161 9954
2879 5803
1494 612
3611 9267
50 3298
4432 8516
7140 785
1613 9316
4038 1330
9028 8544
8121 3703
4186 7533
2513 270
1276 4504
6666 9162
3206 2131
922 7903
9273 3390
2575 5210
256 1216
3208 5314
2866 5174
8349 6001
8414 9062
3007 7572
9223 7715
3110 7371
8310 5816
5862 2541
124 1368
4994 4111
9429 3361
2938 6552
2446 3996
470 3087
9851 6648
9300 2739
1715 9618
9589 4965
9559 9981
9491 6734
4379 3787
8775 1538
9299 4317
1356 9354
1676 4566
7240 5014
5442 3156
9046 9935
922 2129
1212 7291
5834 3566
7447 6366
5386 1715
2321 6322
817 5811
1348 7651
91 2628
523 9535
4227 1789
7859 3330
6867 1938
5223 4036
6334 5353
5236 5691
2584 7909
335 3703
1164 225
2472 2355
1945 4149
4598 3174
1042 6799
6191 594
6021 1134
5926 6050
3296 2297
6368 515
8194 3924
1804 6695
7114 8027
7360 7695
732 1885
4718 137
4698 4122
72 9888
1096 9426
7599 8900
481 2250
7962 3474
6319 5384
982 9053
540 3304
7297 7224
2967 560
2041 8793
3559 1263
7544 9395
1459 8079
6715 410
2506 5967
1684 2035
4414 8453
3620 8412
3763 5036
8684 7402
1755 351
2778 3821
1763 8363
7362 7480
4734 2635
4151 1666
3819 6620
3771 2640
3006 1921
494 8569
37 2664
7663 2442
9180 7445
5907 3549
5912 6886
5657 348
3125 5977
8573 7279
4569 9617
7765 6261
4569 5263
1789 9602
6993 9851
3131 5932
3388 9716
8463 5585
5865 5826
5526 2379
9549 3956
5800 2271
2765 2015
1923 9514
6419 4811
1688 4864
5064 6397
3620 1055
5045 8132
5235 8576
1437 9203
8789 2072
4223 9113
6835 8004
5399 5796
6649 9838
8282 8261
3128 5243
140 9547
2195 7744
8111 3957
127 2160
1824 4955
444 3210
7759 3457
4551 5558
6875 4914
7492 245
6367 1258
7376 7557
2203 1422
8194 7151
3134 6397
1037 753
8473 5939
866 7217
5762 5225
2815 3199
1568 5449
4634 1908
868 7501
9112 2591
4018 4794
3510 3956
7156 5242
4745 1916
4497 8255
4516 8774
2656 8226
368 797
2546 2219
1844 4916
3758 9649
1193 1805
6231 6323
95 5850
6700 3014
5013 181
7874 4608
9619 7651
2201 5883
2316 2009
6994 5707
6954 9652
207 8791
2812 5827
5932 7441
6415 811
5432 402
9869 3481
2035 2417
8411 2623
9075 5937
3424 572
3760 5971
807 3945
9304 5952
2540 396
2861 4109
3669 5885
2032 5660
3198 6126
950 8070
8439 3797
1705 4094
9010 4631
7376 5941
3269 2912
1511 251
8917 2471
7262 188
2895 6838
2780 5599
3197 7792
8925 5258
7726 1783
5921 8707
1899 2485
806 7065
1037 9572
8972 7560
7173 7033
4665 3875
2979 9932
4010 8504
9056 170
7084 5391
6065 3875
1438 8065
5086 760
8319 1556
6851 5366
9389 6142
3250 879
7349 8419
6390 8262
3657 7091
5298 6205
6773 7367
2327 8425
3365 2170
692 7149
9708 7854
3287 4457
9335 4524
3390 8380
9681 4312
3099 7027
9850 701
7342 3563
2675 5339
6520 6150
3050 1073
1588 7824
2877 1059
4493 9812
503 4488
1595 903
3322 4168
6546 406
9793 1115
712 3646
2330 3244
4783 7572
4406 4071
2601 9315
248 3460
6427 7809
8352 9200
1073 1844
2610 3192
4103 1760
1607 4623
3036 9263
6906 800
4231 8809
2438 166
9749 3601
1414 619
1240 8035
416 503
4238 5008
2309 7918
5030 8578
3067 6282
6913 7595
4461 3340
4357 6294
9389 3457
978 978
613 3170
2804 8962
7321 6238
7675 984
6436 501
2734 8408
9842 9085
3157 4605
3388 9894
9225 922
2667 4384
2589 6196
9974 9296
3274 3042
6050 458
4055 1307
1821 5075
7276 5993
3226 2221
775 8487
300 1142
3025 6847
2382 8952
587 6862
8830 3384
7999 8772
2292 419
7220 5256
5111 3372
9454 5558
3985 1305
9311 2172
230 672
1785 198
8431 8609
8994 4950
145 5258
5699 2875
5008 9243
4759 4777
917 7231
6534 3948
959 6791
6624 249
923 4442
6460 893
1209 6085
6875 2036
7696 6753
5259 392
5404 7830
3127 7757
8990 2124
6648 2788
6809 3163
945 1825
9267 4922
6060 1533
9966 6518
7731 464
436 4635
8934 8877
119 245
1373 9885
574 5547
9770 2239
8311 9258
3841 9160
7475 5140
93 4008
9247 1488
2000
97 69
14 83
10 66
59 30
84 11
11 39
57 58
60 39
92 9
94 25
47 67
88 88
20 13
59 71
36 21
91 62
33 7
56 19
9 48
56 73
13 70
45 54
94 72
21 93
62 96
68 73
50 25
11 65
57 51
74 18
79 83
28 21
66 40
71 95
14 54
37 74
10 84
72 56
46 82
5 98
72 27
86 43
13 53
86 98
1 3
95 19
91 96
59 89
2 83
75 90
98 62
60 95
19 2
5 52
75 37
15 8
92 41
66 99
8 5
11 30
79 49
9 58
7 5
90 50
78 64
59 16
18 2
83 93
13 88
84 94
86 74
94 46
38 68
40 74
42 8
17 59
44 65
11 92
89 15
56 75
38 97
80 34
78 9
82 51
66 92
49 4
75 19
27 83
94 25
91 79
45 22
92 100
66 63
3 90
86 49
88 11
73 87
93 51
48 8
47 14
87 57
31 87
19 90
23 26
55 6
60 90
40 36
38 24
48 79
49 28
82 6
86 33
42 85
54 14
34 3
58 27
14 21
98 57
15 58
63 51
74 48
1 4
57 61
100 40
32 57
31 78
73 21
89 57
90 94
19 59
44 60
24 4
86 76
37 83
37 96
92 80
88 5
63 47
58 80
83 89
39 96
82 11
40 52
79 75
26 41
19 69
75 13
85 16
47 85
24 80
16 74
23 65
63 60
85 71
72 11
43 56
42 63
2 55
18 93
80 75
6 59
53 33
6 68
16 93
30 85
32 82
26 94
1 62
18 55
49 2
6 64
28 33
72 76
83 67
18 82
4 45
5 17
80 87
63 77
19 25
69 39
27 14
24 49
44 26
56 31
6 89
57 11
62 77
44 7
49 36
16 28
31 71
22 96
68 26
1 56
23 31
51 20
23 5
42 16
1 46
95 12
90 4
31 95
84 95
63 59
40 43
59 41
20 67
49 70
4 50
38 46
89 8
35 94
59 23
87 58
82 39
11 26
53 44
12 80
98 95
54 77
66 51
47 77
23 43
31 48
6 6
80 76
63 43
27 44
9 51
1 90
90 6
60 47
78 10
9 14
19 17
52 19
34 41
55 10
67 44
27 89
44 11
66 68
16 7
38 57
7 6
87 95
40 13
53 50
85 39
44 77
33 27
18 44
44 86
66 85
2 95
85 54
2 10
27 10
33 1
45 27
75 64
70 77
10 39
36 8
63 86
83 98
15 39
85 73
84 8
65 95
16 21
83 52
78 62
13 5
80 15
66 97
68 59
46 87
30 74
92 95
78 75
13 32
63 36
46 84
95 63
34 25
77 28
55 44
31 99
64 44
25 6
27 64
49 84
40 34
61 41
53 60
33 38
50 17
45 15
85 18
7 28
79 19
70 87
23 89
96 45
28 70
20 77
40 99
68 60
8 69
12 35
8 72
43 39
50 6
72 31
29 36
32 15
91 29
93 46
63 73
22 41
9 99
58 70
46 51
72 32
71 20
96 58
38 5
20 100
68 35
97 58
3 43
63 90
48 31
98 62
69 62
74 77
11 53
35 94
22 69
74 16
24 84
31 56
26 46
68 20
66 71
88 38
31 35
11 8
67 79
51 49
53 28
43 77
54 95
28 54
37 2
64 73
96 90
35 73
84 100
94 3
82 98
36 36
43 74
38 83
26 23
84 15
98 64
3 10
23 31
70 7
57 89
69 55
10 100
85 58
35 48
15 91
50 37
63 41
32 77
11 90
81 12
32 93
10 35
77 8
7 41
73 7
54 25
64 20
14 22
50 97
16 29
69 53
50 17
91 91
14 39
20 70
96 61
81 4
77 71
88 40
88 62
10 51
36 46
60 70
95 23
19 59
47 92
64 52
49 37
15 44
47 28
46 45
7 93
49 46
87 64
68 90
30 51
44 21
48 73
93 88
26 84
41 50
29 65
54 7
51 48
2 71
43 92
85 56
59 61
44 98
22 67
88 28
86 13
14 33
81 37
67 4
26 50
54 15
97 96
61 90
77 51
84 70
94 93
92 20
17 77
90 6
23 46
51 4
52 19
61 47
21 54
58 91
100 21
40 12
9 71
17 23
9 58
96 74
7 96
66 11
94 9
20 76
94 65
91 74
46 18
94 41
1 83
13 87
47 98
10 70
5 1
8 41
57 70
77 11
14 95
34 100
76 79
74 8
9 38
16 60
61 14
1 78
100 13
91 39
19 78
76 25
11 55
59 68
4 62
7 80
71 51
27 53
66 67
37 7
71 4
99 80
100 47
2 74
100 89
79 35
56 85
21 53
34 61
34 3
80 38
28 50
59 94
71 7
73 97
62 54
37 23
21 27
97 5
6 82
96 99
92 62
66 13
67 28
42 51
63 21
7 84
11 58
43 14
69 3
3 94
73 100
65 53
64 48
41 85
90 68
82 82
80 36
94 38
64 82
14 94
55 47
6 2
39 34
78 77
45 74
19 70
14 5
47 13
41 13
25 64
29 67
98 5
93 20
55 46
27 61
18 71
13 38
100 65
59 13
38 3
80 24
88 65
7 93
42 82
27 7
74 99
8 45
75 99
15 27
43 3
95 40
97 10
40 73
92 47
64 50
90 98
58 54
80 95
71 80
63 72
86 40
85 40
96 62
89 61
96 59
4 75
88 61
12 92
44 59
44 57
68 43
37 79
42 60
60 42
45 49
25 60
14 82
21 58
52 17
10 70
34 3
30 95
86 21
48 19
67 87
49 5
62 34
88 21
2 55
83 8
59 32
95 93
36 31
67 44
67 30
24 13
51 22
80 5
19 23
77 27
13 87
61 7
51 43
28 50
14 32
28 77
29 26
65 6
6 41
58 74
100 67
33 7
10 24
70 98
42 81
92 83
93 8
80 7
73 28
83 32
21 15
70 29
66 18
44 34
69 12
30 87
12 85
31 77
91 90
23 76
67 99
49 1
54 79
68 24
14 26
20 72
11 1
68 31
6 99
82 64
53 78
41 65
70 93
43 49
56 47
95 71
67 87
21 5
42 42
12 11
27 30
81 60
9 84
48 19
26 56
53 29
89 22
78 99
19 49
23 24
29 6
69 69
27 31
58 17
65 66
71 12
60 99
59 30
26 82
64 26
35 27
7 73
42 57
9 5
50 14
19 32
89 88
28 8
21 63
39 43
33 99
75 68
56 73
16 31
72 23
80 48
51 83
9 80
53 44
2 87
38 40
6 43
49 54
45 64
63 90
89 75
66 73
68 71
80 49
55 14
95 15
50 85
42 22
81 12
95 66
92 28
95 73
97 68
78 67
19 81
61 15
27 40
100 93
56 77
48 89
63 67
12 20
49 28
68 22
1 80
27 23
20 74
29 95
31 59
35 61
1 85
37 90
1 80
34 80
61 26
62 97
45 88
71 66
18 12
84 81
91 4
82 42
35 9
85 89
21 46
95 28
4 7
19 45
78 27
15 63
31 54
89 100
66 65
50 73
63 4
27 88
17 4
20 80
1 87
16 51
71 45
67 26
1 48
27 89
15 6
14 31
83 99
79 26
81 23
28 97
43 29
28 12
43 45
99 94
38 22
19 1
54 53
53 47
1 13
1 60
8 47
76 49
67 70
88 22
62 21
6 69
76 71
79 12
26 8
71 18
75 36
80 73
98 23
74 2
88 19
27 88
37 16
6 90
17 64
69 59
10 84
44 31
35 59
49 68
4 54
54 63
92 74
72 60
99 91
10 57
18 38
62 80
57 38
60 23
44 63
39 17
34 27
29 12
51 53
81 77
9 83
72 32
5 49
18 44
63 14
1 22
78 62
13 89
7 42
7 20
17 52
41 69
42 77
29 93
88 33
26 5
34 27
92 66
8 2
50 43
78 67
93 24
26 90
46 13
2 40
79 14
65 24
21 2
65 28
11 10
32 48
95 85
17 5
36 59
5 35
82 93
42 79
77 91
53 66
20 18
43 8
86 79
80 40
83 8
7 52
42 27
42 80
56 28
81 53
86 66
33 98
52 45
32 33
87 56
8 55
7 26
32 52
91 20
43 30
93 79
60 46
38 81
98 51
64 95
77 94
98 56
27 73
8 24
20 92
48 50
68 65
25 52
63 57
34 42
7 58
94 78
84 89
48 71
99 79
100 90
62 5
80 28
18 21
35 99
13 33
88 6
49 5
22 33
26 40
31 53
83 80
45 40
58 53
33 63
27 5
79 69
3 30
26 84
25 5
73 73
17 25
54 85
41 62
67 54
63 46
84 75
32 36
18 31
87 68
91 62
25 31
4 22
84 66
50 57
35 70
23 36
2 59
15 91
47 54
51 22
60 12
25 19
29 20
79 83
11 98
29 52
60 42
40 43
12 93
47 84
83 100
63 78
15 71
50 79
12 18
95 2
83 60
59 78
95 39
58 40
89 66
3 85
14 79
32 48
23 78
47 41
11 44
66 99
19 70
65 79
100 32
89 1
64 24
95 71
95 40
61 20
40 93
34 63
97 4
9 18
25 15
20 50
50 82
22 76
3 100
26 79
61 84
18 37
53 77
91 9
77 75
92 5
45 96
38 29
56 80
74 50
39 28
68 62
30 30
21 28
64 31
41 59
4 18
56 54
29 39
53 98
73 14
16 47
29 8
28 59
85 17
89 20
64 52
12 89
68 68
4 4
20 25
58 93
42 81
38 47
2 9
32 2
30 44
6 64
35 10
94 24
2 84
89 19
2 35
67 15
29 64
80 46
40 48
97 15
15 31
100 15
82 100
99 69
30 75
64 85
79 65
73 97
78 27
8 92
76 85
8 66
94 98
7 76
29 41
87 53
43 4
71 95
66 1
53 22
64 92
28 9
55 94
52 28
67 37
70 26
40 98
30 35
74 45
44 87
13 56
84 34
2 76
28 41
2 93
27 13
65 36
32 97
80 33
70 23
77 67
1 45
46 58
61 70
23 71
7 80
75 39
12 64
56 68
75 6
16 37
15 92
84 39
86 66
7 20
63 80
42 63
8 23
59 63
33 9
74 73
56 57
26 80
35 22
41 80
14 23
66 83
29 9
87 3
38 88
86 88
60 52
42 29
98 100
60 55
22 36
72 67
99 54
76 12
61 19
94 72
45 96
56 78
26 80
76 80
75 91
76 58
14 6
56 53
47 90
85 42
41 87
44 24
16 16
31 69
52 36
98 91
25 51
87 62
54 77
14 12
33 56
32 22
58 86
18 29
72 49
81 44
83 17
86 23
23 18
1 64
14 87
67 98
13 37
20 29
55 49
1 7
9 83
35 37
44 79
84 94
43 80
59 69
12 43
3 62
99 74
48 82
77 75
76 32
39 42
92 84
5 27
86 62
10 11
58 32
43 57
34 3
97 9
77 31
63 32
44 52
52 58
26 73
92 31
27 82
6 39
4 51
55 52
45 12
15 25
25 5
39 17
48 63
47 21
64 71
78 89
32 77
4 89
25 60
51 83
77 61
87 93
61 90
68 84
43 93
52 42
86 93
40 5
97 47
92 6
29 37
50 30
39 78
5 32
17 77
11 44
100 93
42 40
100 60
25 26
24 92
50 53
61 56
28 84
81 90
98 51
28 1
9 52
66 80
30 44
61 86
96 71
69 60
20 51
100 55
95 33
92 4
30 88
62 14
55 22
7 67
84 41
81 63
8 7
72 29
95 87
83 63
1 85
9 11
36 63
70 28
54 53
3 49
9 72
3 77
78 48
27 27
54 99
88 4
29 3
87 5
79 98
44 47
84 34
50 31
42 25
58 19
95 14
7 77
66 15
59 19
89 66
18 93
55 9
52 12
49 47
63 59
78 44
13 93
53 49
75 16
15 97
50 7
87 97
77 4
34 62
13 9
26 87
13 20
7 77
55 44
10 33
91 30
86 70
16 32
50 67
6 73
76 14
52 23
56 70
72 4
17 33
36 83
74 67
81 54
92 10
35 59
7 92
2 62
98 68
12 22
55 91
81 95
94 40
9 75
59 86
89 26
40 98
83 20
27 92
69 28
44 25
95 2
70 13
6 77
97 41
75 53
56 100
6 57
42 5
66 81
98 87
74 66
99 44
42 42
12 16
79 48
47 83
23 60
37 60
21 93
5 57
28 12
86 56
94 28
28 80
41 32
37 98
14 56
44 47
72 49
1 33
62 21
55 38
42 24
20 49
70 37
73 24
84 68
42 18
76 41
77 54
78 82
97 12
78 4
36 4
80 47
89 94
92 82
38 48
21 74
60 11
96 21
66 92
37 59
89 5
98 55
28 26
2 33
31 1
25 94
68 12
60 30
1 53
7 19
5 37
73 41
98 37
32 4
32 31
98 76
67 67
37 95
72 38
42 26
94 13
12 26
64 35
11 100
58 49
21 75
18 49
71 70
77 91
36 27
64 49
39 50
18 90
33 26
43 16
80 45
46 89
96 8
67 96
44 15
35 66
72 53
7 21
1 35
55 66
57 1
76 98
2 16
24 73
30 93
22 77
93 95
8 22
79 44
34 25
38 91
41 73
94 53
45 96
34 16
81 15
95 29
3 15
2 28
4 39
23 70
48 20
34 20
92 52
60 96
70 8
47 69
86 2
80 63
15 46
35 13
66 99
14 29
78 75
52 24
34 6
22 97
92 68
89 89
93 21
17 44
49 69
52 67
53 69
8 83
4 66
23 89
76 24
25 100
53 12
16 3
32 21
94 37
74 61
99 45
1 18
55 87
75 46
93 3
56 68
54 27
32 3
15 71
66 6
75 94
80 56
32 81
70 14
61 6
88 79
9 16
84 81
21 53
75 28
10 68
74 86
21 57
77 94
25 38
84 59
36 98
4 2
23 60
65 41
96 65
98 65
56 30
56 24
8 88
78 58
96 72
24 3
36 82
99 94
84 41
18 71
98 59
68 43
31 38
89 86
85 63
56 56
32 58
22 93
60 83
89 66
91 35
89 39
91 58
14 77
2 52
86 39
24 53
8 71
99 40
78 50
45 99
84 55
84 15
46 91
65 82
93 25
33 11
9 50
56 19
45 35
64 47
5 93
1 21
82 91
28 47
23 21
27 98
25 69
79 93
65 40
12 97
26 99
83 3
7 9
67 85
91 94
99 43
72 98
37 64
24 19
38 33
73 45
59 61
6 1
55 14
71 32
53 77
4 29
28 33
68 24
98 65
96 93
7 66
33 32
3 17
58 8
30 90
68 82
41 95
34 45
85 43
49 19
59 34
39 59
87 66
32 18
40 15
68 2
80 27
38 21
74 76
87 34
69 11
80 87
29 3
8 24
55 88
61 30
3 65
31 12
100 75
40 38
50 54
6 46
92 27
95 90
64 37
26 6
88 16
24 56
73 55
84 13
52 50
68 99
38 83
82 96
99 94
59 84
69 31
7 93
2 14
26 32
78 15
31 32
51 34
37 89
99 9
33 75
83 58
10 26
15 30
98 9
17 87
55 25
97 13
45 57
60 28
27 100
54 97
46 54
37 79
96 89
85 18
47 99
84 91
26 44
5 11
24 83
23 2
38 100
68 86
95 98
60 55
62 83
83 51
28 90
74 92
67 41
72 51
49 53
46 49
82 63
37 34
69 85
25 76
9 6
89 65
36 23
43 42
3 47
96 100
4 85
40 49
50 15
20 38
35 93
84 45
89 51
4 81
60 66
68 93
37 55
53 9
39 89
86 7
28 55
43 46
99 78
87 25
64 9
95 63
23 28
54 66
21 71
50 23
84 34
92 92
58 28
87 95
7 82
65 37
31 61
63 25
95 85
64 63
88 21
41 34
53 56
85 10
41 83
89 8
94 67
20 65
17 55
45 100
70 4
60 69
79 14
36 1
93 66
33 72
40 27
45 19
78 76
13 26
14 23
13 7
17 82
62 75
75 99
74 11
23 73
99 77
81 39
25 1
73 72
68 23
41 84
97 55
48 34
58 82
90 55
78 40
48 76
85 83
44 27
35 47
73 75
87 6
36 21
49 94
65 76
74 78
24 47
31 5
52 87
34 50
100 21
56 68
20 27
89 75
53 47
16 41
56 26
29 32
82 70
24 87
71 60
93 9
78 62
71 88
36 96
17 15
7 47
56 6
67 8
53 24
49 59
5 54
40 100
17 29
12 70
79 14
60 51
82 75
55 8
50 44
89 93
96 46
68 32
10 63
57 32
3 52
4 85
12 4
42 96
2 29
19 83
49 61
92 86
37 80
77 90
98 100
7 23
59 19
19 32
10 91
45 66
85 4
70 71
79 39
46 34
37 57
78 44
54 90
25 49
4 85
64 50
50 77
66 28
17 51
11 16
87 36
24 92
66 97
14 79
22 44
32 7
55 77
19 97
93 97
6 29
8 43
26 16
59 94
50 24
50 57
16 95
54 29
83 50
15 98
64 65
32 51
24 46
63 59
77 80
84 53
31 24
77 66
37 66
38 77
76 33
10 55
59 62
62 91
55 78
94 91
60 39
34 72
8 21
44 15
2 82
44 64
37 89
63 24
86 86
91 71
37 93
13 67
85 58
87 91
11 14
41 31
8 24
75 28
11 15
59 76
58 51
64 15
21 32
88 64
24 36
60 96
90 27
65 66
63 51
92 17
98 66
60 3
5 60
57 31
55 81
75 82
51 45
65 86
99 52
54 84
83 18
86 32
24 62
13 90
70 43
16 77
88 57
79 45
26 67
42 56
90 11
4 89
19 28
20 29
72 32
45 42
50 89
80 24
18 60
35 15
6 57
51 99
76 45
6 50
62 28
26 92
1 49
79 92
31 95
37 64
71 5
38 42
84 98
23 37
90 89
53 24
52 12
99 35
54 53
79 83
44 50
82 79
73 99
94 33
27 83
23 98
85 34
13 68
51 53
56 49
21 16
90 62
48 86
96 56
93 51
60 18
5 27
77 34
88 50
62 13
87 79
74 21
48 60
23 71
10 54
41 38
8 93
64 1
9 83
93 7
62 22
34 20
45 58
24 56
65 94
19 69
87 7
55 49
78 84
36 5
23 52
73 72
59 20
47 44
93 54
91 35
49 27
3 15
10 76
52 87
65 76
