1000
4784 8358
1444 2586
1808 5535
1602 6998
1450 6701
9387 8701
7512 8774
8508 3446
5663 9884
4244 9575
4129 72
9653 772
3265 7471
9910 3250
4443 2675
9877 1104
8178 263
3283 6591
8540 6283
6944 2300
4395 6819
6745 79
9941 6736
3415 4017
7916 7831
468 9806
5279 5128
6454 903
1527 9766
327 8355
5639 5235
5896 6300
897 5754
7913 3149
823 1076
4922 1827
8615 341
5049 7187
1312 7812
7178 8451
3257 8779
5414 4934
3804 9990
856 8753
4128 9412
1011 7553
5570 3189
2468 9209
1877 5012
4561 3375
8020 7510
2781 1217
2945 8806
2480 642
7597 933
5381 2033
1616 4526
1303 4564
5911 7156
5576 5948
2994 2368
4749 2443
4040 2080
9377 7170
2797 3779
4716 2978
8577 8481
3096 7782
954 8197
1166 2959
2476 2063
4848 7384
551 6511
2055 6691
6164 3312
3021 6747
8816 3476
7113 7090
2363 8533
4039 1791
3138 7379
5477 8769
1183 7522
3319 1062
8298 3963
3468 7182
2485 5344
5170 1965
8258 9470
8622 2268
2353 811
3116 2449
8976 4683
7837 5641
3667 2562
7802 2597
9472 5693
4541 9515
5937 4835
1963 5781
1387 7356
4910 6772
3267 3442
2113 4409
7671 7474
7475 7368
2636 875
207 5784
611 4571
7668 4633
908 1730
6753 4635
5374 332
2323 6145
8704 945
8399 7706
2031 5899
680 5744
4779 3930
1173 811
2607 1409
9337 5139
4911 7433
2541 3275
8002 6727
6253 1904
8670 4395
9672 2850
885 9799
9719 3231
5769 1262
7599 8611
6937 3798
1454 8094
5289 3085
814 2155
2890 6426
5418 6077
1946 1124
8647 6870
667 2923
9769 2270
7238 536
1420 251
1292 8920
3517 7410
4727 2349
7473 478
2028 1701
7568 4993
9055 2948
567 2884
9459 5833
6310 9133
5576 1879
3503 650
5172 7507
370 1064
696 7998
3806 3337
9173 7306
1843 8331
4003 761
3775 6349
6294 8048
3359 7707
9877 8308
193 9896
4301 8418
2937 3059
2147 4031
6970 5432
7696 6409
1242 1244
5791 2865
3486 2521
7744 7963
2319 2404
896 5782
5582 1332
4134 5113
6656 8598
7217 7792
5833 5970
7308 2847
2159 1410
3163 438
1925 4809
2485 4396
1155 2385
1510 2436
6351 61
8404 9223
8524 2327
1540 2924
6807 3205
1660 427
8902 9771
6086 6182
8983 8557
8081 5213
9092 7766
4462 6542
6261 4175
894 6303
5977 3869
7584 7838
6872 1117
6362 6015
1383 3084
9245 5007
6033 5614
8057 9061
6019 6558
2871 6628
5676 4391
8262 3306
9455 2003
1244 1711
2638 1972
5841 6151
6685 7971
7930 331
4998 8470
9814 2511
7277 7480
6074 8407
6147 8582
7532 3201
5455 643
5798 9375
18 307
640 2895
3594 987
3406 2710
479 4931
1820 2113
9889 4220
2820 4140
2628 4661
2816 4238
8985 7247
1183 8790
3643 6061
1459 4176
7108 3677
1722 5728
7594 6291
7467 4928
1142 700
4999 2852
2317 6239
1553 8896
9814 3637
9756 8572
9354 5286
3007 4597
9073 6555
5694 1177
7116 3292
619 820
9109 3599
399 9473
9980 2843
7570 8692
903 6110
6560 7478
8767 6848
3247 295
1843 1389
8199 6007
7952 3933
8177 8600
1492 1427
8149 7592
3430 3613
5669 1985
6191 2624
2462 4146
3220 3712
5076 5843
5744 943
3918 8847
1171 737
5519 5654
5193 8915
6110 3573
7444 9969
6553 1875
7329 9155
3812 8558
1774 6324
3152 2255
8643 8446
8033 2583
4634 8356
8509 1276
8332 8044
4432 9668
4503 94
7895 8766
9532 1111
6033 8895
6281 8146
1398 683
4057 5497
3556 4279
8383 6222
5134 1970
1200 7663
1804 1159
8149 36
5215 7821
2910 602
1679 2584
7893 3358
3698 2916
9872 7323
6278 3600
6160 704
2775 7489
3536 1627
5014 6570
3947 8450
7757 8970
8904 3877
4772 2734
8509 4723
8079 3498
1718 994
8729 1355
5529 5283
5410 1391
786 3877
7087 7193
4886 7812
5929 332
2612 9667
6128 3188
5727 6834
2400 317
7590 5409
7564 319
4973 5286
7278 225
4114 1745
936 5071
5172 7159
2052 601
1478 3022
6113 2563
9146 338
202 1238
1536 8107
6083 5518
1293 7359
2000 8584
5096 8640
6926 2972
6824 9190
5697 4638
5952 2138
75 7848
8393 9272
93 2081
4756 5222
1421 7600
8559 5344
8534 7668
3769 6534
5925 9004
3541 3447
1369 7575
5370 1495
7393 4705
6118 8778
5923 3247
4705 165
849 8765
3244 5881
6336 9452
8458 7758
9702 8449
7593 2051
6896 826
3804 8771
2850 9696
477 252
9616 9636
4385 4531
2737 3991
9801 9566
7381 2380
3255 9440
7313 9202
3160 6526
4987 9283
22 1427
8161 7969
5271 5336
6519 1404
7596 5764
3533 9154
4371 7831
6137 477
965 5369
434 8721
7159 4656
8403 2516
7401 8907
2281 6428
6885 3828
9511 5601
2081 7151
6969 5504
1328 4756
8920 8004
1863 1549
3218 5489
9328 5388
1667 1619
4616 9607
6904 4227
1014 4352
4771 3937
9042 8804
9526 4843
994 9131
5427 1374
8976 7534
5320 8880
5503 8437
9840 4966
6603 7406
4718 7418
6220 3781
605 4260
2467 7800
2146 3767
217 167
6829 8168
7102 9136
8381 6254
1787 6166
566 2739
8174 4754
9290 47
6136 1507
503 8902
9735 4371
4362 3681
8332 5177
3475 437
8290 6632
5191 7608
1690 5340
2132 11
6746 7912
3946 3296
3351 7993
9367 3493
4210 24
244 3251
4072 4111
6767 1945
4956 6155
298 7671
548 8134
1483 4741
3899 2236
1908 5013
3046 9811
101 463
4977 6572
133 6705
873 6234
4203 3047
4796 7633
1739 9274
7158 177
9772 9870
7077 6336
3443 9991
2003 8508
5511 1889
4365 9974
3672 1394
6741 9190
4768 3613
367 3590
5270 4558
3045 5386
5036 73
2910 9873
2268 2771
2611 5070
9213 1920
14 1424
7843 8240
207 2323
5394 2325
1 9216
1201 7133
1908 6304
5850 3104
5280 2425
7015 114
1615 144
7214 6747
3769 3831
4907 1357
866 409
9879 1849
3518 3028
2005 8150
9981 1520
6691 1689
423 4091
8396 5142
665 9018
2353 730
9082 5164
7045 4318
3634 963
5209 4460
7390 5500
7908 3443
482 7547
1468 7248
4447 9238
1839 9107
1222 3259
5180 5549
1836 8135
3202 5885
8900 366
8006 2668
3577 2796
8235 7391
5597 6428
5225 6697
3072 1372
4164 1963
8950 392
8708 6785
5653 7809
5375 809
9154 9804
8565 4533
6538 5058
9787 3719
351 5271
9266 3306
3700 3110
1221 8735
3318 5526
7522 530
5710 4979
8143 4228
9440 6957
543 907
5616 9385
4087 3075
5255 1660
6800 2601
930 8691
5114 9437
3392 1062
7290 7945
5329 2488
5160 3438
4792 2705
1687 5353
7719 1888
9733 1356
9433 8699
1937 4443
5669 5613
4081 6281
6994 7582
9817 4440
6210 5473
2298 3454
6181 9416
4155 6217
6536 2535
1648 9479
1095 627
8657 2941
7017 3835
3800 9862
2292 7349
2137 4326
1744 9150
2675 4819
9532 239
9215 1613
9420 4673
4493 4487
7262 1007
7780 6926
5929 72
1540 6966
8806 9997
3708 1202
9826 9130
4 229
4580 7271
5961 3657
5429 4807
8680 3346
1037 5488
1476 2879
202 6868
1100 9168
2005 3731
2148 4739
178 1436
7613 7545
7853 4734
1788 4277
3581 4715
5783 347
6778 2888
6059 633
2629 4881
1916 5325
3340 8743
1034 2873
2233 6133
5213 7820
8472 9897
7342 5817
9056 964
9702 156
8840 9333
8052 5565
2362 1329
9128 9984
7622 3335
2484 1533
5388 8823
6950 9616
8658 3456
6285 7443
5360 6722
2118 8820
4705 8179
9044 1880
197 7236
905 3669
3230 9842
3722 3474
3702 1108
665 9007
3385 3586
178 5762
954 7089
2471 8433
6123 4205
1544 2521
4863 2104
6557 7409
2124 9558
2583 8392
1531 1204
6489 4405
1278 4771
2618 1754
7685 1928
3057 6056
120 6505
8830 6822
8484 9150
9248 5258
2050 4018
1621 9718
2642 9873
3541 3489
6727 8226
1301 3304
8605 3553
1348 1333
5347 6210
7912 2762
2289 4501
7366 8956
6376 9613
4508 1228
6056 5794
1740 8034
6442 1441
2232 6132
7952 1324
6328 4897
7676 5079
504 9942
6482 1240
455 6960
2316 1450
8944 5387
8169 9555
7146 6049
5289 6488
3522 9102
6614 5924
6256 9159
8949 4991
6719 1756
8486 8538
3196 2109
7450 9428
9927 8054
8024 2669
1873 7780
7456 6443
2433 7624
1330 3678
806 8726
2622 7577
6675 6633
5419 4440
7346 6060
7157 9207
255 5967
6490 8598
3396 1346
2850 255
6736 5514
3728 8774
1160 8493
6563 11
4896 5737
304 9794
1499 9494
8101 6442
6716 4504
9965 7443
9210 3932
9804 8795
2680 3860
6561 6435
7871 3169
3793 2417
5484 3838
6266 7224
7754 5321
9319 1502
9550 2370
3369 1251
3243 2933
7482 9204
7785 1983
7193 4609
6207 8261
3306 7968
8388 857
3092 935
6524 7735
2801 9041
3307 6570
8520 3804
6473 4966
5055 841
7190 4300
7176 3084
2075 9403
7450 7798
2269 7267
476 8910
1114 864
5711 1366
2730 1331
5451 8848
9928 7514
273 4616
6950 6249
1133 2925
6902 4798
419 5952
5022 2325
6452 9015
9074 7964
425 6467
3788 2591
1460 7300
2696 8014
2311 8763
2769 8551
2649 6847
8202 6745
3265 6875
7413 859
6596 1655
6184 51
3838 5139
3687 2418
474 6119
4444 4934
2881 2643
6546 2773
1885 7816
6867 247
4890 12
1625 4811
4607 4794
2617 6874
6406 9209
3358 2011
6520 5285
1683 9547
7736 7207
5645 1120
730 5079
5753 3522
4710 4955
9059 3318
9358 958
5120 925
4071 228
7823 2188
6512 1647
6382 2316
4195 8992
9644 7435
6857 4392
4412 1150
5368 615
3750 1212
8835 4009
8266 4637
2324 5704
8401 7241
4503 3347
4557 2162
4116 5981
9104 4853
8318 3326
9046 3691
5033 3428
468 7763
3863 2004
270 264
4753 2431
3217 6042
6034 1890
1524 1083
8868 7862
401 4238
5551 6177
6741 7504
1822 6281
9693 7948
4060 5579
2653 5484
4964 9656
8827 1525
2123 6412
282 1844
5110 6938
9137 6144
8038 2218
4566 336
7537 9128
5343 5531
9301 7288
7331 6750
2933 4193
4262 2759
2856 3602
9644 2560
5188 2935
2941 6355
8093 8972
1890 2345
87 6685
3676 9414
4381 2610
1226 9344
1762 7385
9945 6597
6145 2873
6740 3217
8586 9870
7201 9240
8384 8628
4630 6934
3677 6820
8182 6813
5290 1618
4242 4663
1992 6847
5321 4906
4801 4172
1981 2927
6668 8702
6740 6025
6184 917
9723 8379
3846 9567
5238 8992
77 6916
3713 3403
717 6364
7912 9809
1094 231
5918 5494
6694 1710
5682 8057
7356 2548
427 121
4880 2066
8462 9045
2332 8594
2608 2507
7876 5261
9663 4509
4196 3574
2333 3942
7793 7534
5068 7966
4969 7899
8732 528
3949 3729
5688 3738
5250 7068
2702 7090
8409 8724
3699 3566
3215 8398
8150 1403
4003 1794
7729 3797
4185 1535
2459 9953
896 478
5664 3121
6050 8455
7746 3447
4128 2018
6346 5397
7818 461
9902 6504
1956 7667
8229 6801
6410 4116
2897 9079
14 4358
4036 9197
915 8555
9442 2388
8161 2246
687 745
9495 6112
8472 6044
4653 4361
7682 7708
3186 1778
6291 5016
3192 4999
4034 4057
4169 4403
3421 8277
9672 1938
9273 8280
6038 5447
6378 7999
4709 4703
9282 6736
5312 5273
4384 6442
2318 3930
885 1533
5884 3183
598 2170
7001 5457
8444 8224
9804 3267
2566 1733
3938 3845
5889 6482
9284 5582
8510 356
7774 6740
4388 1775
584 9003
4629 9243
689 1641
8421 1695
8050 4251
939 1307
755 3414
6798 8117
8333 7932
8269 8969
8032 2944
1719 7910
6158 6453
6953 9614
476 2021
2000
21 34
93 54
22 37
8 61
22 49
80 45
9 83
10 30
55 48
30 34
52 78
6 80
17 55
96 79
57 17
98 52
69 9
62 49
54 66
57 52
45 65
31 79
38 80
53 34
98 51
84 73
41 76
45 62
53 83
21 42
62 19
36 48
7 62
55 59
27 54
30 92
15 91
19 43
4 49
62 95
61 61
73 47
54 45
68 16
51 4
29 91
68 47
46 100
56 76
5 34
33 78
29 24
40 82
90 44
6 12
54 95
2 76
52 73
65 56
50 99
54 94
97 38
47 99
35 19
59 34
56 12
19 100
30 59
17 90
11 2
99 82
40 78
78 37
27 84
95 84
66 33
17 83
83 33
78 55
27 82
55 94
9 98
74 47
1 88
79 76
76 22
92 71
18 66
61 88
81 70
56 77
69 42
32 39
44 82
26 47
33 23
19 99
77 31
13 80
66 4
76 54
29 86
45 90
78 19
94 89
68 1
29 16
4 46
43 87
95 80
59 69
10 92
31 22
87 24
70 78
17 50
73 2
65 1
79 29
29 86
10 36
10 76
77 98
74 55
65 74
8 30
4 82
75 43
68 72
57 82
10 9
24 71
18 38
47 96
26 27
56 69
43 96
23 15
73 14
94 42
90 58
81 23
2 85
86 92
58 5
46 93
60 95
7 1
89 63
6 74
52 11
51 60
22 87
47 73
54 32
26 16
59 69
71 88
80 69
54 75
68 64
82 26
34 62
44 41
43 65
85 24
32 64
12 65
38 10
41 93
14 28
65 81
57 69
88 70
83 87
3 13
23 14
94 86
69 20
12 8
94 46
16 89
53 4
13 57
38 64
38 18
92 57
5 52
3 48
52 47
36 74
65 20
32 43
50 47
18 32
66 53
62 72
75 89
24 47
47 16
41 74
82 75
53 83
4 5
64 13
97 28
75 90
92 45
50 52
68 41
29 96
81 66
33 90
68 58
71 15
83 26
11 33
42 25
3 28
94 22
80 51
62 83
94 3
90 85
62 66
56 62
98 65
68 37
98 27
50 64
52 29
34 43
31 17
52 9
16 76
60 28
48 33
68 25
94 72
9 99
19 50
89 40
96 51
86 44
39 77
12 66
10 49
28 46
24 69
21 29
31 51
22 6
11 50
35 83
6 66
96 54
95 19
5 87
70 36
64 40
73 74
50 72
43 93
88 87
64 3
83 28
55 87
18 61
42 13
59 61
58 60
60 15
62 100
17 42
38 6
8 4
13 4
17 52
59 34
39 73
37 68
96 68
12 49
45 61
52 66
30 39
16 8
83 63
79 10
48 30
34 91
80 53
19 28
23 4
15 5
13 38
80 58
29 32
47 52
58 63
27 52
28 62
97 58
56 39
58 35
65 59
41 43
40 10
87 65
49 60
58 50
89 30
8 44
41 76
26 69
1 82
30 54
99 14
23 65
12 19
92 71
57 31
69 78
16 34
95 14
46 11
48 7
96 6
24 85
32 96
56 94
70 38
81 37
66 29
83 48
78 16
32 7
22 89
71 94
19 82
68 68
95 66
66 88
41 15
65 78
62 61
73 12
38 46
90 61
18 6
90 57
71 65
80 65
26 47
65 36
47 34
41 95
34 56
14 16
31 97
18 97
38 87
26 87
69 28
28 70
19 26
50 77
88 20
18 94
20 32
28 7
99 24
32 15
88 51
12 60
27 28
65 35
25 37
47 2
20 4
3 49
91 41
12 36
43 43
77 35
88 78
6 75
15 56
82 66
73 4
15 87
60 85
72 81
74 51
24 67
71 37
48 84
12 74
62 98
51 30
89 24
64 45
21 23
3 41
62 55
57 24
61 92
92 83
77 43
53 4
87 88
37 91
79 98
36 13
45 58
63 24
41 35
75 20
37 64
38 76
3 80
10 45
51 98
90 36
3 69
52 19
56 52
100 22
55 17
22 93
54 22
42 29
27 93
92 47
7 25
72 71
2 62
58 32
35 4
63 40
8 10
74 12
20 92
35 31
86 97
76 31
94 87
47 81
52 10
94 77
90 33
63 33
48 11
15 49
94 61
65 73
100 23
18 47
16 79
5 74
13 23
59 96
20 57
48 69
7 38
58 93
22 50
50 51
17 86
85 56
24 19
59 12
52 50
4 32
8 41
75 48
9 58
16 39
74 8
16 58
35 78
60 64
21 32
54 92
73 96
95 72
46 90
97 45
56 56
98 82
31 22
87 51
88 40
25 67
27 71
10 7
81 40
81 68
6 44
70 20
77 41
58 71
57 84
30 17
57 47
76 52
9 54
89 49
21 30
72 56
63 60
64 40
85 54
88 85
38 1
12 39
24 81
53 1
85 58
72 98
19 66
77 24
15 94
49 93
36 72
47 68
36 66
53 39
93 86
37 73
79 51
23 96
52 73
9 56
28 95
22 46
26 7
5 71
15 83
94 72
85 89
4 92
34 20
97 88
58 54
5 40
60 51
60 49
24 56
2 67
24 38
31 93
44 88
66 24
26 17
17 63
75 88
44 63
3 72
5 63
87 27
5 85
33 13
17 72
10 30
89 30
58 78
24 36
76 89
17 30
97 76
50 36
58 37
81 77
5 51
75 34
70 1
90 92
100 35
17 34
87 89
67 99
20 89
27 6
99 53
47 59
41 83
31 1
51 18
28 50
84 85
62 42
27 32
39 27
42 5
9 37
17 53
14 65
13 90
21 96
5 75
45 67
31 76
40 69
75 32
18 41
97 26
7 100
91 99
76 93
46 48
65 43
79 22
23 79
63 97
48 21
25 67
45 9
59 19
80 5
54 66
45 33
60 16
70 77
61 47
96 98
50 24
27 67
11 25
70 39
84 32
86 78
16 69
52 42
64 11
48 69
83 16
68 100
96 88
71 51
4 19
62 60
62 15
85 15
14 53
87 78
11 27
82 33
94 80
16 88
12 90
56 93
52 72
15 89
79 44
67 35
62 45
20 57
22 69
2 24
83 7
30 14
29 88
85 35
53 50
22 6
94 29
13 95
96 5
86 34
94 33
19 97
46 80
39 61
100 90
90 30
47 49
3 31
24 18
60 37
87 99
59 25
84 48
2 1
49 18
56 97
25 83
56 95
89 17
72 25
37 90
73 67
50 58
42 5
65 47
21 61
7 81
87 82
88 59
1 12
82 67
67 7
45 52
33 13
48 11
70 9
53 52
97 79
20 7
92 14
31 25
64 38
16 32
73 74
93 91
17 44
18 61
8 89
36 66
79 35
21 71
86 7
79 10
89 61
95 62
17 68
16 75
51 82
43 84
74 24
36 63
61 23
56 60
47 74
40 84
56 53
64 20
21 54
1 32
65 98
47 53
30 77
8 79
31 25
39 8
17 34
69 8
63 93
66 64
52 60
69 64
49 87
79 12
89 36
20 63
79 35
31 20
99 20
12 45
25 93
95 11
64 65
95 37
99 46
95 71
93 100
98 82
79 19
26 44
34 89
34 24
12 32
34 96
39 15
31 68
71 35
56 19
82 37
49 72
74 13
47 69
92 94
76 32
39 63
3 44
10 25
30 36
8 98
62 17
8 90
26 50
90 28
1 4
51 100
73 100
60 33
37 20
100 64
8 37
76 75
20 17
16 95
24 83
46 6
7 17
98 19
28 56
11 50
5 100
68 81
64 28
53 63
96 53
22 98
47 12
100 56
75 5
18 24
16 5
87 24
93 45
13 47
80 93
21 33
35 23
87 47
49 54
100 26
87 42
58 37
66 49
52 60
77 17
65 100
57 13
30 42
14 11
75 38
15 98
36 99
63 63
40 9
56 34
78 97
12 2
4 88
25 59
34 68
97 19
44 87
34 63
61 97
21 71
64 45
29 75
4 77
81 51
87 78
67 22
94 40
19 63
87 62
41 55
18 48
24 41
28 43
75 61
50 54
31 20
55 71
90 45
62 34
71 8
50 29
43 66
53 84
51 11
67 63
78 53
22 43
32 25
13 27
28 63
17 44
93 11
8 25
28 46
83 35
54 7
68 51
12 38
1 68
97 76
7 3
40 86
12 73
79 99
35 81
85 55
73 71
35 98
5 37
74 9
42 90
25 98
14 66
95 46
77 22
55 97
22 98
54 3
10 100
8 51
55 72
9 87
51 47
45 35
72 17
37 18
6 92
73 94
1 43
68 66
78 21
30 22
8 71
55 92
69 20
58 23
25 73
45 33
91 80
26 16
3 97
84 19
21 3
1 31
9 83
1 50
72 82
84 2
2 12
64 44
27 67
99 15
59 80
13 75
40 31
30 31
75 28
8 70
29 71
15 84
27 95
51 56
23 57
60 5
59 54
52 43
100 49
83 13
70 74
39 15
97 11
88 55
17 60
88 69
89 26
31 93
72 68
88 100
54 59
64 27
18 80
14 21
48 19
68 4
86 27
17 47
43 43
65 44
68 24
10 52
8 73
94 66
98 74
66 37
8 95
93 62
82 11
43 65
71 30
34 56
85 87
40 41
67 31
91 54
42 13
14 14
51 8
2 7
60 65
57 34
10 31
16 83
97 43
42 97
81 78
87 85
44 7
54 96
41 33
39 50
48 28
53 81
22 76
5 53
47 33
6 69
58 6
8 58
79 50
50 86
21 3
57 18
54 60
70 88
54 11
75 14
35 79
49 39
76 55
23 43
68 39
94 39
86 74
61 96
12 74
92 49
86 41
2 76
5 61
99 15
84 19
92 44
45 43
9 71
26 89
82 1
9 44
43 63
2 11
58 90
57 12
88 69
73 47
64 71
8 12
49 88
50 57
26 4
79 33
12 46
41 94
56 24
87 30
97 83
97 31
76 18
3 31
99 37
26 34
13 70
81 67
18 67
62 31
92 19
27 100
50 44
22 55
18 67
93 8
75 76
29 47
35 65
10 72
83 77
60 52
92 100
37 38
57 1
22 58
32 91
66 86
66 74
53 74
1 96
15 14
42 93
78 70
44 27
22 80
68 28
7 13
78 51
94 32
99 15
54 77
81 85
25 92
79 55
100 65
16 33
67 41
36 56
46 79
65 2
38 50
73 82
42 12
62 50
54 17
92 60
68 78
60 98
79 88
48 100
97 53
34 30
74 55
10 14
94 21
65 37
12 55
4 90
5 23
45 28
76 92
99 38
67 70
28 30
56 56
78 37
65 78
45 27
81 41
99 79
2 12
59 73
88 100
97 23
8 48
54 38
34 59
39 92
69 41
28 58
3 64
67 19
9 62
51 6
41 83
14 32
22 20
63 19
5 52
13 18
25 51
100 55
26 61
61 60
100 48
23 62
47 61
49 57
57 85
10 6
28 58
84 38
67 27
98 53
91 31
2 99
36 13
81 53
31 91
93 85
5 83
10 96
92 58
63 47
61 6
20 51
28 66
67 52
53 57
88 59
91 51
78 84
45 37
91 60
16 31
89 3
90 87
66 16
1 100
87 65
76 55
45 78
46 35
82 52
7 78
29 84
70 56
74 81
77 51
22 20
11 8
2 13
4 16
41 76
34 48
61 30
77 77
84 5
63 37
49 73
25 42
61 6
43 66
87 25
63 70
16 9
27 88
62 52
90 77
93 29
79 74
67 41
3 83
81 10
41 26
32 87
74 12
49 38
19 70
69 3
8 92
57 77
85 81
60 57
70 98
50 84
9 58
58 7
89 5
39 24
70 36
45 80
96 39
80 58
41 91
49 26
42 43
55 43
7 33
50 96
52 82
24 59
5 15
41 52
2 70
71 95
22 20
75 98
63 43
71 80
40 86
57 89
28 69
15 82
36 57
85 64
56 49
51 45
17 68
64 85
34 5
90 4
26 74
75 63
25 53
39 83
100 59
64 3
55 62
1 71
60 82
5 35
21 46
13 23
59 36
6 28
92 43
66 99
12 7
85 39
69 13
79 15
61 22
36 78
92 92
98 80
72 3
1 15
19 34
23 79
19 88
43 14
31 50
71 6
92 93
16 57
65 58
98 48
4 98
70 100
50 1
58 94
4 64
67 15
61 33
55 14
17 59
62 59
56 12
94 69
54 61
62 28
91 93
98 9
40 11
6 40
61 83
73 31
49 57
21 25
88 13
87 28
24 49
84 77
99 92
19 54
33 72
91 70
87 21
7 17
95 67
79 39
35 93
58 99
25 21
1 75
50 16
41 75
99 61
75 71
31 74
7 98
38 38
69 64
64 76
98 83
60 96
32 68
45 63
89 98
15 25
94 76
93 15
48 78
35 91
43 23
100 32
15 47
1 52
39 98
69 33
70 41
19 37
85 28
55 37
65 74
68 10
97 71
32 26
33 66
85 4
42 14
9 44
3 51
73 28
74 46
46 98
42 51
12 84
9 24
87 1
83 20
10 82
60 83
80 89
81 73
36 24
30 23
54 23
100 26
38 74
73 29
75 79
45 76
15 54
55 66
50 7
12 54
1 59
90 89
66 57
49 86
45 58
57 51
84 21
7 24
37 78
61 38
32 67
45 63
90 22
72 91
85 67
26 49
73 53
26 28
52 97
10 96
62 63
83 24
61 29
87 14
84 38
76 57
23 85
93 57
91 80
53 71
8 9
3 96
1 71
100 24
53 3
88 16
44 91
22 11
22 72
3 97
14 68
62 21
73 41
21 71
89 35
69 26
73 22
51 48
22 45
46 68
83 79
42 68
86 83
33 1
24 56
10 2
80 84
61 21
11 28
8 83
92 88
28 69
79 32
16 13
1 75
3 96
78 7
12 26
66 86
91 7
4 22
25 84
35 100
81 52
95 1
27 28
40 41
49 7
66 41
55 7
96 4
4 27
34 30
10 33
75 7
77 63
88 37
37 28
1 77
12 63
38 53
6 87
6 85
77 5
75 66
11 65
37 52
72 93
41 97
94 39
46 24
71 59
15 32
15 65
41 62
56 72
25 80
61 66
7 19
19 41
90 41
48 47
38 86
34 92
47 41
21 48
53 85
13 6
74 37
46 1
50 81
20 68
48 42
2 28
71 45
55 99
3 7
34 68
66 2
79 24
66 44
56 90
66 1
49 84
94 95
38 18
21 11
12 27
80 97
86 44
44 33
28 74
70 35
54 16
30 60
92 17
74 83
71 58
40 38
20 96
50 44
76 44
93 64
61 21
14 6
93 52
93 54
22 82
26 32
25 96
51 31
2 51
22 17
31 42
65 1
20 58
21 80
79 82
49 20
3 12
40 56
67 3
93 72
23 14
85 45
18 68
53 33
9 84
77 21
54 58
23 92
8 88
89 75
92 31
15 69
78 34
25 68
83 76
75 82
32 22
63 26
20 9
53 60
35 31
38 1
13 25
28 56
26 74
71 28
18 32
42 75
44 70
17 34
2 13
31 19
3 59
81 83
79 41
41 100
44 9
54 20
35 2
8 25
58 90
63 100
72 37
2 74
74 19
77 98
51 48
79 66
22 1
85 35
78 24
1 69
68 49
26 53
27 13
30 14
73 54
23 70
1 54
53 86
13 28
76 19
94 99
76 93
41 58
43 74
34 53
37 89
8 97
66 44
80 1
72 60
51 1
45 19
65 12
72 14
36 77
92 39
2 92
15 37
34 81
47 29
42 3
49 94
99 53
78 52
55 96
84 89
1 50
72 13
13 37
75 49
9 16
28 30
33 13
36 24
52 3
28 100
62 91
66 17
89 48
72 80
31 38
100 51
12 69
96 84
44 43
60 76
23 40
46 21
17 20
56 47
29 78
88 56
35 8
32 23
63 45
31 81
45 90
90 7
53 59
90 60
40 82
23 93
10 24
34 54
10 62
72 48
14 13
19 84
59 65
29 3
72 88
18 47
44 86
19 8
43 10
19 13
57 7
98 62
16 58
69 39
49 22
69 61
65 66
84 22
100 31
61 27
74 49
68 7
89 66
66 4
85 49
59 97
93 88
56 18
39 69
57 8
78 12
39 92
60 12
93 86
68 9
35 5
47 34
37 64
2 30
4 24
27 75
99 46
70 98
96 84
60 77
41 29
70 71
24 22
67 27
12 27
22 43
79 9
45 25
89 81
11 92
70 85
96 96
60 43
51 18
17 76
30 16
33 54
39 89
62 16
45 96
30 43
21 91
47 60
81 49
9 38
23 92
68 52
2 28
70 35
88 71
82 96
61 93
5 100
69 35
36 60
98 93
62 10
71 5
74 28
75 13
34 74
85 82
46 8
40 67
42 97
31 36
36 9
66 80
6 97
57 77
53 83
9 48
12 54
94 10
61 40
2 39
35 81
44 97
75 62
71 55
47 93
36 69
29 52
50 91
5 11
76 83
8 47
63 94
15 23
67 45
44 17
89 100
69 74
63 54
93 84
8 72
94 73
46 90
24 82
89 22
83 74
80 29
100 72
88 39
85 63
83 96
76 30
59 51
70 60
66 33
59 26
95 93
40 52
34 35
65 95
61 25
16 24
35 49
76 97
34 27
72 59
50 28
14 67
3 63
84 93
79 74
6 30
1 10
40 20
4 55
73 68
43 84
33 44
13 73
87 4
53 95
16 69
53 89
77 96
87 35
32 33
11 3
75 17
68 72
9 55
25 85
16 49
21 14
50 80
71 18
76 39
49 45
47 36
79 67
46 50
22 100
85 1
95 51
69 41
21 50
100 93
47 10
43 42
57 74
34 27
71 50
64 90
99 45
20 17
30 6
70 89
81 60
28 5
1 95
40 62
9 50
41 9
52 46
19 14
34 35
75 47
20 22
65 97
86 33
38 93
30 85
60 29
71 89
62 73
37 53
10 72
10 46
2 9
1 64
75 73
79 70
97 24
98 55
87 2
46 87
40 71
16 83
83 75
93 85
4 39
24 60
38 7
87 55
42 56
52 47
19 26
82 81
21 52
96 13
7 12
89 33
69 92
7 29
38 53
87 43
3 57
73 6
41 5
24 9
5 26
79 82
47 21
53 56
18 85
53 85
55 36
77 83
47 61
97 98
71 56
45 24
86 68
26 30
53 16
22 6
62 4
42 88
39 31
81 35
72 44
75 31
15 39
3 28
66 100
