1000
3635 4820
8578 8667
9983 3122
5230 7655
7307 1697
5364 6549
2074 5481
3455 6434
6615 9414
2601 7035
277 8387
9072 241
9983 6205
9577 1298
7865 9553
6869 1677
3047 8898
5540 9523
732 5880
3222 7299
4972 3556
2591 9009
5287 7626
371 3702
4183 349
6769 5341
7515 2263
1855 9965
7131 1743
4773 3207
7713 2061
8963 1464
9646 751
9285 766
584 6554
3431 3285
145 6267
3906 9487
8346 8541
1965 8489
8728 4847
2763 2318
8747 7245
1388 6533
304 2
3234 3861
9289 3946
9567 5283
9253 4393
9722 3442
8137 9175
1116 7482
9528 3579
94 108
2810 9671
5277 2556
681 6510
283 6726
1839 2751
9957 1408
5823 8612
6747 3577
6393 3085
9518 9204
9711 3082
7819 6432
1011 9770
2131 4338
1405 5244
7129 9727
8017 4100
9713 9577
2385 8118
1298 364
1862 7439
6403 3249
7805 8461
8075 6485
3246 4667
4035 2440
8810 8796
1174 9580
8232 5423
3582 7064
4153 1828
3451 5828
8473 1367
7421 8540
7693 5795
9761 1011
5683 3796
1703 7547
1632 9050
1643 4406
3760 8084
846 8897
617 2840
5298 6124
7192 2729
5447 9223
9007 4892
5734 6850
2219 4504
1112 5881
8700 2142
3983 7695
8984 81
6454 4847
8780 5774
3504 2082
9123 8594
950 8568
7667 7254
7530 7626
4478 1133
2138 8794
758 3219
8516 4107
7616 933
7279 4345
7891 3510
3757 5290
4771 8104
6279 7870
2786 4058
6878 761
6251 6176
3921 9028
4468 4825
114 8709
1109 4641
934 4203
520 7998
2787 5159
4231 2192
6828 2578
919 8014
9409 5957
7873 2403
6451 5837
553 898
8703 5530
1735 9109
6623 2042
8868 4422
1729 9863
8421 5576
5364 7549
7096 8983
1376 2601
600 3954
9364 5227
5863 2589
5736 580
3070 4097
3034 5824
979 7208
2296 603
3610 4792
3654 5241
9428 2771
11 9172
9424 1182
4467 5999
3198 5388
3326 3828
5797 9370
8191 9315
2344 7490
1914 8093
8944 372
4189 2478
4152 9066
9839 6458
1047 6564
6829 983
178 5047
1487 9937
883 1344
4854 972
5793 6903
872 4469
8630 3380
5223 8656
6010 1611
4707 5235
4566 9744
1614 8921
8502 3004
2860 8975
3707 4275
3578 8708
2110 3152
8945 1323
8526 7007
7926 1374
742 5109
3302 8201
9704 3085
29 4261
1268 2107
490 5446
6674 1674
6324 1737
733 3698
4429 9380
6583 2335
9282 8180
5985 458
2775 528
4732 5125
2185 4530
5255 1488
4690 5884
9564 2095
4779 388
7132 8822
1746 5341
3616 9112
5482 3694
9647 327
2359 2153
2721 8060
903 9334
3143 9306
6328 9481
1432 1010
8948 1425
5755 4207
2808 5540
6289 3786
8564 656
4455 3166
2945 4526
3404 5569
4515 1406
2809 8403
7646 8239
7503 5695
6 5893
4883 2529
5362 8317
6017 7712
3048 3410
9308 9745
1536 6376
5291 7969
9189 8375
8508 386
8076 2376
2978 501
6247 7979
4609 2831
5180 3580
9002 815
7471 5027
9644 8972
9216 3636
686 7120
4315 6671
7293 1039
7227 4416
9319 1535
6006 6085
2179 7765
9957 3491
6260 2110
3833 9934
9884 5646
6978 6503
1029 3863
6887 3698
6775 7592
4283 6181
1049 6935
5994 2738
9958 3329
3349 3423
115 5736
4413 5335
3583 9587
8953 8979
4537 4292
3896 6755
2150 3390
9341 5785
2494 8170
7610 9943
6578 3916
8076 1270
3178 6546
6972 2280
463 5417
3134 5756
2422 5461
3694 5089
9311 9849
3578 7956
9537 6733
8731 4463
7578 5994
3 7713
6440 9995
4051 5388
6995 4028
6349 5449
3495 4547
1373 9676
2919 5788
3481 4365
7172 242
8475 6870
8983 1105
3163 7025
2580 6281
3328 4726
1456 1773
769 5529
4020 8778
7678 7653
8408 31
695 7557
4053 9544
6158 8684
2512 8808
9333 8929
3703 8904
6561 543
9706 7382
7637 7502
6329 3329
7837 2947
2659 6587
3028 4092
8319 9194
7790 1
6180 8315
5474 7756
9078 4134
5173 9098
9171 4230
3867 4295
2217 3038
4849 3052
3391 7139
8147 1399
6813 7734
2800 4230
9061 1772
5079 4022
7010 6503
7397 7681
3983 4785
4757 5076
9705 3144
4432 7158
4139 1155
4167 9689
509 1591
3698 7520
4595 41
4041 1707
7210 6882
74 9095
6038 272
267 3889
201 7444
5231 3451
2159 551
7222 1926
8266 126
1485 202
8398 4155
9358 8067
5164 932
4427 2891
627 9447
367 6289
5501 5873
3535 5854
8644 6274
2640 169
9641 8180
5809 3646
3531 3232
8645 9532
5204 145
9664 8914
6962 3332
7955 7690
1337 6486
3207 6036
5480 169
2509 1867
9011 9921
7569 2871
6582 887
3502 5006
9556 7227
2098 728
422 7516
7705 3894
6924 9637
1686 2408
2717 3061
6556 8212
6410 8560
6692 596
8153 5886
56 9055
8579 6160
4007 3488
1479 2864
2194 389
7775 6750
3543 6959
4337 8751
779 5025
9732 4940
6595 9477
4633 177
4683 9937
5175 7731
3645 424
2238 8447
4584 4013
3590 8313
128 3060
9004 5132
2912 4227
7701 3198
1268 6128
6805 852
7443 4907
2321 9505
4264 4778
8254 4537
6711 5368
6571 3641
3558 9666
9583 597
8172 1470
5612 3658
930 4138
159 9674
3763 7285
2399 7849
3909 1592
5638 8103
1126 1048
3863 4246
8892 3396
7863 42
7832 7047
6246 9253
7194 272
801 6828
1728 3103
6881 7799
2968 3387
2694 6327
1029 146
7960 9097
7768 9151
9347 3267
486 9688
6453 8420
6206 6862
8633 6057
1714 1887
6632 4425
2191 9807
2477 8396
8276 632
7554 2510
7696 3113
3376 591
5818 1661
1852 5321
1735 7852
8460 3199
5069 4555
4201 6232
3984 2229
5157 5088
2005 2203
2849 7663
5984 7873
1870 9089
7382 528
4212 426
182 1680
4377 2530
91 1619
5878 6372
9403 8400
2361 3506
2536 8696
5426 3656
7667 9754
4571 9070
5674 5937
1700 5992
6569 2593
1502 8401
2748 7751
5485 550
4459 3575
8712 3324
4421 4714
2492 5249
3957 267
7535 5688
4318 1432
8202 2699
1616 3749
7028 6332
1255 7694
1068 5796
3812 9117
8802 6995
3721 3204
9278 573
4139 9268
9345 3553
5342 27
3945 5816
2860 4952
9588 1438
1025 66
5456 8213
5719 4759
4522 4343
1471 2080
4715 451
441 2654
6729 4783
7200 8740
8525 1949
2386 5194
8917 1881
9876 8783
8674 2386
352 5488
1378 5518
45 1752
5673 6973
7170 1195
5071 2054
178 1514
8884 1803
7435 2525
8995 1401
7363 1459
1244 3338
1299 8289
3151 8001
8463 87
6248 5532
4059 1580
2699 2150
1115 3342
3116 7794
8762 6300
3437 2582
749 7484
2782 2396
4227 8932
9440 91
8328 9409
1175 3189
5459 8257
9255 5225
2408 6109
4733 6940
4669 3954
7995 9070
6660 7659
3995 4990
7216 4972
6190 6480
6552 9376
2976 9216
3280 1505
8478 3627
5958 478
1759 5713
9695 255
438 2919
9958 9055
224 4517
9785 1937
1836 4200
6556 552
7056 2400
4127 3340
9398 866
8608 4361
4232 6270
3339 204
2782 4201
8808 6764
3897 9292
2520 6607
2028 2986
7933 1110
1008 5035
8895 2114
6600 5227
6254 5581
8508 8455
4985 5243
9345 247
7987 297
9846 8134
4969 6924
7420 2224
1483 9349
3191 6657
2174 8458
9030 6291
9662 6764
4025 374
6218 8750
1783 8021
7063 6354
318 2164
7922 653
3749 2493
5443 3710
5838 8124
7778 8644
9006 5916
3774 8847
3451 1830
5967 9348
2025 2580
3443 1436
7203 3315
9797 9103
2294 4764
2549 1912
6258 8801
6017 7436
1913 4283
5149 9594
3445 3680
3877 3859
6783 9312
3659 7173
3576 9050
5405 57
7600 6780
7809 602
9318 4074
2651 343
455 9689
3567 5369
4527 3191
8932 2430
6601 3619
196 6195
347 3157
9171 5379
5502 5595
4576 4353
1342 1704
9601 3529
483 7204
3301 7599
9904 8422
4735 1105
5443 4237
9210 7152
74 1949
249 1835
7250 5107
3897 7282
9788 1193
9757 9223
298 4098
3388 2114
9810 714
8242 5847
6505 8905
3929 8007
7919 6910
8052 8359
3520 5325
330 7253
2648 8186
1951 4738
5078 209
8162 968
4443 1159
3717 4467
4817 2743
4188 5505
880 5103
4592 8632
7072 169
5362 7742
4460 7854
4856 9099
4840 3452
2739 7465
401 3822
6399 4397
2207 6365
1676 8676
6560 297
5422 3390
1915 2467
8526 1725
2571 4363
6518 8917
4156 9904
8468 3219
980 3877
3238 4493
4403 923
7378 7619
7961 2844
2954 672
7173 5121
8697 3429
5911 9303
9557 5787
3399 9324
6234 4145
9741 5411
5838 8886
8486 1775
8768 9383
9813 4646
9976 5300
4497 637
9033 4178
1471 2920
6237 9555
4070 6218
8075 5360
1137 7056
6279 9134
7905 8896
1306 3603
4786 5215
4955 4403
1524 3401
3949 4795
7133 9519
3921 3717
6994 2252
9693 1923
8664 6483
5808 515
8182 6429
9824 2168
1190 8128
2676 1155
769 2728
2718 1934
4252 1916
6720 4646
6310 8336
5357 7025
5538 6695
6590 5649
4419 5534
5885 8645
844 5354
725 9505
7330 4168
6121 4558
4952 7598
7960 9909
9505 9659
5188 794
9384 3966
5854 3920
5650 814
7629 9901
9365 249
9435 2223
8075 6019
9134 1647
3709 5702
8215 1695
9755 7167
6409 9431
8156 9883
4800 9266
5660 5913
1548 8016
383 3223
8629 9250
7506 1071
2066 9322
5564 6999
1271 211
7842 9622
6205 5376
9156 4395
167 5540
6558 307
1260 6806
5189 6779
274 1947
3323 2390
1042 557
9524 3886
6198 2776
461 8689
1662 5630
8376 4643
6199 987
1134 1196
6808 3606
2855 4882
6133 9516
9807 4032
2038 8971
8946 3031
7142 285
3395 2859
6000 9489
6403 7898
4508 6213
1908 2583
5328 4042
6472 8296
6148 314
3419 5527
7692 9261
7481 9784
6767 7021
2185 781
719 397
9957 1543
3485 1040
2077 6929
5024 518
5907 8533
8558 8488
5713 622
8875 568
430 885
4279 2585
3492 6053
9691 789
6010 6866
5703 8582
8425 8308
4870 9271
7446 7869
8681 5526
6389 2440
1380 7817
263 3581
7698 734
7714 3750
2371 1405
3891 6034
14 2274
7737 8987
736 3296
4513 6072
7542 3064
8535 8957
8227 2986
9127 6172
3073 6145
9618 7267
7098 5479
7225 4529
6148 717
8356 1474
7766 292
9374 3539
2968 3958
8196 4317
9229 1392
6949 3271
4932 3355
4439 5645
2634 2160
2937 1506
3179 6756
7717 2481
9077 1238
4052 9515
4226 4600
1809 1472
8535 9997
1825 7407
9078 4583
4300 6311
9666 6536
4691 3958
1626 9127
575 2146
3802 541
2075 2087
8914 5449
9777 3500
205 2572
4240 8190
2357 286
7295 6644
4067 3524
1478 9657
8766 519
5012 2507
974 5501
6093 8500
3964 2626
1376 6705
8368 4765
9027 8433
2463 3139
4871 7311
3743 6636
3781 7946
3526 4922
6929 2691
5961 6347
9555 2165
7051 9962
6602 9602
1793 4354
227 9597
6914 8727
6446 5660
145 6602
3383 6932
7507 5522
4286 5427
3521 7393
514 5765
7506 4602
8810 7885
8115 9916
2915 6344
620 3862
2168 962
2762 722
2601 9404
8885 7253
16 4873
7079 2549
8448 8617
2655 7458
4327 9614
2824 6423
9560 7037
1392 7312
8580 6721
6901 3703
5229 7402
2779 6830
1899 3604
3715 8933
442 7124
92 2303
5147 7386
1740 8074
6821 7947
9415 8816
1603 9895
4932 6462
3091 4911
7903 2866
8844 4819
5522 9765
4543 4218
3668 4909
3661 2558
3818 9712
2658 9272
8670 4233
2445 7427
2945 7466
6020 2116
9100 1937
5405 9077
9610 8496
845 589
5203 1016
5616 5237
2832 1299
5119 5832
1607 5992
8592 3005
4372 2219
9941 2109
4511 6539
901 115
1804 938
2047 5130
7446 1110
2000
56 96
61 96
60 73
20 67
30 44
23 76
100 95
63 87
49 16
15 69
81 47
61 16
27 33
41 81
6 30
6 73
70 85
85 65
98 21
62 95
49 56
69 85
95 52
84 29
100 58
6 67
30 22
95 64
58 24
30 3
37 86
11 43
95 20
92 53
41 57
4 86
48 3
29 93
25 25
36 30
61 81
80 1
13 80
16 42
96 93
99 67
14 3
13 7
74 59
38 23
51 94
25 28
73 98
52 90
95 96
30 47
52 71
82 14
79 68
80 58
79 49
9 1
15 92
49 5
53 32
51 80
2 88
14 17
59 32
15 18
27 37
28 82
16 60
86 14
75 34
88 23
3 18
56 67
65 81
89 92
28 36
65 30
29 75
40 74
35 29
62 85
6 84
5 87
99 14
39 58
54 24
66 70
33 9
68 8
48 79
65 99
25 18
98 58
66 31
5 49
29 56
1 89
68 21
9 46
95 37
98 67
49 96
34 13
68 69
65 61
95 8
4 52
15 11
72 34
36 94
89 98
80 73
71 62
1 18
90 94
13 8
31 52
45 26
5 18
57 7
30 39
85 15
85 52
81 57
25 51
74 65
57 41
6 60
27 99
19 39
99 98
55 4
74 87
100 71
70 1
1 85
3 74
85 41
6 56
12 85
72 55
83 1
69 48
65 65
8 8
5 52
63 58
8 94
86 75
97 20
93 9
45 78
58 29
33 60
38 84
50 61
96 75
24 32
42 78
44 50
51 8
56 2
95 25
45 8
51 95
83 46
54 27
49 21
54 50
40 41
29 55
98 65
70 12
1 20
30 19
82 81
3 90
51 1
96 4
58 93
10 40
75 100
28 91
11 85
34 91
48 5
99 79
41 99
20 48
79 86
27 66
26 42
32 44
22 33
9 82
37 87
53 94
25 77
32 72
48 9
85 80
52 23
61 97
30 76
65 79
11 21
84 42
47 14
86 87
39 4
78 30
19 52
43 51
4 79
27 15
12 99
21 31
18 75
22 32
55 67
2 3
74 32
60 63
100 32
73 11
58 30
27 86
98 44
1 61
96 15
9 11
37 46
90 29
33 86
100 70
44 69
39 42
45 4
7 49
89 5
58 13
51 63
76 62
88 64
65 80
4 91
55 58
74 2
90 8
26 8
53 63
65 5
61 100
79 32
69 36
4 86
93 81
40 15
33 42
55 90
47 9
25 61
11 17
97 67
99 4
27 2
10 40
5 93
72 97
27 56
94 10
87 90
72 2
98 22
75 84
88 77
52 29
76 99
25 41
5 97
3 10
32 51
41 48
76 32
73 70
45 9
51 5
28 30
24 4
68 1
28 87
30 53
99 10
26 87
90 94
76 36
18 39
71 78
4 49
94 53
65 73
32 32
73 49
80 81
72 21
78 41
97 24
42 86
43 22
74 91
22 59
95 23
41 47
35 86
30 25
77 32
71 66
19 22
72 82
45 82
61 53
19 21
10 97
87 38
8 58
97 31
90 7
80 87
54 77
66 88
27 35
30 98
53 30
22 95
15 30
55 25
52 88
65 70
1 3
99 1
58 40
79 27
90 70
33 49
13 10
51 80
21 88
27 88
82 73
95 80
97 34
13 2
12 92
89 48
42 12
99 36
35 56
58 8
74 76
16 96
4 43
35 3
32 26
88 65
3 65
66 17
76 74
70 10
28 17
21 34
35 1
27 30
95 63
41 26
53 18
11 27
83 32
56 11
69 18
66 80
90 38
38 99
43 68
52 79
73 65
52 45
69 74
59 17
27 23
58 91
35 24
32 2
12 61
84 9
18 8
79 57
25 81
61 55
65 7
9 24
52 60
74 100
3 70
12 20
9 35
47 82
22 100
44 9
68 55
19 64
64 94
29 76
2 41
16 44
68 46
52 94
51 77
67 76
100 31
79 42
4 2
9 54
48 18
23 70
17 34
40 72
83 52
77 79
45 93
69 30
75 62
47 59
62 51
15 43
33 56
59 58
66 4
52 82
25 24
88 89
89 45
81 89
91 19
19 38
60 30
30 9
35 84
100 97
66 86
40 59
81 20
27 61
26 20
60 53
22 23
21 16
80 84
86 71
69 60
80 68
98 28
76 4
54 97
39 78
99 9
46 89
27 52
57 19
57 87
30 22
27 2
50 30
30 71
24 6
60 57
55 20
38 20
21 17
4 4
85 12
71 48
80 22
23 3
10 48
28 10
28 15
2 20
59 74
92 76
6 47
40 38
16 2
99 99
62 71
2 33
9 63
13 37
17 84
48 88
11 20
75 38
95 96
4 61
63 90
84 2
7 69
25 6
32 90
60 31
67 6
64 6
79 40
6 51
6 30
21 31
73 33
27 92
44 65
44 45
46 47
94 1
58 50
71 6
74 69
4 67
17 73
25 11
53 37
10 95
31 65
74 49
75 91
28 52
17 79
69 34
73 35
12 22
94 23
67 38
41 84
5 68
70 27
60 66
31 52
73 16
60 95
78 26
100 5
72 75
32 11
51 1
49 9
12 26
53 51
14 97
91 70
5 8
93 33
81 29
87 72
87 64
50 34
21 39
55 75
96 3
64 76
23 6
91 65
75 54
85 91
40 21
13 24
94 74
37 54
75 98
46 73
94 39
80 77
71 54
28 32
95 35
26 21
42 88
84 56
72 52
81 66
22 34
91 90
64 59
51 17
31 79
48 78
35 11
22 12
36 75
14 27
80 67
9 57
31 72
66 73
54 50
11 8
97 24
3 71
59 25
69 65
46 91
80 54
15 64
15 99
50 7
32 89
71 59
59 77
24 47
43 68
88 87
73 90
8 78
84 98
17 35
56 95
3 56
27 11
66 10
17 28
28 27
90 61
62 58
2 42
76 99
81 24
3 52
66 63
37 8
21 45
12 16
79 68
73 84
76 68
45 92
28 43
45 39
54 25
9 7
68 4
36 82
19 59
16 70
34 83
59 15
35 4
31 70
33 30
70 59
37 68
85 18
49 67
36 37
92 60
15 31
32 62
74 59
74 88
100 21
34 27
62 85
100 31
37 59
78 92
90 77
8 39
46 98
100 34
96 47
21 97
88 69
2 7
99 18
38 38
22 78
90 85
97 74
75 1
36 16
48 63
99 47
45 81
90 73
51 32
75 100
100 39
15 26
30 77
87 41
31 34
57 72
50 29
87 5
68 58
47 38
36 11
23 84
21 30
78 31
97 50
8 15
21 2
84 55
93 89
89 76
93 96
1 13
30 55
51 91
62 66
85 6
33 53
60 83
76 48
99 80
28 84
96 24
59 45
67 60
45 48
82 73
3 95
72 9
16 8
97 68
4 11
30 33
56 24
96 48
58 89
32 53
65 67
84 36
57 32
21 84
55 79
70 43
86 56
47 22
14 69
21 15
58 13
9 28
53 82
55 49
52 33
72 71
15 14
44 68
92 66
93 5
10 9
6 61
28 5
32 70
40 91
49 71
96 52
2 48
25 56
1 91
88 28
10 99
82 82
53 22
62 42
38 77
85 78
56 51
15 86
92 96
95 70
95 75
61 7
3 33
69 45
41 32
92 23
53 48
27 17
21 41
99 6
53 26
88 2
84 8
26 89
34 81
80 52
14 22
92 58
85 34
61 1
4 66
98 43
38 86
50 28
35 21
81 19
53 7
80 56
100 49
83 82
40 15
52 17
18 11
19 1
47 97
28 7
97 51
87 41
92 8
52 58
96 52
15 10
1 74
96 31
17 1
28 31
93 48
51 34
56 25
17 55
78 4
33 1
67 89
25 60
10 86
88 59
21 93
93 25
73 8
18 18
84 55
49 60
56 12
51 73
79 73
71 2
59 57
90 28
76 91
59 21
74 55
96 52
25 83
54 92
43 52
15 90
49 73
21 45
6 54
65 53
35 5
15 85
17 20
31 14
15 83
34 71
26 39
40 58
27 51
12 76
3 63
14 74
12 37
39 59
58 28
19 73
75 14
52 43
32 43
35 93
22 72
98 19
94 16
97 9
76 16
54 27
80 93
72 62
98 7
58 65
16 79
32 54
59 11
47 13
63 19
76 98
2 74
87 79
9 42
36 76
60 55
7 62
42 77
29 91
85 46
33 67
70 3
57 71
66 44
24 28
33 94
36 64
56 3
8 24
82 94
100 3
29 28
59 38
96 4
43 5
14 45
29 12
25 49
87 39
14 96
78 6
96 29
37 86
18 28
53 77
18 27
22 51
9 63
40 91
62 93
1 9
81 82
94 18
21 75
25 52
41 51
99 81
44 38
7 97
17 43
75 56
11 71
99 6
46 24
30 76
61 56
89 20
83 36
41 77
78 81
17 49
7 9
72 3
21 38
55 76
8 2
62 60
37 93
16 73
73 15
33 82
55 17
85 16
53 100
76 51
54 83
18 50
58 60
4 32
53 46
69 56
63 55
100 74
67 98
51 64
56 63
97 30
69 79
78 66
44 11
39 61
94 50
17 17
32 93
72 33
64 62
35 96
5 7
62 60
9 47
49 34
93 100
99 15
80 76
2 10
6 9
45 11
80 48
34 71
46 5
84 30
76 43
73 74
36 31
4 19
79 95
30 46
46 75
18 88
34 53
84 96
22 94
69 53
48 89
75 27
91 46
33 8
25 93
99 12
23 13
5 90
97 68
63 77
99 21
77 9
98 24
43 74
81 48
46 2
58 65
40 59
31 38
59 94
17 38
98 41
7 45
49 98
1 97
84 10
19 68
58 94
1 80
16 23
94 5
31 19
24 16
74 21
36 38
31 41
53 72
59 91
90 53
47 29
16 61
43 88
16 15
99 6
41 20
45 37
88 86
74 63
96 39
36 30
27 21
43 74
34 10
54 7
25 82
27 89
62 9
73 10
11 49
43 34
93 92
62 3
20 59
51 39
19 53
1 34
27 62
24 64
13 8
43 88
88 34
50 80
58 27
96 18
49 94
73 74
69 63
60 73
1 10
40 54
59 35
65 46
13 31
63 31
26 89
22 66
3 34
21 99
41 70
95 45
53 15
33 65
88 11
67 47
20 41
52 23
61 99
4 54
19 67
4 57
64 34
99 12
90 21
87 98
57 17
92 67
64 92
50 58
93 70
68 28
24 50
14 79
52 86
99 69
61 63
27 76
41 75
66 100
47 12
89 41
3 44
24 25
34 40
100 41
16 24
100 10
34 2
28 3
31 35
83 99
84 98
29 47
67 12
100 23
91 40
54 57
70 1
16 54
84 44
86 25
22 73
15 26
62 56
40 15
64 62
6 22
91 37
5 47
90 71
74 43
58 76
70 11
90 41
83 62
82 11
96 88
70 50
84 82
2 16
25 15
62 11
59 61
3 97
17 90
53 60
55 50
60 61
21 40
64 87
85 37
41 40
30 14
64 14
62 81
82 71
31 48
48 25
68 25
79 14
53 93
39 44
17 62
99 87
26 91
25 82
1 80
17 8
56 82
65 46
15 32
44 78
48 52
67 17
92 94
22 16
52 17
67 33
55 77
48 37
35 54
53 77
79 87
94 23
70 8
55 84
13 35
97 73
40 9
67 35
72 53
34 63
63 18
22 10
27 60
99 29
40 100
49 58
48 66
4 4
90 90
54 1
100 27
66 10
48 41
91 45
65 42
62 74
13 11
92 42
47 45
15 31
1 59
15 88
24 74
93 70
50 24
58 28
18 20
52 97
4 55
31 68
6 37
47 56
25 78
65 18
35 67
79 51
100 56
10 86
48 48
96 2
82 44
79 61
34 82
40 73
82 64
68 92
2 86
82 80
42 2
74 35
36 33
58 12
96 76
8 55
53 57
14 58
66 87
79 36
15 26
100 67
41 72
91 48
11 8
60 30
20 55
3 85
65 45
77 96
38 59
69 80
44 16
49 76
39 34
54 49
72 89
41 56
6 60
44 26
34 67
43 66
65 3
52 8
95 81
10 83
54 88
63 28
64 92
85 48
39 13
17 58
33 83
66 85
2 82
83 12
79 33
48 7
16 24
13 30
49 52
50 20
38 58
89 53
19 84
44 36
64 65
13 55
31 98
44 34
93 7
91 24
88 94
56 100
10 2
93 57
97 44
26 59
18 87
74 29
98 43
62 81
32 91
58 85
53 95
93 45
76 24
15 85
69 32
17 59
11 1
34 7
33 43
54 3
15 93
3 95
47 56
6 19
88 31
77 63
5 30
55 22
17 80
78 28
37 19
49 12
64 23
85 26
8 59
30 33
87 62
91 99
94 57
39 10
81 45
20 72
9 8
34 33
48 81
100 95
1 90
100 93
10 68
55 7
76 48
97 26
26 7
54 35
68 77
28 82
77 95
84 15
25 54
25 51
39 43
88 15
43 97
70 61
42 51
70 73
3 39
18 73
15 93
25 69
24 7
3 23
51 33
86 18
5 1
96 9
22 96
15 2
34 68
71 24
93 18
92 50
88 87
36 75
73 36
98 14
78 41
48 56
68 67
96 76
37 85
6 48
73 7
6 23
23 56
52 21
95 18
15 51
79 66
66 54
63 89
1 1
11 55
11 58
9 81
22 28
21 25
100 27
31 4
65 12
96 96
31 43
6 77
59 13
7 30
82 85
73 79
14 77
74 62
41 1
82 67
96 93
33 17
84 72
70 12
93 91
34 46
71 85
82 98
100 74
5 30
80 73
68 31
25 86
20 64
69 29
63 40
10 2
94 68
80 89
9 64
69 72
82 91
68 21
92 23
19 84
32 66
15 23
65 42
91 87
19 24
91 44
52 88
85 65
76 1
74 5
78 42
30 76
40 67
84 16
47 19
21 82
13 84
91 55
85 79
64 3
94 53
37 87
78 64
51 63
72 97
71 79
90 46
81 65
13 68
50 71
12 73
50 20
17 35
74 36
88 80
27 79
48 92
50 18
66 28
2 49
87 74
31 77
33 51
65 33
53 76
40 99
94 30
30 43
13 76
55 94
47 36
92 12
100 58
91 18
83 38
36 25
33 33
95 83
32 100
12 58
21 89
12 71
67 75
30 9
17 8
81 17
34 13
48 3
87 25
70 37
84 29
31 57
100 29
7 12
54 79
29 9
75 89
22 14
55 29
84 91
80 18
65 22
74 29
50 67
10 49
99 67
69 17
12 91
23 25
45 71
68 64
95 92
36 12
16 40
27 73
74 36
74 9
53 79
40 55
29 40
5 62
60 28
54 63
52 62
16 89
23 62
96 59
26 4
47 71
23 1
82 15
2 3
54 7
82 1
74 51
67 86
1 60
43 47
73 37
60 73
65 43
31 40
2 82
18 16
61 81
4 89
99 3
28 64
17 19
68 95
55 77
16 69
82 49
29 12
11 41
83 27
74 11
95 67
48 46
34 23
44 67
5 53
39 95
39 11
4 81
12 64
31 62
73 58
25 88
100 55
13 49
11 89
75 44
70 50
59 2
13 35
79 66
3 65
56 44
32 2
8 100
69 27
34 84
2 68
50 21
28 76
41 21
76 23
53 74
61 82
15 6
67 75
78 68
90 39
14 2
61 69
30 38
20 20
91 89
94 11
87 28
16 6
18 21
46 96
63 68
98 43
6 89
71 84
82 42
73 25
78 16
89 20
54 47
52 49
81 32
20 52
87 49
68 70
19 79
67 63
5 86
15 13
67 100
9 31
87 8
31 52
99 43
35 25
84 95
74 44
80 83
70 86
20 25
55 34
68 18
43 55
48 79
95 32
36 97
21 69
42 47
58 59
64 75
44 57
59 38
55 33
9 14
97 45
17 11
6 93
25 45
17 47
30 43
75 43
88 4
71 64
38 75
76 4
93 77
41 56
69 91
98 73
38 42
33 48
56 78
71 9
72 84
33 3
45 16
4 51
59 28
98 30
78 47
43 7
24 26
16 64
69 36
94 15
47 3
54 86
51 40
86 67
10 81
93 47
33 47
34 39
37 67
32 19
3 72
22 53
25 24
53 91
60 55
6 58
13 93
9 20
64 65
16 33
62 31
94 45
39 89
11 40
62 82
6 75
73 78
33 24
68 62
54 72
69 88
14 30
52 6
20 17
59 37
36 14
33 97
39 47
78 30
68 52
42 48
17 79
40 72
55 91
45 16
84 1
86 52
98 54
92 11
12 59
19 68
1 88
22 80
20 38
46 85
29 44
20 97
48 34
96 12
64 71
6 45
100 100
16 22
97 85
61 71
89 23
96 68
64 2
22 81
81 34
8 5
94 38
16 29
85 64
81 72
82 94
34 61
75 48
13 42
69 18
33 98
63 52
7 6
97 33
53 44
33 64
29 9
63 82
71 99
67 83
37 13
26 74
16 91
11 37
30 14
31 46
23 20
58 70
18 85
60 21
31 31
18 57
20 95
21 7
38 22
87 2
42 17
84 45
56 65
70 67
52 33
19 53
7 57
100 97
98 7
60 35
17 35
13 52
73 78
29 31
56 29
73 79
48 28
52 25
47 15
47 73
72 37
71 85
1 31
61 70
17 11
87 42
20 53
3 64
74 79
69 53
41 23
93 27
100 12
6 21
26 21
84 49
11 35
56 83
31 41
55 5
9 95
50 6
35 3
8 86
14 59
51 52
76 79
36 64
55 19
83 68
3 70
80 93
29 70
90 56
88 45
87 73
99 30
48 32
63 75
88 92
16 23
32 78
47 41
96 22
36 69
47 46
23 82
77 25
94 6
69 94
53 84
63 49
9 5
66 2
46 91
47 56
11 86
17 69
25 9
52 18
90 26
7 37
85 56
21 95
4 96
36 31
76 26
79 37
88 80
57 66
19 48
20 20
73 23
81 1
72 30
56 92
19 50
25 66
33 73
54 26
2 88
87 65
61 16
36 84
76 89
12 4
3 17
86 86
62 40
46 73
78 21
28 38
94 50
100 22
33 58
22 47
90 76
10 87
82 30
25 20
38 34
27 21
6 5
59 22
98 29
89 44
1 56
11 49
35 59
7 2
1 94
35 61
89 68
70 78
32 30
81 8
16 48
52 56
31 85
78 37
71 84
85 95
95 6
4 88
92 91
17 95
