1000
2264 854
5181 9263
7117 3831
9557 837
1966 1331
740 2913
7792 1224
2912 3162
1541 2821
7435 8729
2225 674
8970 9333
5452 2154
5560 4276
6106 4207
9954 3381
7233 6605
8984 2886
2172 1418
1905 997
9566 4748
1244 128
81 4212
9120 8701
45 1116
568 2589
9827 4801
3135 5614
9883 5006
2380 993
8431 1865
7392 5964
3998 7947
1107 9223
7102 7768
7298 8667
5843 1362
7979 7430
2006 4639
6766 6522
8491 6490
7465 8887
1782 463
6678 5764
6941 9196
8933 2341
7976 9662
8914 1210
7975 1887
2438 7515
2706 9638
7404 6508
611 8901
2580 4348
5728 615
6187 5364
3211 4139
8098 9290
3404 3912
5337 2869
6134 5390
3098 4025
3147 5781
3386 4952
4559 9894
7465 283
9056 5365
2137 5644
2249 5210
846 3200
3658 3960
4320 9691
527 1831
6488 9019
9522 1014
7980 8787
8663 852
2766 6047
1346 5965
158 6404
1897 2516
8962 6734
8640 9973
8497 7724
9987 3791
1015 8295
4117 6523
5217 2480
5083 8741
1177 4303
3517 4804
7114 3122
8205 8753
4368 4475
8744 6240
8007 2004
7355 9797
4478 5616
2657 5110
8395 4302
6986 2587
5027 1341
2378 4589
4300 5196
7600 1429
2544 9963
5200 4823
4077 278
8951 2668
9759 8998
4454 2017
751 3298
7732 7752
4038 5556
2513 8064
1298 2640
6800 9398
4445 2102
131 4014
8065 7409
4981 14
5041 2945
9473 9613
5161 5909
4323 8912
4639 334
5374 1457
643 8341
8385 1519
157 3259
537 5547
6502 8959
7497 2386
2448 8027
6602 8104
2924 903
3353 1919
8608 7483
1976 507
7826 3286
6356 4553
7080 4166
7979 1997
5575 4931
1565 8053
7360 9557
5303 8999
9895 4922
9327 3381
7145 5577
8893 2817
477 5949
9573 9308
3501 4127
1965 7870
1264 2604
5487 8945
1581 6074
223 8028
6866 9026
2390 5077
8192 9092
9301 8170
2193 621
3879 9342
3254 4870
9107 7005
1481 2910
9961 5755
1105 1597
5867 8531
4932 343
4573 8513
2492 551
7121 1868
5431 591
6965 9764
4876 4691
8264 3728
6213 9691
8793 924
9177 8624
8766 821
8437 9911
8371 6406
5148 7500
8534 4173
768 5030
5536 5137
8949 8758
9497 8047
3352 1101
3086 2991
9321 4166
6841 3599
2122 1844
8800 5000
9300 3972
9045 2607
1572 103
6194 4629
4079 6280
6313 6499
2990 4426
7087 5280
1804 7331
7249 1200
3411 6931
1038 6103
6235 358
665 3407
4381 9564
5551 5910
1640 5011
7727 3219
1163 521
8003 4045
110 2397
4355 8951
7489 6485
4247 3158
4246 9743
765 7734
8931 1628
9303 6148
8046 908
7150 196
642 9613
1970 6542
2809 2456
8690 1308
6919 3905
9254 6770
1696 4563
8035 9651
817 2992
9293 7780
8208 8432
9426 8925
9081 9934
2492 3443
3561 2866
3569 9671
3847 436
1368 528
990 818
9826 4052
6272 4231
5411 7023
6440 7230
3907 2368
2712 3681
6072 4604
4242 5077
5548 5285
4166 9790
6687 855
4992 7025
9731 4959
8874 9373
1296 7786
8717 7942
2934 4696
4594 1166
9219 744
2886 4874
5025 8074
8053 2434
2262 3966
5651 962
2136 8120
4151 8039
3899 5746
2780 7414
2275 1364
3877 4941
2757 1865
1170 9093
3961 2449
5179 918
9199 5840
4671 2090
3492 8675
6489 7579
7299 5184
4887 7755
7951 5938
9874 1065
4813 7041
6325 6325
9573 8607
5982 1233
7852 1876
8836 5390
8431 4727
5187 3686
289 6376
4940 7367
3687 5856
8030 8068
3680 5123
2631 2150
4411 6788
7349 6024
3173 30
6136 9231
3355 7150
6315 3234
4589 5634
5331 5546
1090 5797
30 1312
7523 573
9727 4071
8962 2352
9159 6754
3824 7794
1472 1036
2474 3533
9254 6032
4542 4276
9411 5166
7847 2524
7475 1340
1977 5181
7196 3060
4243 88
5912 9701
4035 3166
6172 5631
630 6034
778 7761
5621 5622
5436 5503
9433 1085
2039 7994
6708 7939
1718 2137
9600 267
5326 2480
3244 2360
2341 59
5100 3094
4165 5487
8651 4338
682 8744
5499 4294
3846 7446
7526 8409
5590 3155
1140 682
2573 9820
7053 9571
2215 9393
9343 5334
8904 1978
6217 9812
10 9633
7097 132
3842 3456
196 6192
4460 9008
8926 5530
5829 7613
859 5275
8864 5295
5930 9324
4479 9141
3578 3476
6536 7087
8812 1647
6052 62
1477 956
4105 8788
9540 1027
953 3577
586 3290
4591 7582
252 6064
2169 7928
6289 2663
6368 2903
4520 6419
7748 741
308 9992
3267 375
4779 4744
4469 434
4050 5527
352 8838
7289 7014
5786 5644
694 9467
4225 8960
5211 1048
8585 514
8091 9385
1897 317
688 7638
3301 6612
9656 8133
763 1850
2882 3993
6459 9327
2643 6756
7775 2998
5106 1113
9485 7526
9351 2568
3083 7846
8584 7870
4091 4574
6138 7717
4723 4234
3378 1743
3286 2342
2658 7639
2983 574
6354 8105
8413 6231
6866 4754
2307 3077
4526 1187
2006 3795
6542 6922
3967 7959
9295 2809
7426 7425
9953 6976
1983 5035
7403 1186
7373 2860
435 9060
6956 7278
6913 789
6962 2337
7205 8176
8799 5854
6923 617
1317 3370
8212 6163
6351 5317
7107 7128
2710 8033
8940 4874
444 5214
9254 6538
3796 2538
8389 7772
4760 3336
5198 4158
581 2749
7968 5035
4079 7607
7987 1022
4594 7636
7326 8773
5922 1809
516 7376
7575 8871
4386 9
6757 9767
2771 4069
1590 8953
1886 347
5555 8997
2095 14
3635 4567
5706 4001
43 5208
9609 9940
3738 2874
9599 6103
8581 4666
8992 732
9689 1014
4812 4162
8390 4299
6163 2394
2936 4300
1145 8421
903 2331
9495 7669
6341 5257
6763 5456
6317 7067
1008 8156
3122 7884
9221 1198
7924 7415
5005 2974
8133 93
4426 5324
3082 2171
4193 9187
8508 8148
2530 1835
3650 9805
7772 6234
3590 2918
5697 4512
5599 467
1613 988
7685 5009
1037 9635
1687 9245
6010 270
9898 1900
8508 8630
5613 5309
4026 3634
7304 4387
5928 1012
7125 6373
4355 8817
6724 8944
6118 8138
6769 8542
3969 6719
6845 7280
3522 2216
8945 6570
1593 454
3857 6695
7121 647
4430 8969
8228 9457
5236 6108
5306 5373
8001 8426
8348 8053
9210 1254
9023 6679
4546 9103
5365 7598
4727 7505
9462 3304
774 6278
7029 4301
5049 1317
7487 9600
4332 105
9686 2306
42 1893
9166 4643
6014 4372
6807 3251
3002 4961
3920 4350
673 3891
922 830
5666 9119
5502 3658
7938 9376
3411 9002
6985 1097
232 8317
1686 3934
9796 9099
9581 6504
6315 8708
1561 6649
7738 3088
1638 6861
4107 3371
7691 5657
5353 8976
7213 3943
1744 8486
9520 7043
8632 9128
4522 8353
5348 4216
2189 2432
3514 3294
1138 7173
8210 5320
560 4806
524 9092
3753 3375
8221 6736
8148 9419
7682 9950
9342 6333
9156 4027
4437 16
1285 173
8549 9781
3980 3124
458 6077
3436 7598
4650 2449
7975 1630
8019 1236
4185 3352
5678 3115
5331 8665
4468 4743
7365 1809
2214 6073
2348 4477
6668 3859
1656 9920
7345 1784
9367 1516
7391 8156
3037 8269
2147 7669
1755 4451
8677 5547
5452 5868
6616 3430
2962 4175
3994 4085
8864 7743
1934 2140
4335 8322
4474 9265
1755 9013
4402 4519
4748 5134
1304 9873
8373 4597
4622 9760
1885 5967
2260 581
8164 4536
6611 3377
8730 1944
3497 1338
8008 9730
9896 8595
7311 7859
4081 9213
6257 4531
3093 5786
6275 3818
1085 7726
75 205
3174 7281
2750 2681
7424 1418
7614 6702
8421 7927
4523 3987
9927 9444
4250 2745
6021 6974
5509 7182
5470 5162
613 3373
3560 2998
3772 1739
8812 9334
6100 1583
6278 5992
4317 8700
3069 8579
8441 6910
4971 7037
7147 6526
2906 6293
2231 6067
7872 347
3931 2507
7657 1644
9510 8384
873 5920
6538 664
3739 3254
3295 4753
2338 3795
919 3294
2777 4726
5064 705
1670 546
9031 9125
5173 6280
6453 4705
1118 719
1410 2496
7917 9185
7169 3927
9777 1001
9654 2309
9322 8765
964 4516
4483 9002
7564 6715
7611 3457
410 4811
8114 3163
8369 1865
9838 282
5157 2301
9009 712
5252 7869
6031 9074
1356 3510
4689 145
4800 4768
6339 5372
2961 3903
7746 7327
4739 3241
2649 2046
4428 3989
3366 2010
1656 7329
5137 4887
1134 5780
480 4596
4652 6040
5245 7664
7097 2176
711 1667
9811 3734
1130 4592
3067 9317
1899 1406
4892 4476
2152 1936
6078 448
1008 9335
6273 7119
1478 2894
9820 9970
2781 3075
1038 2504
5257 8543
2493 2051
4501 4560
1434 996
7898 4922
621 2523
1285 8255
9699 3802
5600 5643
786 7891
5340 1916
2775 443
798 8844
5674 1234
5529 2432
7126 6255
4264 6714
7801 2442
3866 2548
6396 1823
3486 8391
2714 2702
4701 9347
4611 6463
6926 6881
3510 8518
4568 9708
8997 9010
1800 5228
9340 8267
2427 49
473 5266
7490 4304
1570 9587
6152 5626
9250 5938
3253 3646
9846 3624
7897 1838
5864 916
5133 3548
3169 8151
3435 9912
5650 5656
1746 6419
6350 3222
5497 5359
6892 8004
919 2331
1680 3812
5451 392
9557 617
4419 6628
6020 3371
1842 5060
9776 8352
5905 4699
9501 9536
875 4131
538 8283
7253 1632
8957 9213
6430 2568
4076 6649
8008 7003
3248 5981
3124 3114
5850 8871
6888 5252
6143 3169
6437 4883
6463 5763
4733 8571
9680 7569
6496 6697
4957 9467
6055 5741
6628 5917
7820 1072
5684 2668
5236 6898
2408 4267
4887 3731
2035 2960
5145 3770
6052 1546
6352 6040
4471 2623
6891 7162
9033 7754
9778 9203
7738 78
8933 2161
4500 4039
85 9394
9145 5865
8481 4502
8799 9488
3790 6695
9617 3394
2308 379
1415 9202
4431 6913
9040 5321
5566 1394
9679 9880
4351 6515
8361 4122
8475 4953
1476 7013
1593 3065
6805 6521
9346 4706
7424 8529
8275 951
586 8325
4963 7695
3423 7465
3166 6302
6420 14
8894 3278
4176 9710
2993 6589
3097 7799
2185 5467
8788 2496
786 5128
169 7044
9507 2330
4395 3845
789 9184
699 4979
5475 3555
8001 6070
3727 4274
1573 4326
4644 3232
8535 7932
1053 941
8392 1230
3537 1305
4645 4402
745 8901
4974 1254
9361 4012
8736 2627
1090 9271
9027 9983
9962 3020
6848 2460
3129 8555
9303 9376
5919 8706
6528 9648
8455 4323
752 9738
1907 2440
2723 799
8481 9796
4030 6919
2671 7746
6590 1824
2520 8750
6318 5998
3790 8234
3497 2763
3326 8137
8703 933
5668 3092
4792 2211
2858 9804
1035 2309
4389 3758
6337 7328
4743 8376
5431 906
7318 4793
5874 7551
9106 8041
5167 8332
8751 6509
7406 1281
108 1322
1128 6817
7943 1903
6683 1827
1913 3391
3015 4981
9739 8164
9034 9661
3363 3447
580 788
1072 201
7802 8530
8000 7960
3266 7840
477 1535
1780 1332
3481 5558
3759 7818
8046 681
1005 5730
8616 4458
2599 693
7497 876
9260 2915
7892 3821
6082 3441
5742 7196
3643 8177
1034 4224
3239 5511
6861 4803
9970 4407
7781 9165
4984 3699
9581 3732
912 3765
2155 3063
111 960
7183 1002
9501 3068
44 9566
909 1732
1864 9489
1034 6896
5931 9864
1824 6179
8281 8415
1374 8170
1666 8817
3743 5650
1106 7931
1535 280
3883 1861
3868 1904
9382 953
2543 4550
8932 3098
3893 6583
8491 4355
4108 3270
5705 2764
2792 5025
8656 3900
3793 1951
7248 3065
1971 3100
6157 5082
1247 6493
3476 3466
1227 4317
2774 5970
2413 4203
7165 3896
1507 4859
7774 2478
2724 1982
1090 3944
8062 1694
7990 954
4171 8587
9165 9721
2192 1020
7287 5886
3797 9950
7220 1060
707 3514
8018 3902
870 3563
7053 2999
2000
42 32
2 72
67 52
4 92
60 52
87 31
32 62
53 85
39 85
90 88
86 28
43 41
28 32
86 43
36 11
90 37
65 50
81 60
95 22
53 90
33 48
4 85
40 34
72 73
82 65
30 20
70 55
93 23
69 8
38 70
37 63
7 43
2 75
80 32
61 11
58 94
73 71
77 6
13 6
49 58
12 65
28 74
21 9
45 49
76 14
45 12
100 21
59 90
29 15
44 31
80 17
44 41
55 11
86 51
54 42
80 93
31 94
71 4
16 47
63 68
80 20
74 11
45 19
60 17
89 11
100 62
27 93
58 93
25 3
73 74
27 16
37 1
23 68
22 79
39 63
12 78
73 26
20 50
6 35
32 79
19 15
47 93
23 36
35 30
11 36
92 66
41 68
14 27
28 66
33 81
7 17
34 12
79 46
41 2
15 30
86 34
80 62
19 84
41 99
99 6
59 14
96 89
6 21
29 11
21 91
74 10
70 53
79 46
51 2
33 72
9 35
16 69
24 20
80 72
12 47
3 91
68 58
73 47
71 100
18 6
36 11
43 91
17 68
67 91
45 39
95 36
67 24
80 46
38 50
22 44
77 87
30 77
10 98
36 31
43 25
46 41
67 59
38 86
9 4
91 31
52 6
86 34
69 21
29 51
66 85
30 52
25 87
14 82
88 22
51 26
22 71
93 47
7 25
84 90
22 14
15 79
28 54
43 94
94 67
59 59
52 63
27 86
88 78
32 87
96 65
46 10
67 42
56 81
16 2
17 91
89 62
36 48
43 66
1 4
55 54
90 43
81 52
64 8
88 54
16 33
26 81
77 85
59 58
42 53
10 20
45 46
99 25
67 25
41 84
90 98
8 51
70 88
20 15
32 47
23 48
51 6
58 77
9 68
13 48
94 89
34 55
46 80
67 6
43 89
34 59
62 52
98 100
98 41
43 45
1 61
36 7
84 87
33 46
62 75
66 59
28 12
16 28
40 92
56 5
62 51
54 52
94 89
89 4
29 27
84 17
48 65
13 82
94 2
40 63
26 17
45 53
12 76
23 31
96 100
14 20
50 80
63 36
6 3
75 91
41 65
6 79
39 71
51 97
95 62
18 18
21 29
20 22
30 31
93 63
56 35
50 31
26 62
42 77
52 31
21 25
97 94
28 29
68 19
78 76
34 34
9 91
90 52
88 23
96 23
94 75
99 54
17 35
26 8
35 34
55 26
86 90
12 41
21 78
6 88
20 27
92 57
87 97
76 9
34 24
77 65
68 47
69 25
86 77
10 94
89 45
70 7
35 17
90 79
44 6
8 87
81 89
66 85
61 18
17 8
3 85
99 8
77 71
43 54
11 19
54 1
82 16
84 98
35 1
34 14
28 93
100 88
53 44
34 49
37 93
66 20
89 1
63 36
43 83
25 72
9 35
43 61
7 13
39 84
80 48
32 51
54 100
61 94
98 88
2 74
38 14
55 28
43 35
100 82
5 41
51 36
78 29
1 57
57 87
46 32
22 85
28 63
52 7
83 44
73 92
97 99
75 50
71 71
39 18
53 58
13 14
5 71
36 76
69 58
48 90
1 71
58 93
60 43
82 2
100 91
80 99
46 22
27 45
37 87
19 83
53 46
9 76
70 83
95 2
87 95
72 15
84 15
45 34
45 13
98 57
63 50
12 4
72 97
2 6
49 88
9 78
25 41
63 13
32 58
49 55
71 47
10 81
36 69
81 63
55 6
94 83
50 70
72 25
14 54
40 42
22 8
54 34
51 29
7 4
61 63
56 80
30 31
39 5
91 34
40 93
31 38
53 85
94 87
48 18
26 60
93 77
61 22
41 71
2 1
88 47
5 1
54 9
28 88
71 55
59 91
14 71
95 47
74 80
46 49
92 76
96 95
57 70
34 42
36 38
71 32
15 14
5 6
24 67
22 19
1 66
30 27
85 55
89 36
64 37
17 90
4 65
45 53
46 61
16 64
76 56
1 67
98 79
49 84
18 68
88 49
82 48
16 5
61 95
98 92
29 54
56 63
33 50
78 1
83 28
81 35
21 76
27 6
17 90
65 75
47 33
72 89
66 20
87 79
9 34
21 56
54 54
14 48
100 5
67 94
98 45
84 40
30 19
47 98
82 32
49 83
56 66
32 92
62 79
77 1
68 73
80 76
70 7
26 77
88 75
48 55
6 20
18 62
67 21
8 73
81 28
82 78
12 97
7 81
16 38
89 79
44 32
15 79
43 82
47 32
2 44
88 31
75 83
34 99
4 40
22 97
8 30
77 16
14 66
50 58
78 32
62 24
50 3
21 47
91 8
70 90
86 72
49 61
6 9
31 26
79 26
68 39
21 63
19 40
77 75
65 15
45 99
12 75
88 48
83 82
92 72
79 4
63 9
9 88
58 5
45 13
70 100
70 38
9 90
56 8
22 75
15 70
63 99
35 48
47 84
29 84
21 35
90 25
93 100
11 44
28 99
68 52
79 26
75 20
69 43
96 95
100 17
59 23
42 41
86 45
92 79
14 41
100 7
4 43
51 28
1 81
96 51
55 80
68 13
52 40
32 41
40 28
39 70
34 21
74 4
70 42
7 42
10 7
4 49
96 43
80 79
9 54
64 61
33 59
81 96
12 43
22 69
86 50
88 35
64 64
10 56
82 54
79 80
11 20
76 57
97 71
67 7
10 15
2 42
60 7
60 46
41 6
18 90
25 44
25 32
50 14
58 46
40 67
12 59
82 58
69 36
60 61
45 24
59 62
4 59
70 56
18 31
70 1
44 88
29 34
52 13
37 45
86 17
17 27
23 7
98 93
49 73
56 15
46 100
37 33
49 35
29 85
54 21
88 75
96 58
11 69
84 78
59 83
45 22
37 7
84 39
97 53
59 89
2 28
90 19
100 89
11 37
9 43
90 20
87 3
39 99
63 74
97 17
10 19
64 13
62 40
95 26
54 26
26 30
25 50
10 88
85 82
80 86
64 17
47 90
39 71
88 49
51 78
2 80
6 17
45 23
51 26
49 78
54 40
94 18
68 100
36 44
63 28
69 62
74 92
87 19
1 58
41 34
28 28
74 35
80 49
57 90
27 42
13 20
22 80
71 72
9 76
67 59
28 88
76 87
50 93
56 79
80 76
92 13
54 30
82 18
73 94
78 25
70 20
66 98
88 14
75 52
33 27
69 38
45 18
65 93
61 63
76 66
25 66
8 38
30 15
3 62
92 61
44 76
11 97
14 21
43 43
19 42
34 91
61 52
95 54
41 44
58 44
45 44
32 21
7 65
23 59
47 19
9 54
97 96
51 8
56 43
22 51
52 2
34 73
42 32
30 9
89 6
59 69
39 66
78 28
14 34
68 68
19 23
98 46
85 20
12 49
88 39
51 76
70 93
45 7
88 42
54 28
57 78
23 80
75 75
76 97
92 61
59 80
76 11
75 29
9 73
54 95
87 18
75 25
49 17
35 28
42 54
44 10
81 41
23 59
11 52
72 72
52 91
1 49
17 86
74 90
57 96
98 8
41 13
84 43
54 2
74 3
15 69
66 36
97 33
64 27
64 19
86 17
69 49
63 61
40 27
58 77
71 43
54 62
77 99
41 42
90 92
11 14
18 46
69 90
80 9
68 76
65 3
47 14
88 96
40 11
79 60
7 17
67 89
83 10
83 29
73 35
74 76
93 63
12 17
49 46
88 34
8 15
78 99
10 67
25 3
5 20
5 89
38 30
37 41
38 93
24 43
82 42
100 35
76 82
79 10
39 91
14 49
61 90
43 35
94 47
73 54
84 30
1 82
59 23
38 84
76 31
55 38
76 84
6 7
12 40
21 88
34 88
10 30
89 47
100 69
41 16
6 48
10 22
23 94
88 71
70 2
8 97
67 25
75 65
58 59
97 6
64 46
7 29
83 95
22 38
62 73
93 73
49 26
54 4
64 6
96 21
21 24
41 7
24 82
64 12
15 95
27 20
41 35
50 56
97 100
71 23
96 69
17 51
27 22
89 81
59 100
38 56
52 29
16 24
100 69
46 64
100 40
33 71
47 56
62 75
29 17
78 98
68 43
96 23
24 43
77 1
80 81
15 56
68 97
99 87
51 82
2 92
34 87
1 14
78 40
71 53
99 71
58 72
100 70
32 48
72 86
80 22
33 42
39 96
79 14
18 75
85 16
52 26
90 97
75 79
95 2
25 19
78 85
99 12
88 24
99 30
27 52
5 87
37 83
92 74
16 10
31 31
67 44
58 77
90 46
48 81
26 50
49 73
71 72
15 17
34 68
63 3
93 22
14 61
6 42
14 86
67 59
65 61
4 7
18 65
95 100
86 79
73 98
35 78
3 88
99 13
42 31
58 51
61 21
44 7
76 30
25 85
23 2
25 21
75 29
74 74
35 3
47 99
12 95
94 62
31 98
75 65
49 88
91 76
32 14
67 35
87 89
65 59
13 73
38 26
54 29
54 87
37 87
7 83
49 33
17 56
69 26
77 29
94 72
55 89
52 97
22 13
25 66
82 8
41 57
73 14
39 85
16 99
18 1
13 33
16 51
12 75
99 48
53 25
73 97
67 72
14 44
48 60
19 74
82 11
93 66
36 55
41 60
86 91
77 54
96 87
83 65
29 85
72 73
74 46
18 54
92 54
94 60
82 25
32 77
33 53
87 83
68 69
3 91
39 81
28 44
28 27
13 69
10 38
42 20
54 18
10 36
74 78
45 98
94 85
64 30
98 65
56 97
12 70
66 98
33 5
65 51
76 100
75 97
31 8
75 48
84 16
30 67
22 66
28 62
64 40
51 12
70 59
48 54
55 96
32 36
52 99
76 78
21 47
38 17
68 1
3 29
94 6
13 41
3 9
30 18
87 25
73 78
4 8
59 23
41 2
100 71
18 63
10 46
2 88
35 97
57 86
56 56
33 23
10 93
91 92
19 95
3 21
29 4
14 63
83 11
48 73
96 35
66 62
90 22
91 4
13 98
76 39
27 81
41 15
30 78
52 59
36 35
31 31
52 58
19 37
88 65
65 17
86 99
74 28
28 13
19 34
96 98
10 52
85 16
12 59
60 17
77 100
42 100
89 42
80 39
75 84
38 6
84 28
82 59
22 77
27 95
59 73
99 16
47 35
87 91
4 46
6 30
60 51
31 18
94 45
8 93
86 30
33 40
85 97
16 86
27 63
86 88
84 6
20 80
58 32
92 99
78 41
15 93
2 99
26 94
12 50
34 9
79 91
62 100
16 33
29 75
93 56
54 77
13 57
99 53
71 40
23 15
52 55
10 64
72 82
39 91
28 20
58 77
35 44
68 76
94 30
76 33
79 67
45 39
100 2
2 18
59 52
16 74
41 91
100 23
100 58
25 67
50 84
44 12
55 56
97 26
25 46
85 39
56 44
85 8
87 38
22 46
38 51
13 14
33 56
47 58
47 82
64 8
87 6
63 27
52 13
98 9
36 35
60 40
76 36
28 12
2 24
69 16
75 51
3 98
71 100
82 24
59 52
31 72
74 55
16 72
68 3
37 67
24 57
48 20
42 76
39 29
69 77
23 64
39 39
69 71
27 49
68 34
31 81
15 57
33 65
6 96
29 7
70 11
45 25
33 53
30 20
52 58
49 52
99 76
11 74
16 46
35 77
84 89
91 62
26 53
41 43
32 17
97 22
32 65
29 55
23 26
93 92
48 67
87 30
97 9
82 78
41 31
2 47
90 85
65 5
81 68
13 2
59 76
90 37
64 71
30 47
95 53
72 10
71 92
83 40
70 35
14 68
81 2
41 85
6 24
8 93
25 4
84 95
35 60
10 83
89 23
15 42
27 67
84 59
70 19
51 65
82 37
20 4
90 40
62 78
60 63
66 87
17 63
32 26
97 79
25 79
54 51
97 66
83 86
87 71
83 99
96 78
33 9
55 53
83 27
20 34
60 31
79 82
10 6
63 78
79 44
63 44
17 16
24 18
40 41
87 45
75 41
7 30
58 78
79 84
63 57
76 47
66 19
72 70
23 90
75 76
86 60
74 50
66 26
47 79
16 85
88 6
32 26
40 85
66 95
89 27
40 15
41 89
43 5
44 56
65 24
30 1
44 16
34 70
63 80
60 100
84 76
81 15
88 11
21 73
36 42
5 53
87 11
92 100
71 84
100 66
30 23
12 70
63 10
18 21
23 86
36 4
1 41
29 44
6 87
56 26
75 37
2 81
23 24
64 56
73 3
74 10
9 35
65 95
90 47
1 80
62 30
31 62
43 75
66 46
38 5
68 51
72 10
77 96
59 75
96 71
92 44
7 38
7 41
41 1
28 10
40 66
60 92
94 52
81 39
9 78
24 31
84 83
23 24
50 51
94 91
17 24
21 96
67 22
67 78
24 29
61 69
2 18
95 15
28 49
36 25
97 56
43 22
19 62
58 72
94 62
82 8
28 78
22 22
3 65
7 49
14 17
28 39
60 62
1 56
92 27
30 35
9 21
99 15
55 89
47 85
61 5
97 9
59 25
92 77
4 27
31 1
47 73
76 83
21 95
62 30
19 62
86 58
28 26
100 19
96 2
87 9
17 76
32 74
63 77
52 68
20 68
38 1
86 31
59 92
21 81
95 62
96 33
45 64
13 89
43 34
17 57
65 55
33 43
78 6
83 43
46 62
33 40
2 73
100 22
52 57
82 18
36 41
85 84
81 32
82 37
69 55
34 99
93 99
11 38
44 2
100 51
74 43
69 51
4 24
42 92
56 40
87 19
66 16
50 13
66 37
37 2
41 36
51 69
12 63
48 4
88 58
28 18
44 61
57 70
47 3
100 14
86 98
29 95
13 34
16 86
30 87
9 84
98 81
39 55
32 88
45 11
10 23
45 66
7 100
29 17
37 7
58 26
61 44
15 53
6 97
44 87
31 83
47 71
33 45
65 43
23 66
69 9
9 58
15 43
69 29
97 39
46 15
44 17
83 98
37 23
10 10
92 63
73 96
30 24
51 48
76 26
70 72
25 56
30 2
84 30
8 79
14 11
97 84
33 19
37 83
81 59
79 3
53 33
46 77
10 53
86 37
53 81
100 7
48 1
54 91
94 14
39 32
2 27
81 55
18 90
69 9
70 67
64 67
53 58
17 93
84 87
49 3
75 93
6 55
12 13
92 78
1 91
74 2
92 41
88 6
32 11
66 70
67 23
30 71
65 79
54 65
5 41
90 5
88 71
41 33
44 36
34 46
91 18
95 44
84 50
78 12
77 98
5 59
69 80
99 57
95 86
24 95
81 22
12 87
69 7
72 38
13 89
52 81
9 13
35 15
38 35
45 40
96 13
50 25
57 17
89 50
99 36
86 62
61 69
93 20
82 28
59 97
33 72
18 6
11 9
47 36
95 61
72 21
31 61
2 23
74 3
58 61
90 90
71 86
33 100
72 77
36 85
42 31
29 54
53 29
26 63
21 86
57 6
77 16
63 54
82 25
5 12
6 1
85 85
22 60
75 14
2 7
92 55
1 29
39 13
93 42
76 64
33 41
88 5
95 77
7 6
31 42
10 21
20 19
46 81
55 67
75 26
85 7
32 40
23 23
76 54
86 7
38 23
24 95
53 40
94 89
84 25
53 26
67 89
30 94
78 56
61 38
16 46
15 28
21 68
15 81
83 34
50 86
26 7
85 40
79 19
69 22
94 20
84 37
62 82
1 69
11 40
30 83
26 85
44 19
65 38
32 89
45 78
40 84
47 84
53 40
61 75
67 81
5 47
18 96
79 92
60 16
99 48
42 84
77 17
14 100
80 41
11 70
14 88
81 90
46 1
82 35
48 23
24 68
25 75
69 100
64 57
42 21
83 62
42 37
13 67
24 37
85 73
51 36
62 23
45 11
11 92
50 39
34 66
21 7
25 56
5 55
5 85
62 72
17 3
53 3
60 7
20 36
11 71
47 51
35 41
39 72
8 77
33 38
92 60
3 38
53 26
15 85
66 62
69 61
28 41
7 29
87 88
22 86
58 90
97 95
14 19
35 72
59 2
82 42
93 12
97 8
19 11
31 34
35 38
53 62
41 89
48 65
33 55
3 91
84 14
67 33
96 52
87 19
82 1
7 32
70 18
48 45
50 21
25 99
74 16
36 13
45 98
100 95
60 40
36 18
17 29
86 71
25 80
91 42
82 98
61 60
8 40
34 16
52 16
46 84
7 43
14 67
25 10
92 21
43 61
100 60
99 93
88 41
15 82
22 15
10 25
35 96
6 47
84 62
5 56
59 34
64 51
30 64
83 38
60 42
47 96
57 65
20 39
21 27
86 21
63 48
39 10
76 5
26 82
89 63
93 57
47 25
7 91
96 20
7 92
70 86
23 42
56 92
52 22
36 95
54 50
27 72
68 23
14 53
8 32
98 23
98 15
73 83
4 71
100 17
10 42
53 9
25 42
29 55
4 35
4 98
27 45
89 2
71 21
99 85
61 47
35 9
48 6
79 73
94 8
51 30
3 77
5 47
4 65
39 85
80 20
49 81
22 43
45 5
82 20
71 81
93 99
76 97
86 33
93 8
74 66
3 59
97 87
72 98
37 86
44 20
16 4
70 28
78 85
85 71
36 10
32 55
49 10
60 55
88 81
50 24
45 43
61 3
85 81
96 46
65 40
87 61
95 43
23 24
91 72
6 41
100 5
90 17
75 79
54 29
33 34
99 47
12 48
56 47
37 36
79 63
62 86
22 15
42 13
32 33
73 23
44 93
66 96
80 55
40 29
13 74
9 34
100 97
64 56
42 22
63 76
55 14
67 74
1 29
94 25
10 10
95 83
16 79
65 34
98 61
51 99
95 4
57 29
54 39
79 70
33 55
92 97
41 43
94 2
53 52
11 76
44 71
18 32
72 87
1 71
37 36
93 91
60 7
12 2
89 27
65 7
95 91
71 51
72 89
55 11
18 64
81 18
18 74
97 100
71 15
70 53
3 29
36 16
45 53
94 90
52 71
28 38
53 22
14 86
15 55
31 1
