1000
3680 2710
7311 5059
6755 6959
1889 2842
157 9262
2898 6396
1334 9106
4753 226
3766 6478
2530 7745
6463 7212
7828 2243
4562 8606
4591 5205
4211 4530
1061 9562
3831 8730
2706 8570
7890 811
6974 4955
8542 5635
550 1606
3371 8589
535 6819
7050 4710
4471 2669
678 1714
6339 6487
4514 9154
8365 953
2119 4157
8647 1751
7369 7683
7884 7781
8286 4746
221 3630
9403 6943
3151 2169
5293 7773
5557 6296
2034 2326
5087 8973
4414 834
313 8222
9348 4619
8909 3372
3594 4306
5685 5002
8639 7261
7609 4268
8245 8540
361 4249
2143 5293
7023 3068
6763 5638
1628 9046
3868 3456
9735 7942
1885 3827
7004 9126
234 6540
6644 6142
2312 2679
6714 2730
8603 553
6710 6887
6803 4586
4989 1884
9472 7679
8654 1685
1373 206
6443 5060
3279 3766
7743 3900
7938 398
6471 9137
1621 6710
4346 1682
9469 8375
6292 9250
6287 4373
2247 6472
4901 3911
2962 9678
1531 1635
9144 3303
8909 4047
474 1541
6629 1273
5308 7725
2525 6058
2034 8324
5528 3227
6935 4287
2075 8841
9616 9078
7455 1820
5400 8357
1522 300
4701 1841
9436 1562
9918 4256
8546 2913
2904 3931
5923 2676
5763 4766
1707 2733
7227 4441
4617 416
1115 8590
9391 2366
2186 4478
4161 7864
172 6078
4460 8001
1339 8097
2125 1133
4618 1335
8502 2212
1076 9968
8978 7926
2461 7531
8876 1618
9880 2710
4426 475
4947 9654
8599 376
6905 5847
5370 2288
1238 8681
4458 8827
3409 5961
9820 4369
7280 1008
6738 3583
4618 1734
7336 3347
4950 6364
9253 4845
64 5770
6919 8858
8562 62
8222 49
398 8605
7558 2655
1908 7517
3826 5574
6551 9779
5516 76
4347 7875
1002 9369
1907 9006
2713 1303
1809 8450
9774 6164
4102 5616
4688 6985
988 3127
7325 9106
1560 1375
691 4619
6900 8312
3645 8948
946 4805
820 4401
9111 4438
9540 3227
862 3332
29 6977
4233 7069
4880 6036
3209 6061
9969 3476
6167 1521
4972 9503
3641 318
9451 5092
3506 8949
2441 7557
366 454
3895 9798
7105 9515
4626 890
6622 6173
9765 8918
5623 6872
9421 1381
2299 7790
3342 1357
6585 4255
9399 1499
3924 9379
2770 7842
1019 7159
6596 1538
3026 9409
7183 2500
1811 95
7747 9848
2608 4180
6155 2416
9761 6246
2246 1719
6762 9217
4015 3666
7148 4836
566 5033
7550 4403
4572 3352
5686 6266
214 3150
2945 2940
8394 423
2317 4960
8116 9325
3802 2754
1522 9282
3086 606
1839 1461
5068 3772
6882 2516
2703 6959
1245 5834
4906 728
1088 5754
9994 1726
884 3478
1564 2705
9339 6060
7221 3053
2290 1396
2620 4750
5701 5274
4868 5792
5885 8825
2560 2098
9048 5048
7929 3249
7292 1215
2106 3404
5639 656
3894 7834
1847 4686
8309 3293
5051 6276
322 866
4509 8864
1542 4461
1727 1016
1578 7180
5353 4793
1095 7955
2887 154
6360 2136
5674 3674
5626 6136
9059 2921
7854 2762
2255 4341
8083 7568
1695 5937
6448 2957
2891 5505
8124 5235
2513 5059
1554 3645
1978 9093
6543 6240
1092 2587
8803 9434
6107 4657
5347 3479
6103 4217
6284 1547
4239 1305
3675 5243
2865 4255
2685 2356
1849 4082
4998 1240
8476 6411
6120 2868
5228 7235
9654 2573
6566 1301
2991 6906
9754 2711
7791 6223
976 7619
792 8361
8309 8295
9061 8081
5664 425
4438 5131
317 3569
8395 2901
7425 3771
5992 8787
7076 8786
9551 7678
1609 400
5894 8409
1422 3345
8974 9979
3264 4153
1569 9016
1613 5175
4227 1817
7813 9185
939 507
36 3966
9222 9688
5338 5136
2829 6516
4646 726
3926 4363
1113 3870
9717 7973
3667 8267
748 8753
9891 9287
7034 4217
2386 9074
3037 333
2336 3030
6809 3707
171 8176
3123 1799
4730 4352
5408 4163
4441 7671
4378 9421
8222 5318
2617 6516
6344 7083
8960 5554
1595 990
3583 5070
9284 6339
6869 2056
5528 9494
8497 9649
4752 3227
7743 5233
3653 1093
2482 4184
2840 316
5501 461
5278 6827
430 4108
528 1015
5699 6134
223 3191
2942 7534
8764 7163
5579 2376
5433 9259
6699 7814
2344 6385
8578 1921
8287 4706
6787 1714
6487 1720
7487 423
2744 1215
4963 2211
4526 8287
9371 3919
8827 4129
3507 7708
261 4452
2481 5016
910 4457
6686 4318
2263 8187
898 2879
6264 3540
3319 9412
6785 4462
5256 1231
6719 7812
4823 6369
4662 238
9881 269
2808 8723
7370 8905
311 3414
1192 2435
2375 2339
2802 9509
5539 2372
554 4501
3042 2746
7795 3412
4460 4757
4725 6707
7203 9239
4793 4624
361 2797
1755 2970
1320 3831
9816 7800
6043 2912
5030 689
9509 3688
4686 190
8743 6228
4447 6487
3127 6840
6991 5182
8385 8996
7011 1586
420 2426
2964 9563
6892 6056
4398 5642
377 8187
2382 8220
5023 44
6155 4897
8314 2841
6083 6364
9109 8082
5446 8534
2363 616
2170 2183
6832 512
4123 8593
9666 4373
3164 8565
3436 428
2505 5924
5228 5945
5738 2193
9651 7639
5545 9839
6188 2651
8677 8070
929 8195
3651 2250
5832 6312
330 5984
1089 6719
7266 1639
4517 4835
2045 3951
827 815
4571 674
8661 802
4205 1544
7657 2653
7719 4979
873 5446
3065 3970
1619 8162
9525 4321
1434 2424
6484 5894
42 2857
6194 5819
7884 2388
6940 6404
9437 4263
5227 7369
1641 3348
148 7454
6834 2511
419 2837
9398 7527
6197 2956
2453 2851
1140 5253
208 6330
8972 604
9800 8537
9835 1758
6528 1591
1241 2429
8390 2857
9959 2951
6968 8756
1874 5311
4604 3539
3043 5514
798 5301
6162 5014
3397 7952
222 9115
8082 2750
8754 9229
5931 1873
4525 8613
2479 2479
3516 9963
9035 228
4128 8495
3373 7521
3471 1247
7623 5753
6517 9337
7484 4482
3184 5243
8313 8523
9901 6799
469 8572
8919 7627
5301 1134
1009 5894
5128 9688
6090 963
4926 183
8207 2728
1615 6564
1461 9927
3818 6550
3384 9468
8802 1984
3713 2693
4746 1721
2436 9094
3056 5229
2650 3398
4486 8229
5363 4796
1254 3295
4770 5504
3651 4451
2792 5971
1598 9677
3872 3756
6906 3236
7597 6391
1649 6637
3237 8676
5009 6817
3355 5571
450 8831
9605 4346
7966 7448
9184 1289
4789 1932
6136 2303
9674 8502
5742 469
2074 1403
5181 1224
4173 9269
3331 7272
9068 2756
8472 7247
9859 4237
8784 6395
4360 1402
672 1322
4579 6560
4513 4430
2586 9703
8570 160
2510 4624
3062 8978
298 144
1741 2754
3329 7201
4185 7464
5127 296
5803 883
924 7236
1611 6092
757 3700
1679 3585
2807 4800
312 4267
6493 8266
833 7469
5217 788
195 6081
1202 7023
5502 9160
6167 6121
5338 2319
984 2553
4210 3450
1088 2577
7670 5212
6671 6537
6647 3081
341 875
7394 8160
2791 3299
304 1766
7206 8493
9268 6461
7686 5474
1960 1123
8240 8488
3821 5778
6026 870
9614 505
2022 8043
4826 1230
7245 9376
6979 8233
1711 1877
5833 9968
3898 2501
6049 9414
5269 7949
4510 5202
5455 4659
7909 5760
4059 4410
3836 9022
2394 5195
2054 4117
2555 8098
8035 2072
9773 9797
4495 1560
9015 2958
4990 906
2427 2184
1989 1433
3422 8113
9325 4456
1484 8853
1030 3803
6215 1540
6451 7113
8200 4608
2966 7407
4593 2957
325 514
7830 9031
4551 1889
9306 6016
1908 5754
9393 7374
3110 5828
4738 3165
3341 1699
9843 123
8408 2303
291 9743
1228 5514
5697 1054
9967 3160
5387 1468
7398 5353
6973 2232
7518 7844
8008 7631
4504 6565
8517 8667
6435 8383
2764 4632
4918 2281
9674 3110
2663 8396
5942 3022
5579 7738
8673 9619
8072 7052
8170 5302
5369 1731
4281 8571
8914 4871
3865 5283
6204 5980
5055 989
9160 3828
2883 4431
3728 1423
504 8525
6956 652
5933 7601
3603 5375
1827 4611
4483 2154
299 7935
3137 6156
2680 6996
5300 1344
8652 7723
5745 8059
3258 8713
9491 5961
2955 2137
2501 7071
7559 4569
9158 6861
2934 7392
9903 7676
4228 7275
5195 6841
2272 1452
1793 4793
2066 4075
3795 4753
8083 6345
1188 6635
6444 8800
8838 5248
2321 1827
6745 7497
876 5213
7748 9604
5959 6051
5256 6726
9760 3920
9181 1625
4338 6658
9711 9054
6591 786
7566 1588
3290 7321
7261 4646
2797 8299
3596 2138
8007 3832
9446 2785
3874 468
6801 9694
104 9363
2553 6185
2718 7399
6695 4802
2112 3459
6210 9146
5931 9509
9867 3962
8341 9246
1093 2526
6634 2641
6102 586
9310 410
4363 8439
1928 5083
1376 4807
8784 6167
5037 3351
3013 7401
2074 3999
4068 3712
2560 579
1407 9795
2219 5761
362 4717
4917 1317
2557 161
8436 4643
6335 2592
3439 4163
8160 6342
9290 6072
7001 1938
325 7207
5877 5901
1786 5395
9697 1275
3337 6151
6871 272
5329 3726
8014 3370
2984 1486
2632 4714
7711 2464
7171 4970
3104 9264
1937 9547
3682 195
6115 1693
3862 6022
9489 9556
530 4884
1618 1541
5808 7977
7534 8887
2046 8818
5953 1197
6035 2350
2688 1488
9006 6958
3782 7627
821 5151
5814 6829
4385 2676
9145 4073
1802 3384
4282 1108
4405 3433
1167 5619
6671 2907
1554 2128
7137 9855
3293 2865
4135 792
4527 6883
9462 7863
1998 8185
1442 8817
371 5494
2775 7360
5482 5980
3803 4025
7894 8007
962 6951
6345 5969
9111 7894
9143 6469
783 3620
7081 627
6664 1204
1744 8157
2785 662
2539 215
3051 5510
8844 9930
1989 2156
2934 4768
8285 7950
8795 7856
136 1871
8001 9581
8300 6766
2315 6118
7275 2533
3033 6896
1372 9141
7405 640
6566 8936
8251 2543
3773 226
9905 8362
3087 2788
7960 6248
8941 9875
1096 9730
1533 6744
115 3162
3493 5229
4441 6040
4573 2748
9524 5323
9786 4010
9705 7700
1529 159
3794 8235
1763 9801
859 6471
2929 1364
1465 9950
2741 5653
2095 4741
7965 272
388 7132
9163 2361
9024 8984
5355 7254
8011 7110
4947 8595
5710 4198
9149 8081
5707 4702
6250 1845
4327 4175
6100 8685
2199 4702
615 5535
1492 3937
1042 8253
6835 6533
4684 2157
3119 1806
6696 6190
5835 4447
8812 1499
5560 1366
6284 6777
6598 2541
4899 9713
193 1598
6501 4698
9482 6266
8834 854
3093 2272
1001 4295
6237 556
1824 628
8229 3178
2273 4516
7458 6476
9414 2053
5299 3637
4200 2029
7353 4075
285 7174
4914 8464
4425 198
4772 6122
7206 6602
9491 2216
1736 7033
7744 572
1882 3360
5496 9926
489 1954
393 454
3018 2724
8060 470
1409 9886
9508 5905
492 1533
1652 6775
2946 3357
3115 661
5256 400
7124 3815
2074 3270
2690 1460
2900 1471
5493 7658
3890 8782
6041 7193
7989 9135
7890 7788
8197 4869
6229 2934
8224 469
6114 3159
4667 9460
3183 6941
1495 716
5883 6537
4450 7452
9177 9894
7183 6778
7103 7302
8594 5223
9975 2629
6462 6322
9751 3969
6095 7798
5753 947
1530 1310
7350 1756
4346 3624
5536 8522
3719 1145
2147 7992
6253 8149
5537 9022
9543 8266
2211 49
4737 866
2576 1499
796 9267
7048 8282
3228 8332
9260 1304
5875 3425
8393 1631
1465 8070
1992 806
6823 7043
8870 4119
1934 9802
1986 4486
8691 7455
7897 5048
2819 1399
6870 4393
8909 4140
5481 1486
4650 7814
7292 5161
402 8477
160 6103
3191 7916
7290 5933
9620 1351
972 5801
6857 5621
6652 4064
1171 7953
8953 2803
9911 1802
4494 3537
8926 2465
7826 5273
1508 1747
8237 736
9908 3644
6380 7658
6235 8509
7003 5661
8955 286
3174 2934
7368 8190
3421 7056
5142 7771
2000
83 82
33 28
54 25
14 39
100 95
57 35
51 79
20 46
10 66
23 95
27 10
77 80
35 78
95 45
86 96
30 46
97 66
95 72
97 66
61 21
64 26
42 10
52 48
66 33
90 83
34 4
32 69
31 85
58 74
96 87
95 23
5 73
82 90
41 28
71 20
10 22
26 11
51 57
82 3
55 79
48 3
56 13
13 5
16 1
20 86
57 57
49 87
2 96
29 24
41 78
38 55
78 75
57 9
11 16
99 3
76 12
68 78
56 62
14 27
40 33
98 55
63 27
27 50
4 99
60 66
79 22
63 98
90 16
79 76
33 6
19 94
78 19
16 32
100 36
80 31
37 88
86 97
36 55
54 61
96 60
39 11
96 30
3 98
63 3
56 24
37 35
45 81
50 4
24 8
46 95
33 39
3 33
90 27
94 38
16 76
94 57
34 15
48 51
55 65
56 36
35 33
41 76
27 70
68 5
1 12
72 20
45 11
63 90
72 78
88 74
43 90
18 24
83 66
37 75
50 28
7 91
95 87
90 94
28 65
59 72
52 74
9 74
16 56
56 77
98 26
29 15
88 26
79 60
2 67
63 75
36 74
49 44
65 37
32 69
97 38
79 10
21 61
26 79
47 8
4 60
72 97
68 13
10 43
67 49
2 33
18 92
33 40
98 38
93 57
97 66
58 33
76 82
58 78
7 82
55 52
45 37
94 47
90 80
20 84
72 73
33 93
15 27
34 51
36 48
2 61
19 2
73 34
5 82
10 33
51 5
14 13
75 63
26 30
45 42
50 86
75 20
64 38
90 40
20 44
72 58
70 82
79 30
45 95
56 33
9 85
20 33
29 57
43 55
30 98
53 11
32 59
80 33
78 57
76 75
46 67
11 98
42 83
98 26
17 26
36 8
36 55
21 27
73 13
100 56
97 8
49 46
56 84
59 46
56 39
63 67
90 9
39 50
35 70
43 2
19 47
69 29
96 60
31 98
84 52
11 100
29 95
1 51
10 7
1 61
72 74
20 29
88 65
47 57
3 97
36 12
81 51
66 74
94 51
18 17
75 58
38 46
84 24
94 98
32 73
8 98
16 63
76 38
100 25
19 60
5 5
69 89
86 2
59 9
77 1
63 75
91 65
5 71
29 6
42 49
75 98
40 38
21 15
96 80
30 4
85 68
81 47
2 28
23 74
17 22
71 86
13 79
59 10
18 91
43 89
16 93
98 57
70 22
44 28
51 43
71 41
12 70
51 54
54 84
19 21
26 5
79 78
30 7
58 21
44 3
87 22
65 16
5 64
30 50
15 57
99 37
45 28
58 81
40 4
8 5
47 5
69 72
41 99
14 69
36 2
28 73
12 92
29 84
46 61
91 69
22 18
11 66
8 9
65 90
41 72
10 27
86 78
59 11
87 17
25 90
62 14
9 23
22 20
34 76
15 1
85 91
10 12
76 81
44 70
74 65
35 40
79 14
31 63
48 4
12 99
61 45
56 43
10 99
64 54
67 60
21 100
25 82
61 11
44 26
56 50
42 87
44 32
34 3
14 3
17 47
76 42
68 84
16 99
85 38
63 28
6 32
88 15
22 8
57 57
46 4
24 41
9 8
48 3
35 92
20 24
56 3
32 82
62 85
5 31
65 66
40 84
43 49
14 25
80 55
23 68
15 88
98 16
97 60
100 99
54 39
63 64
2 99
43 68
4 61
64 97
74 3
61 29
15 66
24 90
5 96
43 40
29 77
45 73
43 98
99 54
71 69
30 97
37 94
33 39
45 2
88 7
45 48
4 100
1 17
79 55
38 7
8 61
5 99
95 8
3 27
61 97
17 39
18 7
89 39
62 84
15 6
78 20
70 17
22 49
75 36
23 50
26 99
69 4
18 20
77 71
66 4
89 68
61 30
7 41
35 18
52 30
9 60
89 78
31 26
17 45
80 32
94 94
59 75
20 68
45 97
2 32
74 7
59 21
64 28
41 62
61 44
63 28
40 58
40 60
83 56
88 34
3 5
93 8
62 91
31 56
22 86
63 71
56 100
77 27
62 21
68 18
3 71
85 20
66 8
62 46
92 96
98 77
16 55
86 55
89 31
14 49
38 70
2 62
27 74
20 16
94 56
84 50
82 28
3 45
13 99
4 35
62 87
87 72
95 39
2 36
97 40
80 3
52 47
63 47
11 26
67 38
1 44
43 88
9 36
73 82
86 26
58 26
3 30
74 55
90 36
78 18
49 10
71 24
96 19
98 89
2 60
24 61
49 9
57 92
60 12
22 96
90 82
70 69
12 34
15 36
59 18
11 70
78 98
14 43
51 80
5 96
87 60
48 96
79 63
32 84
86 77
74 61
15 59
60 27
95 18
59 52
91 80
6 62
74 20
79 82
29 44
55 83
17 43
21 68
43 29
92 80
94 28
17 4
4 2
67 92
6 28
57 35
48 70
9 20
1 67
94 4
15 40
72 74
55 20
14 11
73 1
29 64
91 46
5 27
73 76
26 26
69 55
47 22
9 11
71 23
93 53
71 50
63 23
72 5
9 8
59 65
54 98
83 40
25 37
12 2
25 60
54 17
97 100
22 10
63 61
6 60
87 73
12 75
35 89
53 16
68 83
90 53
10 11
96 86
60 21
88 4
25 73
81 89
73 42
43 38
98 76
51 42
42 57
25 17
72 1
65 83
17 37
42 94
45 91
99 62
82 38
97 30
88 29
83 71
77 8
68 96
80 78
80 59
32 38
25 38
64 1
44 72
42 7
71 73
71 49
79 1
79 40
76 87
56 93
85 30
40 99
78 51
17 3
55 96
76 7
43 33
63 44
87 1
76 100
74 76
82 72
61 13
85 53
12 82
47 86
38 75
93 44
22 97
79 69
42 17
65 8
39 52
80 38
99 49
58 91
95 4
29 42
99 64
63 52
97 19
48 1
6 61
64 61
46 90
84 19
23 87
25 30
27 35
66 6
43 24
38 85
56 41
96 99
86 44
75 2
12 64
22 37
70 20
78 41
31 23
63 33
56 17
6 29
27 80
99 84
86 92
40 21
26 85
10 97
66 76
79 93
67 59
95 55
77 39
94 34
70 46
33 54
35 64
79 20
13 31
9 72
38 35
66 69
15 5
77 4
99 13
16 64
79 70
29 89
49 84
24 81
68 91
100 45
22 68
60 37
6 50
50 91
7 63
44 22
29 29
49 49
67 95
8 86
98 53
100 18
61 23
35 31
99 6
20 59
69 21
35 67
57 38
40 31
14 9
25 61
44 48
69 61
56 57
27 83
35 63
2 60
100 36
89 54
100 65
60 76
85 64
98 92
43 20
6 84
6 75
41 21
36 56
11 5
13 8
46 73
37 2
52 71
17 29
35 63
98 1
65 53
27 49
18 9
11 94
9 75
93 52
89 64
29 3
56 87
55 93
53 16
66 47
5 72
90 41
54 89
46 94
83 13
20 3
70 90
100 16
41 62
97 68
45 85
40 97
40 11
99 64
35 29
62 24
88 89
65 64
30 42
86 72
92 50
16 3
11 54
61 47
43 39
61 92
54 3
1 84
18 29
76 29
29 33
49 75
60 62
42 63
74 75
79 7
7 71
13 18
54 95
7 16
63 51
33 6
36 98
70 4
62 4
44 39
26 60
36 27
40 70
17 11
49 5
8 25
70 81
22 90
61 51
22 54
79 42
65 29
76 49
34 54
68 17
9 3
14 20
54 34
41 34
5 23
93 49
39 61
7 82
11 93
37 89
11 57
41 5
25 97
60 71
62 80
82 57
61 14
93 79
14 56
3 16
83 10
32 30
28 55
47 5
51 35
94 32
51 97
17 51
100 63
54 61
94 82
21 88
35 79
83 9
37 91
6 15
98 37
27 27
39 80
80 13
21 48
100 22
81 71
28 3
68 31
9 63
70 2
51 22
32 86
90 77
56 54
73 44
97 28
33 89
30 31
8 42
87 91
35 79
81 80
96 49
9 89
51 22
3 87
43 84
87 28
35 60
83 43
10 24
43 80
100 51
13 26
74 97
34 29
32 7
86 10
91 33
43 8
27 59
28 40
50 25
56 22
56 3
90 17
79 84
23 1
90 75
74 54
43 36
48 33
92 97
79 8
22 31
88 5
38 87
29 4
27 7
89 93
27 67
7 58
31 66
96 76
51 89
5 55
47 19
69 57
69 32
85 23
68 45
44 86
47 60
62 34
62 73
39 8
43 91
5 95
90 68
19 6
31 26
75 36
16 59
67 75
75 36
32 45
32 1
43 18
76 26
48 6
38 69
57 59
93 90
48 71
69 30
31 1
10 98
9 99
51 10
56 96
42 34
33 90
23 51
61 56
58 47
12 62
30 3
51 67
14 63
61 10
40 23
16 38
69 49
40 32
34 85
40 28
96 97
83 1
67 86
65 81
30 98
76 24
99 49
20 14
37 27
50 98
39 34
62 47
73 47
35 96
63 92
71 26
50 24
30 85
66 90
20 73
74 47
73 77
74 99
81 20
3 85
34 31
76 4
37 46
29 53
77 56
53 19
71 2
75 53
40 60
27 74
65 76
51 48
19 9
19 7
21 3
91 43
75 13
94 97
41 35
19 14
73 38
38 61
14 42
54 73
45 40
82 45
1 42
29 98
21 77
79 20
79 14
52 13
98 31
56 31
64 73
56 41
95 41
23 65
3 39
84 61
18 58
23 15
53 15
92 68
2 56
100 65
23 50
48 65
60 90
30 63
41 51
13 64
16 58
51 43
18 89
8 91
23 60
55 63
36 45
53 30
10 48
97 26
41 89
77 95
21 47
18 50
37 11
50 88
38 21
10 61
86 43
91 58
43 87
92 94
61 27
47 39
58 29
58 26
55 39
39 83
92 59
35 23
58 32
6 22
77 68
82 71
8 44
32 58
92 7
17 18
7 78
47 55
44 99
48 63
94 38
99 44
77 27
47 21
56 59
29 28
27 5
14 62
93 31
22 95
86 67
95 45
92 59
61 20
88 28
18 16
45 17
28 100
31 46
66 44
87 66
33 99
9 90
67 52
66 86
84 81
28 43
7 93
25 64
28 31
55 47
1 85
61 30
88 22
47 66
57 96
40 38
55 5
24 68
94 15
23 71
11 15
39 92
47 50
96 93
33 61
17 68
2 97
35 62
43 4
23 40
93 51
71 27
96 89
71 41
36 43
98 55
58 70
92 21
17 46
79 72
76 8
84 63
15 84
43 21
71 68
15 18
6 10
67 66
40 35
32 65
53 13
57 47
89 21
15 17
87 57
71 15
89 79
98 67
95 17
71 9
87 17
23 39
24 94
23 73
52 79
62 33
70 46
59 48
92 42
91 68
48 76
54 92
59 69
40 19
9 2
78 65
11 96
6 39
63 42
10 61
66 52
82 39
32 98
73 95
44 58
4 42
82 16
72 88
64 97
3 94
9 97
69 39
21 2
65 1
48 16
79 70
75 90
59 61
59 68
1 95
89 81
37 38
84 50
24 79
93 14
60 46
53 60
94 33
39 98
65 32
35 18
44 71
85 47
8 6
92 18
15 33
74 68
81 35
25 10
20 36
58 37
74 15
13 83
94 78
74 11
19 35
54 80
91 64
11 63
5 24
91 22
60 21
87 52
70 27
3 99
16 32
94 91
29 36
4 6
88 88
7 99
34 72
74 32
53 13
54 17
20 75
86 58
10 86
85 92
78 85
72 69
97 75
70 86
46 7
25 68
41 22
13 60
70 12
80 66
67 16
9 9
15 84
37 79
50 73
33 59
36 62
56 64
35 96
83 50
1 85
77 52
33 31
79 57
15 12
88 34
67 72
73 1
93 84
9 51
74 45
64 10
29 74
5 38
63 53
96 7
94 19
92 98
5 63
4 89
24 48
95 4
11 13
70 64
75 56
60 46
38 6
18 70
64 55
99 9
80 15
83 82
67 8
29 91
60 85
36 77
19 41
61 34
84 90
36 73
64 51
37 80
23 85
91 30
63 75
89 5
16 25
85 66
70 7
61 92
40 8
77 65
83 43
78 15
16 12
22 86
73 76
87 69
52 66
77 37
97 29
17 20
38 15
80 62
66 87
66 79
98 9
84 16
38 36
56 30
60 4
80 67
63 70
54 75
77 90
55 47
50 63
60 60
44 22
53 3
15 54
55 30
47 35
2 8
28 81
25 47
11 4
87 17
24 92
81 53
63 5
80 29
37 63
83 32
58 98
33 87
71 100
91 47
94 57
93 55
42 55
78 81
84 3
100 13
23 73
37 57
82 54
4 56
83 83
22 64
79 20
12 85
39 76
96 50
81 43
49 68
52 68
68 27
88 42
72 89
78 15
86 57
76 30
68 77
44 66
44 42
60 32
43 23
39 24
54 39
81 1
54 6
94 45
18 39
52 75
59 18
91 81
82 23
47 90
93 48
50 39
96 96
70 45
20 44
47 63
70 18
41 82
40 91
73 45
53 39
29 93
100 22
94 47
36 18
55 24
44 27
37 9
51 81
20 19
91 81
44 24
3 98
35 30
52 65
80 46
14 17
88 31
13 92
2 78
62 89
33 98
62 71
29 97
15 27
22 67
67 38
7 69
95 33
48 73
71 58
72 23
94 85
5 72
79 77
3 2
61 33
67 17
39 41
11 84
99 61
72 2
59 67
3 9
27 43
89 15
39 1
12 77
60 19
23 95
1 67
55 94
86 26
72 19
48 61
47 80
13 41
80 46
44 86
34 46
68 57
53 81
64 18
4 50
28 42
92 25
4 97
67 100
39 33
37 72
81 37
68 19
73 94
97 76
64 66
22 28
99 29
56 46
32 64
39 21
6 86
39 79
39 36
72 17
31 22
70 13
37 97
99 34
64 89
10 82
2 59
69 51
35 73
8 72
10 25
9 59
61 11
55 27
74 79
53 97
41 34
97 31
44 16
32 73
14 26
89 88
31 36
5 39
42 22
90 90
55 52
64 53
12 23
10 36
68 95
47 33
63 27
72 40
22 46
48 67
73 94
40 9
11 40
92 48
68 51
35 70
35 96
19 33
76 89
97 85
8 87
70 35
56 94
40 56
4 67
48 39
58 92
98 73
82 46
15 39
37 51
49 33
81 41
28 72
31 13
69 84
41 100
78 58
34 71
62 3
94 85
63 52
57 36
47 51
60 75
50 69
21 63
87 92
37 80
17 74
18 38
40 31
43 39
77 56
79 3
81 1
93 18
52 74
60 34
54 6
94 28
88 44
35 11
82 83
19 93
86 99
52 61
5 29
38 14
52 52
55 65
66 84
14 45
75 24
18 28
67 36
6 28
50 81
93 74
24 51
92 29
50 62
83 34
39 93
58 71
30 38
79 68
48 57
8 75
55 86
44 17
16 88
45 60
24 51
79 92
84 80
57 79
71 70
70 61
5 3
3 67
22 35
38 42
66 31
97 87
45 73
97 83
20 1
87 76
39 80
48 45
11 90
45 5
12 92
71 39
85 30
71 27
44 37
3 98
19 99
28 90
12 37
76 80
97 10
63 54
19 21
86 61
91 11
68 17
26 55
86 9
37 70
21 59
53 76
41 97
1 6
83 49
63 3
88 74
89 19
80 73
43 62
61 62
67 96
32 92
49 15
59 49
50 77
23 92
93 95
74 54
74 40
17 5
32 76
10 86
38 94
67 95
49 34
33 2
98 67
14 24
30 58
68 2
60 43
42 49
16 66
87 48
80 100
25 45
55 39
7 66
76 27
16 64
31 10
39 87
79 64
58 37
6 79
72 21
98 55
58 85
5 93
7 44
26 43
93 75
77 15
78 40
29 70
55 8
35 21
7 16
37 20
13 78
67 35
94 72
28 70
47 8
6 70
41 51
66 95
16 11
76 31
13 45
27 67
45 99
64 3
69 88
79 74
27 83
48 24
13 17
93 49
61 89
80 49
94 51
63 66
48 79
12 72
77 7
100 77
25 77
75 74
51 52
92 100
48 27
5 59
81 3
88 11
58 28
84 96
35 8
49 28
10 60
98 21
7 92
32 12
92 89
25 55
68 17
73 90
40 92
12 4
94 57
74 47
91 75
3 22
51 18
52 67
19 18
14 84
86 82
54 39
59 75
86 71
55 9
49 86
72 68
1 69
90 31
27 14
21 59
63 65
67 35
59 4
30 7
15 65
66 5
62 6
27 70
2 72
37 70
55 11
2 67
32 71
38 15
43 27
82 23
90 84
91 62
6 74
18 99
20 1
34 61
57 100
16 40
51 98
97 78
7 37
45 73
99 64
95 43
15 95
23 64
34 40
79 72
84 54
58 19
10 13
82 62
100 70
11 6
57 11
23 42
97 41
12 14
84 31
57 78
48 60
70 33
12 79
63 14
98 63
47 36
70 53
14 99
47 66
69 76
49 100
53 77
89 9
85 41
42 25
42 92
33 26
26 13
5 35
82 43
67 81
98 42
62 50
60 89
44 24
5 44
8 34
35 57
99 53
85 7
51 43
9 63
31 20
39 74
79 37
42 29
25 65
8 98
1 55
35 56
80 14
15 38
14 19
85 11
46 44
51 50
51 56
82 4
7 11
61 27
99 82
48 18
87 71
79 66
36 74
44 70
5 82
95 73
25 10
94 41
97 5
55 84
29 84
54 45
53 9
20 45
37 12
11 20
99 97
61 21
26 21
20 21
8 32
35 79
18 30
9 54
44 52
25 50
1 64
93 62
47 59
100 74
31 48
74 21
18 95
29 9
29 42
78 57
93 45
91 82
25 93
94 80
87 83
27 53
52 6
16 51
99 71
17 99
42 13
8 91
62 66
86 49
69 74
19 17
59 46
13 17
24 32
3 43
59 6
41 60
99 93
48 97
54 95
13 5
38 67
88 81
36 29
64 3
100 83
72 57
96 89
79 39
76 29
95 16
91 17
2 26
62 14
63 61
48 89
80 32
43 11
97 76
48 18
73 21
28 13
87 78
8 94
81 6
1 25
93 27
67 32
37 45
70 38
65 55
90 35
54 69
50 89
10 44
34 86
88 24
