1000
8323 4559
1267 1273
4662 8488
7014 6440
4692 353
4864 235
9054 4520
5165 9577
6647 3605
3967 8600
5609 5327
9294 4411
3137 9505
8542 5083
4265 3532
1046 8334
4015 6620
2523 6448
1771 291
9222 285
7114 8531
2420 8509
8787 863
7924 5928
1320 7294
2129 2739
2327 981
4306 8385
7395 1046
8133 7072
1714 871
4394 7525
6663 9979
9029 3227
3390 3822
3237 7473
4045 3372
9383 7428
8532 9561
5680 3212
638 7177
9730 4601
6349 8677
1410 8244
6108 223
2643 3324
7862 488
301 814
9555 7461
7696 6637
9754 7697
9372 1246
8588 2091
1639 9703
3602 5019
4763 9096
9329 6460
7031 3916
9968 3608
5033 1547
320 3538
5031 984
496 8497
9277 3833
4679 5270
3953 4037
8840 3477
1646 5988
6163 4166
7917 2829
8329 813
5615 873
3219 799
4392 2847
9916 6518
7419 8018
5146 3329
6348 4819
1989 531
7712 9092
5884 4103
6887 7961
6431 3324
7744 4190
4505 8656
5968 5441
7073 3404
1019 5816
9244 8497
8157 1251
3078 3553
5949 6239
7198 8603
1567 1718
8530 5451
3887 7993
9566 2912
7529 102
8755 8614
2436 2270
9585 3613
9814 3916
4031 3114
7477 3951
418 768
9805 7618
8256 1321
1380 5374
2517 7247
2780 3420
2561 6217
9971 2731
9528 3900
4483 8435
2185 9874
1629 4856
955 6905
6292 4294
973 259
4876 6094
2865 3925
749 6387
3638 5205
2069 6436
6985 4203
763 3973
1179 415
5195 5214
8040 9465
8342 3784
7009 3381
7390 9931
9344 1160
1240 3704
5588 4098
9581 6754
9086 860
9662 3766
6117 9683
468 4422
304 668
8584 4105
8508 2398
8828 7234
2371 8180
7366 9606
7526 5040
2129 8076
6533 6433
2047 2810
9104 4404
4182 8234
6279 3247
6457 2381
9104 4765
7720 2323
9838 8887
9635 6334
5088 1032
2263 5593
4923 2276
4065 2502
6449 9369
1919 3736
791 9486
1287 2066
9344 4294
8584 2453
7311 1262
4763 8229
4458 6745
6083 8228
3159 3279
5201 1722
2104 2166
9906 6340
1422 1377
7623 779
7823 6234
2654 7759
2443 5024
8936 7662
1908 3439
1879 3199
7937 7094
1536 22
7494 2243
5427 6237
4416 3392
6259 5692
2608 8621
1230 3635
6615 27
3217 5964
5315 8356
6466 417
6602 2807
7411 887
4147 3342
7131 5555
9806 4670
9454 5559
5067 5905
6284 931
4432 672
3018 8684
466 3381
2775 3710
5615 9702
8293 4425
7297 2284
9002 265
2052 3658
3084 8270
2750 2941
8032 6513
6947 5751
1326 166
1611 4392
7832 5009
6986 2496
605 5177
1238 5518
2149 8437
10 2359
9590 8365
5032 145
657 3103
1349 879
1353 9514
1770 5823
6174 555
5483 8495
7423 9460
6999 8345
8144 1137
3071 4940
8222 636
3202 1726
2538 6222
8207 456
3561 1455
3881 4895
9845 5227
677 8587
2921 1201
4508 2590
50 6676
4191 1201
449 3081
9029 6345
6300 7536
5150 814
6378 560
3990 9003
9122 6382
1438 2049
3251 7724
1862 1943
4926 5531
8564 8501
2272 8589
4628 8672
819 4674
4408 386
8978 8019
2301 7943
9860 1748
6099 6214
5852 2277
9285 3179
2332 4519
782 9450
9935 8899
6336 69
9808 767
4833 4029
9749 1911
4314 1801
2840 8679
1397 3255
5177 1687
968 236
1201 206
819 9013
9 3565
9107 8387
9994 3321
2798 8013
9 734
7778 2100
9802 8313
2279 9402
6818 661
5816 4630
6615 5419
1327 3387
8764 8270
10000 3019
953 1029
9864 13
5856 8927
9244 4853
2234 8353
1275 6773
2433 1901
3451 5765
9413 3802
3793 7500
9522 6431
3728 1573
1342 4676
1613 5452
1303 7650
9038 1522
3891 5892
1905 8035
5241 7463
2673 4924
5743 450
3670 6098
1396 3863
1353 6581
6469 3112
9580 9044
8236 5953
6842 8788
4986 9988
4508 911
7887 9381
8460 7025
4660 2584
4172 3833
1998 2524
9707 6692
2713 2523
6886 1645
5322 7228
9179 5882
6799 3901
204 6568
4652 5808
1494 962
2603 4464
4615 8532
9772 7077
8743 3252
3359 5706
6285 4048
903 2514
5852 9235
5481 8923
8294 8527
1350 7
8659 6437
9976 645
1561 6952
2291 8498
4183 214
3095 7773
7336 7844
4181 1571
9602 1493
242 7425
9814 7795
9049 7992
3776 8841
732 5831
6895 2273
1354 8156
4079 2217
1750 1864
4939 8122
6282 5120
1256 4400
2396 7234
8573 158
1396 698
1987 8441
7984 2352
3822 7089
6746 6627
5311 1498
504 4048
9972 6924
7145 6930
9197 5962
3313 5536
101 8581
1637 637
2874 4035
3875 8392
3892 910
4439 3757
8359 5263
2407 5366
6637 1399
4002 5467
460 3801
1658 5176
6598 3265
4534 9982
3371 7709
7055 8706
157 6573
1116 4132
4173 3686
4831 4082
6341 7775
1480 980
4223 72
2865 1294
945 9337
609 8825
3085 412
7573 8774
8389 9591
7381 2107
6735 1083
4587 3369
5356 5477
3824 9500
2307 5480
8065 4877
3042 5742
9537 3029
9049 9077
6142 7160
3742 6297
6071 9525
6956 4942
5563 1416
5071 5773
6100 7478
5747 7648
8641 9130
8957 4176
6993 6385
9948 2907
8322 909
2030 6764
7399 6911
4089 7038
6656 840
6995 7302
9275 674
9932 1558
7325 2694
3561 1823
3259 5517
9418 7080
3465 2509
8043 3120
7494 3092
6464 9979
5172 3217
3944 8449
1933 6523
9701 9294
3257 4490
7243 4091
8833 8691
6285 6078
151 3885
3960 1184
2170 8407
9692 8633
7113 6246
6976 5659
22 6747
7220 8753
1347 4241
1616 9378
8611 1828
7865 743
263 4835
4954 4733
7334 6155
7781 9802
9241 8961
4596 3163
5761 8403
6974 6934
3420 6
9603 9567
1206 6552
8091 5108
1729 6007
2074 7022
1286 4678
8387 667
1912 8819
3592 3684
6966 3425
3376 75
6487 5242
1601 8708
1727 8612
6955 2608
7652 1970
6061 5026
1853 9138
6540 1759
1027 7262
7363 5148
3338 3427
191 6582
6189 5582
6353 6237
5446 273
405 4317
7721 3219
8444 4672
3199 2299
8718 879
6100 8845
6382 3452
5369 1962
9673 5671
840 755
8622 3784
2039 9789
6112 636
4399 7387
9082 7278
3812 7984
2695 3976
179 9394
4057 2784
2023 8640
937 1590
524 7024
1826 6153
9564 6460
96 6159
9681 3020
3582 3558
2400 5697
6354 7213
5337 5967
2501 5637
1049 3062
3739 4945
4760 2337
4010 4713
7434 9891
157 385
2019 9597
2767 2513
5286 4283
2964 6837
5531 1787
6237 9916
6316 9764
2381 2713
7523 5843
3444 5572
8755 7393
1148 4728
9035 2629
5386 1660
1610 1221
505 855
1906 2760
3112 455
4806 3892
6883 3179
1086 8792
7899 2731
3159 2831
596 6941
1986 1318
3939 9479
5209 2925
4015 526
2918 8002
5851 6053
6256 3364
162 5691
2656 1153
8139 2824
7241 2963
5171 3865
3437 4700
5925 4875
7647 3924
6223 5615
4193 2437
4470 5222
5696 2971
7228 7371
9987 5969
2018 3466
4006 5444
8847 8940
4524 7550
3133 470
747 9221
1005 4361
3749 3110
7505 798
1790 2299
4250 5357
9332 8644
1778 8877
4066 4420
3245 6819
9717 5311
741 5858
5893 7377
5729 808
6402 4625
2433 5856
4950 2317
8767 5796
2645 5531
6532 7802
3062 972
5028 9692
5485 2960
2285 9897
3642 4568
952 8386
413 487
9034 8759
4256 8193
8492 3149
4152 5370
8209 1326
5425 8532
4912 877
834 5765
5291 862
6688 9896
2326 2726
5864 1809
8226 3643
6773 3515
1322 7420
332 8827
6539 8321
7652 4577
427 5249
1887 4601
7587 7039
4516 5646
5893 7981
5182 4402
9800 7501
6159 3998
267 8170
7907 4884
9691 5241
2031 996
3520 1143
5750 2760
9388 6864
2820 1518
4050 6197
863 1541
4471 6964
3251 2787
2199 7727
7087 5508
316 538
3197 1135
1909 3590
1384 8806
8800 5537
8487 8726
5112 5526
9992 1418
4763 6877
5596 811
3072 6274
6284 6000
2163 5505
8906 2388
2660 3495
1489 2007
9222 6992
2709 9102
8804 4577
7776 3322
9644 1165
9770 5285
5504 7589
6676 7908
1398 7208
7274 9892
3603 1297
7213 3673
206 3183
7970 3994
1237 5324
2542 9884
4739 9405
5088 8386
1123 7925
867 9231
1134 6525
7473 7653
9454 2756
7525 6303
5253 5504
6459 7750
7932 7295
2139 7737
348 3307
9667 4049
6585 1751
1692 3017
8379 4469
148 9433
2886 4664
9567 9454
1886 4971
7075 1467
9872 8905
5144 7953
154 6774
409 8993
8777 9905
2331 1390
8089 9348
9549 8074
2856 684
9842 8414
7716 575
528 7483
8816 6610
4866 7713
4726 3978
9122 5202
66 4663
2402 2333
9503 6977
6841 3576
1423 3468
3756 4713
6849 4911
1042 7191
6247 9008
867 2008
9973 4329
1141 3312
588 5444
3498 4415
956 6381
7143 1065
2014 9675
9662 3691
1379 1268
1180 6942
7660 2646
7467 2174
1152 2188
1261 430
7616 8811
537 1575
6967 594
877 5838
7721 7033
7395 3126
1807 968
935 1726
8266 905
4670 3507
8655 5786
8708 6874
5889 6821
9923 565
2352 6984
5298 5712
1951 9835
9530 4974
2118 1395
420 2548
6377 4455
6019 2491
1820 7702
1023 9654
9646 8304
598 8212
1996 923
9386 4344
698 9619
6024 3162
2984 1279
9469 5443
4278 6591
5077 6707
6162 2072
3964 6353
9642 841
6295 8826
3061 7936
7894 6458
5378 915
6751 6750
6832 4007
6470 8796
1 841
6552 4458
8721 2667
1041 7358
9159 6413
6578 2814
6255 9953
7110 9197
6320 112
9308 4919
9416 7621
3278 5194
1723 9745
1907 2437
5467 1287
9581 645
6383 13
8813 8114
1228 6075
5629 412
4540 9287
6508 5018
896 9061
9011 458
2107 3743
2031 9154
8689 7615
4136 9721
3034 1681
5276 4980
5705 1538
7891 4340
6148 7722
3297 9794
8275 1950
8330 9297
3546 2439
9628 2241
6423 38
9039 1810
9567 3770
4176 8663
3609 9004
3954 5728
7470 530
3545 6764
8406 633
8074 9881
4611 7117
1517 5905
2593 516
8083 1369
6158 2264
420 3959
2817 334
7704 7683
755 9044
9714 9592
6830 9088
4117 2634
4500 5351
140 4756
5954 3632
15 6413
2896 5053
1124 430
956 4477
572 188
2470 8132
2994 2851
3424 5544
8766 6508
2803 6425
1192 7401
8014 48
7891 6611
7876 2651
9394 9229
6984 2463
7768 4818
834 9044
1512 2101
4393 2214
6220 2060
410 6118
9914 6748
7769 781
123 8845
8913 3022
1990 9519
307 4066
1740 7324
6853 2872
4578 93
1969 9034
1215 9441
2051 9047
5190 4465
735 2313
1928 9018
4879 327
1469 2193
8248 308
8769 1896
6867 977
8939 9642
7488 4448
3690 8619
1324 346
2401 5803
3753 3211
4431 993
4950 7068
719 6128
884 2551
5231 2886
1800 2646
4499 3453
506 53
487 5466
642 6330
1111 3430
38 5570
8882 8379
51 6051
2165 4563
8743 582
267 7606
9322 9995
9527 5376
7291 6785
4418 4852
2861 2127
2211 1226
7203 7672
9503 194
7183 5313
6114 3271
1879 319
206 7151
3866 5418
6872 2839
1910 2091
751 9285
3814 6823
1410 3396
7983 5667
8517 2922
7780 4597
7734 3821
1256 8706
8123 1011
1971 7365
4247 7375
4690 8338
2910 3199
1206 8660
2934 5522
3972 6567
5874 6919
2413 8326
2601 5844
3277 4059
2875 8625
903 8563
9228 6880
3929 2259
6360 4812
7645 1802
8581 9680
1835 4148
9961 7427
4206 6676
3599 5515
3466 5979
1294 3801
8192 3439
6734 9607
9813 5265
1431 5511
7880 9166
3480 8079
9397 6377
547 2059
2465 3623
2931 5699
9658 315
7526 4604
3060 3256
2074 7349
7191 8904
6046 5817
9421 9182
1842 798
2726 2652
8063 1528
5213 1296
7486 231
2000
26 33
36 83
49 12
44 77
77 81
79 22
74 32
55 100
33 72
12 59
76 65
80 46
64 88
7 100
64 11
69 63
19 65
76 15
78 86
79 44
94 18
39 57
55 9
31 22
87 11
35 69
98 63
96 4
19 91
32 19
10 10
55 78
56 32
90 41
33 55
63 28
76 64
59 21
80 43
27 100
67 36
8 42
89 100
84 94
82 88
96 26
30 14
54 4
81 28
18 22
60 93
7 93
52 92
97 2
6 33
56 99
57 58
46 18
68 16
53 8
51 70
83 47
30 19
41 29
76 96
63 18
68 56
95 93
51 27
61 57
21 88
30 73
81 90
51 28
98 43
80 36
42 27
90 59
73 12
92 21
53 13
90 71
62 38
16 47
6 52
13 79
69 49
97 99
73 83
71 86
58 70
90 51
50 60
97 2
46 37
4 61
89 44
34 35
97 70
8 36
91 56
91 31
32 87
35 26
85 42
54 22
5 65
12 53
65 71
22 97
97 39
55 54
92 91
97 20
49 62
48 60
5 63
20 26
94 32
100 71
43 3
83 27
43 90
45 88
30 19
95 69
35 22
87 19
5 61
10 27
52 31
82 26
64 31
7 8
63 76
87 92
95 54
95 10
7 51
42 56
4 96
29 30
77 71
89 24
3 27
21 86
15 21
79 30
68 96
12 58
20 46
71 51
78 19
96 93
64 92
72 7
86 62
97 66
73 15
89 79
99 40
44 73
74 72
28 75
89 52
31 35
37 49
30 47
42 93
25 20
64 36
11 15
18 78
73 91
43 100
96 24
76 82
20 98
80 35
28 32
59 32
40 70
20 69
68 58
54 67
47 87
77 43
23 32
71 62
65 80
49 90
27 81
47 43
70 78
79 20
70 68
21 42
52 19
44 26
8 15
38 51
94 56
55 95
80 77
51 27
1 4
67 43
5 8
72 27
28 93
72 22
50 29
37 66
44 59
11 9
38 52
87 86
59 7
63 95
65 1
79 59
18 94
16 70
31 24
34 23
9 98
96 5
4 27
5 50
92 29
19 87
79 83
61 60
65 68
5 34
100 99
69 42
22 100
11 70
73 61
90 59
53 30
20 38
2 22
45 11
1 25
54 58
58 10
48 10
21 37
26 38
2 2
69 58
80 97
53 30
53 57
29 35
28 90
74 73
22 15
53 65
9 37
37 10
31 12
91 30
34 71
95 85
99 86
41 96
78 64
39 8
76 36
83 70
35 11
22 71
84 50
47 96
77 48
89 64
73 5
80 50
36 92
97 83
62 49
70 58
60 45
30 42
53 57
22 44
47 87
22 61
92 41
94 32
43 2
19 18
55 10
67 40
94 61
57 40
7 66
75 93
65 91
88 25
36 14
54 17
34 11
11 1
85 29
60 19
75 73
24 80
74 2
93 27
41 92
74 2
62 10
51 46
35 21
26 56
72 78
22 13
16 44
85 25
73 52
48 99
2 65
67 52
57 18
68 64
87 41
76 18
62 2
77 86
84 9
65 50
79 85
5 98
21 92
71 3
2 7
32 42
17 26
63 86
88 5
17 34
98 59
5 58
32 79
70 65
81 93
68 47
56 23
100 85
76 35
72 89
18 82
83 69
68 39
39 20
3 55
8 77
4 56
16 23
19 57
57 24
3 50
31 35
86 32
30 30
25 67
51 10
99 14
2 52
26 76
75 27
15 86
98 59
47 70
100 24
61 34
70 59
49 46
1 89
25 26
52 70
50 23
95 39
35 37
19 59
97 44
50 5
81 58
13 67
34 52
40 31
12 13
5 15
34 6
95 65
73 10
20 89
30 5
82 14
51 79
26 25
9 49
77 75
93 54
100 87
8 32
74 54
14 17
74 15
44 62
81 52
46 81
5 25
32 65
31 29
83 11
12 83
82 77
37 84
20 31
85 15
51 80
68 91
99 64
92 99
91 49
76 23
11 12
9 5
12 36
21 60
100 63
78 71
6 79
7 14
27 72
95 73
3 37
22 29
12 91
60 32
89 93
6 86
7 79
93 36
83 48
79 20
25 82
40 11
15 75
71 98
1 66
51 93
28 40
38 68
34 43
64 41
6 35
96 59
36 31
6 47
38 28
67 82
7 50
28 79
69 65
70 31
72 37
31 1
88 87
88 23
86 92
48 26
70 100
4 32
43 65
100 41
49 85
87 55
31 63
70 49
41 75
11 40
58 2
34 100
42 36
90 13
6 26
60 79
79 97
39 68
98 59
25 9
55 61
39 68
38 29
15 26
55 54
65 45
31 21
54 61
40 16
53 35
46 96
34 82
77 70
47 31
83 38
63 56
32 3
60 58
21 68
15 34
65 18
74 60
88 24
74 98
84 81
65 78
84 61
63 27
72 11
14 45
98 71
60 67
12 33
38 61
11 5
1 29
25 77
96 26
3 5
45 63
88 53
65 4
95 31
8 42
60 37
5 77
20 100
39 3
78 97
93 49
94 33
87 16
26 4
17 54
30 57
62 89
56 23
48 57
99 34
98 72
30 4
92 19
92 26
34 10
61 55
22 48
34 17
43 8
82 59
24 52
81 93
39 14
68 42
76 38
79 34
58 52
77 57
60 29
67 89
90 36
95 67
85 13
17 52
86 47
35 71
5 83
61 40
76 61
79 9
33 21
33 93
78 37
17 65
4 45
90 45
44 28
93 59
2 57
70 100
91 51
33 43
40 99
50 41
22 94
20 59
80 85
41 77
51 11
19 3
31 96
80 22
67 57
42 11
89 56
93 25
95 75
69 6
69 21
91 47
49 43
28 1
56 69
59 28
55 71
27 24
32 12
61 76
22 38
92 70
88 70
25 14
100 99
62 79
83 27
20 99
94 62
100 94
83 64
63 40
98 40
3 90
2 21
36 60
22 21
38 1
1 97
93 63
18 80
38 64
72 65
96 2
42 39
12 63
63 44
70 87
43 41
74 60
57 40
69 9
37 32
80 66
58 70
13 6
3 79
32 43
25 63
23 11
63 86
85 84
90 22
78 82
82 52
58 76
93 11
73 71
86 94
28 96
98 64
99 96
20 9
55 57
40 95
64 77
23 73
64 75
65 22
96 20
57 11
15 50
7 13
53 100
31 47
85 62
69 59
11 70
77 81
99 1
4 92
27 49
88 21
25 56
70 88
66 99
68 43
52 29
21 9
18 83
20 23
8 36
73 93
92 47
61 17
11 53
24 16
19 1
63 60
100 22
22 69
60 96
100 29
96 24
75 58
89 9
23 10
85 58
69 1
70 47
59 79
80 7
36 23
59 18
61 64
41 43
56 19
98 20
37 52
84 84
60 30
61 42
8 76
28 79
56 24
24 82
47 46
95 96
91 93
62 51
66 81
71 94
27 19
46 65
61 23
96 1
84 42
19 32
53 27
73 70
1 74
93 89
80 71
99 47
79 46
7 34
81 80
83 26
35 49
56 10
41 88
78 73
16 4
7 23
6 47
74 14
1 49
62 94
9 3
51 53
5 39
51 3
28 53
25 48
73 36
13 89
85 15
21 39
54 70
93 24
29 71
7 26
15 17
78 60
35 94
29 10
8 79
85 74
89 8
15 11
75 67
92 60
7 17
92 10
43 4
22 23
20 70
35 26
28 32
1 7
57 19
31 8
52 8
73 86
72 70
91 41
54 6
80 55
33 32
6 12
12 83
48 9
4 99
35 98
48 35
45 15
26 26
90 38
22 49
66 42
40 17
100 39
39 62
33 98
99 35
50 44
48 59
82 42
88 47
42 26
66 52
64 74
57 31
87 25
48 44
13 82
20 25
78 56
38 18
76 4
73 39
7 13
68 9
25 74
74 68
14 28
30 100
51 33
73 87
80 74
89 86
27 59
40 47
57 28
60 31
82 80
27 86
77 9
62 17
4 95
22 37
52 41
31 45
94 74
69 64
93 4
61 21
53 59
67 8
55 85
49 100
74 53
44 26
4 67
77 55
34 7
99 25
50 89
50 5
42 56
57 21
85 63
70 15
79 1
96 50
96 22
23 70
2 86
96 48
82 82
12 16
27 48
36 80
2 12
19 80
72 9
89 16
93 14
61 98
2 3
85 55
39 70
3 53
99 25
60 48
64 4
68 69
54 19
95 88
69 66
4 99
59 72
78 9
25 35
93 4
32 39
27 28
90 50
55 16
2 53
29 1
41 87
3 16
58 72
67 71
1 83
67 87
14 17
84 75
91 12
88 96
11 99
63 86
29 2
73 9
5 15
35 46
40 89
82 72
25 67
48 77
84 44
63 23
52 80
34 8
37 62
70 62
77 62
23 7
40 10
81 5
89 35
57 17
32 66
72 80
38 77
5 59
88 24
97 89
100 90
11 60
12 86
26 74
29 85
27 58
46 67
81 68
68 87
63 31
50 98
17 73
20 77
40 14
40 15
46 79
49 3
47 61
13 87
74 54
87 65
94 12
48 32
2 11
23 21
16 17
9 69
12 19
59 12
57 37
40 38
90 98
42 53
71 6
64 74
88 19
34 60
19 83
85 74
65 66
4 88
25 47
70 14
60 30
59 57
33 52
69 86
28 6
74 62
60 13
45 55
91 28
98 93
70 25
36 60
46 41
6 91
16 23
49 50
83 51
65 75
6 31
57 74
81 71
14 45
14 16
9 51
85 76
93 43
37 35
24 30
99 41
33 85
69 73
29 59
63 10
81 24
68 98
38 20
86 25
33 83
92 84
67 37
77 5
42 90
43 14
79 16
74 1
21 1
27 6
50 90
60 49
42 80
61 60
93 75
12 61
94 27
61 42
18 73
70 22
22 33
52 43
2 72
100 20
77 60
83 35
15 13
5 46
94 22
85 92
55 39
93 54
64 12
5 8
19 12
83 16
96 48
85 49
63 39
48 34
9 88
30 4
93 70
92 16
52 97
91 81
8 93
59 99
13 65
51 74
52 62
43 1
46 26
21 74
13 53
34 2
64 38
72 5
77 27
14 79
89 3
56 76
72 63
74 53
51 34
11 48
68 8
77 21
46 69
65 78
59 77
38 83
94 21
31 49
37 70
79 31
71 84
51 77
52 51
95 76
38 36
98 78
47 76
21 69
71 26
27 90
58 80
11 44
15 44
98 100
67 44
8 46
7 69
55 29
85 84
2 9
23 2
68 35
58 7
31 58
32 79
22 98
68 92
98 9
78 28
4 15
50 77
15 95
28 52
52 58
20 75
24 43
31 82
36 58
25 78
28 55
74 48
94 80
12 60
24 30
69 62
73 39
48 36
94 26
98 7
62 37
53 2
32 71
91 70
89 87
84 83
49 70
20 67
35 97
15 28
88 51
59 97
48 94
39 8
49 2
98 7
67 41
44 81
53 45
26 96
3 9
44 77
24 49
92 21
14 54
44 57
91 94
28 38
17 25
38 18
32 97
69 21
82 52
63 47
64 96
43 33
40 21
100 44
17 31
8 41
98 38
14 31
32 65
28 44
74 25
97 28
73 87
97 68
79 52
43 23
39 79
23 22
41 99
82 94
16 27
42 56
69 10
72 55
20 74
62 94
24 17
52 47
99 22
43 37
18 11
11 34
47 41
97 2
72 81
34 11
27 60
29 13
26 23
65 91
38 85
97 3
90 26
57 67
27 43
17 73
75 82
90 37
18 26
1 98
67 21
64 47
93 16
9 12
32 11
43 26
82 82
23 38
82 35
98 39
27 36
94 73
9 63
21 10
6 6
78 52
54 93
20 95
73 97
41 7
89 43
64 41
95 1
99 9
55 77
48 62
33 71
18 77
45 21
10 73
93 63
75 53
6 12
52 41
15 84
68 8
58 57
20 71
18 67
88 40
93 62
91 89
12 66
94 23
76 4
52 98
1 65
5 17
64 19
98 64
61 49
77 93
6 20
71 65
2 49
83 50
95 58
19 44
43 82
55 16
52 32
79 35
12 63
11 67
94 5
64 61
65 66
30 68
55 83
2 59
89 98
32 32
39 63
43 39
22 39
11 65
48 2
41 14
88 95
33 53
89 58
91 6
69 44
99 36
75 14
76 52
71 92
97 13
85 45
87 94
82 60
21 66
66 35
51 33
61 72
42 28
41 82
44 76
81 46
6 13
22 68
17 41
30 51
19 57
49 20
70 62
77 67
65 100
70 75
47 72
36 64
35 26
7 4
65 88
57 70
53 59
20 93
96 100
85 46
51 17
43 77
91 32
40 94
24 65
93 27
20 41
17 67
10 32
41 21
28 27
70 66
77 83
9 8
74 51
50 43
92 44
78 36
57 86
90 96
61 89
49 47
13 6
98 44
77 71
36 76
26 62
38 36
25 21
88 36
31 63
92 86
10 89
93 64
97 79
20 59
100 57
97 4
76 37
14 76
50 89
63 83
100 44
66 11
94 90
7 27
12 3
29 29
39 13
93 48
54 91
74 15
1 15
58 87
41 58
22 100
14 79
57 16
60 6
31 5
20 2
70 37
86 72
70 48
63 42
70 84
81 72
47 17
88 28
60 22
86 82
62 91
96 47
16 70
73 22
27 18
31 12
16 41
96 9
10 1
30 58
85 54
60 1
74 30
30 66
33 4
29 57
45 10
15 26
18 1
83 49
17 90
43 81
98 70
84 3
45 12
55 54
88 87
22 90
13 93
31 95
46 19
84 76
9 26
95 25
4 20
58 92
54 27
77 70
81 22
62 55
70 89
97 36
47 90
27 76
95 55
15 85
67 23
42 45
8 32
49 37
60 70
89 70
87 27
36 44
50 58
18 76
59 74
84 46
56 79
1 73
95 34
86 14
39 72
67 65
60 32
93 94
26 8
13 32
2 67
1 17
80 26
23 39
9 10
43 54
93 18
9 93
80 60
21 81
25 19
51 6
87 74
42 63
10 76
40 42
63 5
59 81
81 69
83 40
65 23
94 36
40 27
58 13
39 48
27 96
81 18
62 59
30 17
88 29
48 87
24 31
47 37
97 55
85 69
97 91
83 58
18 65
14 18
71 100
24 79
49 97
55 47
22 34
79 74
92 12
94 13
49 100
50 13
17 75
52 67
66 43
100 47
20 67
20 41
80 11
2 82
31 4
82 54
75 89
61 32
30 89
71 62
83 67
52 16
18 30
61 38
17 63
42 86
11 32
85 15
2 33
48 3
94 40
96 13
89 68
11 23
93 43
66 91
29 3
58 85
51 17
44 73
96 60
18 37
7 51
40 65
10 48
9 20
21 69
94 83
80 81
8 44
79 22
36 42
17 13
89 1
80 32
30 8
62 79
84 99
40 47
3 99
5 54
7 69
23 62
38 73
88 16
99 78
65 3
36 42
18 84
37 83
78 34
79 77
5 53
52 57
8 27
13 48
79 31
92 40
72 39
63 13
52 65
83 58
18 59
75 4
59 57
74 15
99 53
78 83
35 96
19 39
99 28
86 92
9 9
10 26
72 67
49 82
69 37
68 43
45 95
41 54
47 86
11 82
39 10
94 91
72 88
85 37
64 72
78 9
11 31
9 37
56 54
83 50
90 12
91 77
52 50
53 79
60 12
20 87
8 40
71 98
48 73
54 10
53 86
84 75
82 99
23 36
22 74
16 89
50 75
47 76
86 64
34 68
12 84
64 88
6 82
82 33
73 55
48 76
84 62
64 84
65 89
72 94
62 22
63 34
35 90
96 57
46 4
50 82
42 83
39 33
81 58
43 44
23 95
8 95
52 9
86 40
64 62
27 55
56 97
37 75
74 65
70 10
30 97
25 73
33 38
27 38
62 53
44 35
66 17
13 92
68 67
72 69
18 52
76 100
87 51
38 73
41 81
99 52
74 5
53 36
61 69
69 33
64 48
36 25
50 20
57 52
41 6
64 91
58 55
90 42
90 26
30 48
79 70
37 93
44 20
40 84
41 94
81 3
37 53
30 78
17 10
78 8
10 20
44 89
23 28
18 31
18 8
17 9
8 13
68 45
5 60
27 21
69 58
63 62
48 49
42 27
33 66
12 14
1 41
2 52
24 99
66 12
3 99
61 7
59 76
64 50
54 81
61 9
83 97
15 68
4 57
50 34
46 8
80 98
25 87
45 99
5 25
21 58
3 26
15 53
40 80
99 45
74 74
36 67
82 16
18 24
35 9
45 79
80 76
53 33
89 74
73 85
6 69
56 28
90 43
24 25
36 33
20 3
57 11
28 44
84 19
72 27
91 19
1 82
47 78
16 97
72 78
4 29
73 98
29 79
75 56
24 17
97 81
18 3
27 98
26 38
4 82
20 21
5 55
21 61
20 95
55 19
36 98
51 72
55 69
41 14
54 72
15 86
79 3
56 47
95 37
33 52
46 82
55 84
96 14
5 12
10 52
75 90
6 50
57 77
43 76
12 10
16 60
59 82
26 96
42 22
54 12
10 60
55 38
100 48
44 2
73 39
72 44
1 93
71 2
88 47
47 35
51 97
57 81
52 12
84 3
37 52
71 78
48 3
23 83
44 51
72 44
66 71
26 76
81 49
36 83
75 9
82 18
48 32
86 23
69 29
36 33
79 62
54 13
64 88
25 70
90 73
82 85
87 45
45 73
72 55
92 69
10 78
100 93
52 67
64 37
25 9
72 58
36 4
58 88
82 97
7 59
61 29
98 59
12 8
60 91
27 63
85 82
54 85
92 5
58 3
2 73
54 20
32 90
31 65
70 36
79 71
48 67
52 49
17 76
72 75
10 3
26 16
58 50
7 6
32 2
73 79
36 34
38 31
30 3
10 96
2 1
22 95
20 85
71 82
13 85
32 67
79 51
83 6
75 25
95 48
8 53
41 11
9 17
41 81
60 29
28 9
80 81
90 62
7 41
57 57
89 77
66 84
27 45
3 14
73 9
56 35
80 5
83 2
47 91
78 60
43 25
41 77
64 93
100 41
63 83
40 20
43 75
54 20
15 92
15 70
11 98
4 19
7 42
78 60
22 50
27 76
25 33
81 92
27 3
20 35
89 80
44 69
33 47
98 29
33 39
46 78
45 13
65 42
2 1
98 28
73 99
