1000
9433 3319
6444 4843
5264 6241
4318 5152
924 7178
721 7674
6632 6775
1654 2569
1987 9678
7568 4812
5455 6924
5799 2009
1018 3593
4422 6414
1187 3802
5163 838
5281 3312
966 3438
5426 6035
8992 597
4676 1669
1932 2973
3688 8674
9270 438
5396 4916
8365 8699
9620 2799
3509 8219
6914 573
5897 6629
9644 2015
8246 8752
2645 4295
7744 2282
9511 7694
6289 7962
4340 3095
7597 1916
6243 742
3592 839
1344 7817
7956 8905
6702 5957
3742 8073
7095 3614
945 4832
8019 3701
467 6395
441 7460
3915 787
6510 5137
4456 4755
1152 178
9163 5301
5505 3119
9256 508
7400 9211
8909 9687
6084 6849
5213 2573
6710 7430
54 598
783 7798
4154 6740
1039 8382
3804 2361
3859 6798
8103 1523
7660 1012
9647 3829
3143 3690
8761 2708
5545 5677
5295 8102
3558 1717
5681 6652
9454 6775
5771 9741
9526 5696
5098 2872
3938 9673
8946 3543
5406 7703
120 9016
7977 5125
1590 8098
3107 1288
4018 9178
559 5679
1110 6650
125 1901
7078 3727
3438 8925
5569 9981
1229 9694
8266 1367
7210 4247
1475 6558
3561 7231
9412 1534
9903 9560
6230 5431
7801 1073
5942 8213
3662 7631
1662 5206
6694 5936
843 8216
9352 6033
8318 4533
8948 7239
3972 938
3269 4076
8013 6885
7727 2035
3744 7950
9885 8814
2659 5619
5651 631
7249 7706
6128 5482
8597 8081
9182 7539
964 3640
68 993
7587 500
8636 2028
7349 119
536 3959
2348 5720
4040 5746
9669 2420
8075 8372
5925 8809
8275 6168
8400 8970
7996 2255
4793 6026
5512 5119
8836 1687
7846 3157
8437 2298
3922 7636
179 6048
4457 4050
4160 9019
1503 1430
6925 1355
8676 8204
383 7909
3634 3442
853 1804
1605 3113
6687 5372
6943 2770
8790 2237
9500 2852
8619 6278
2600 4566
6877 4546
2496 9078
5403 4658
5452 5635
8727 9042
5855 2617
1342 2423
7901 6030
2260 4279
5867 7915
7427 7624
5320 3791
566 2728
6672 2421
2560 8006
7059 4228
5211 6350
5358 3093
1267 19
9178 5688
9738 9361
6783 3325
3050 5882
8382 5982
8252 9966
458 1260
7674 3539
270 4455
2597 8187
8959 6675
8119 8010
7820 7618
3754 5584
5542 3697
3400 2777
2905 4593
436 4176
7713 8210
9641 2987
2577 153
6117 4080
3309 3459
2535 6509
751 3234
9265 1461
3679 2653
5451 4664
3920 256
4384 6462
5179 7571
4028 2574
9103 414
4002 2612
9721 7346
4464 500
7983 5633
4356 4057
7675 9373
3139 3243
8655 8919
91 235
1171 5740
2971 9035
3760 3629
8300 6400
11 8494
2225 3111
9607 7889
4221 4952
6535 3207
2083 958
8778 5141
4297 6436
7530 203
2803 2908
2183 5541
699 3789
9947 5787
3253 2050
2939 675
2193 5336
9558 937
1185 3611
272 9994
8438 7048
5985 2725
4433 5347
301 1347
5254 9654
2069 6934
8862 4330
6507 3796
7972 3157
2225 4592
8271 9410
1788 2155
25 346
1482 4330
7545 7520
7971 6517
2800 7649
2676 2703
6422 1931
7202 721
8354 7245
6874 8606
1600 5096
9202 541
3185 9222
5078 9837
4271 355
6326 9632
9849 7089
8924 6472
6632 8267
6485 2164
4418 6965
367 7909
9139 4386
8305 2807
8038 8723
9023 3498
7558 6488
7737 9868
1435 5634
3607 6702
9531 8242
4361 7109
3640 7555
3045 9116
4444 4318
3411 7660
6139 8113
9743 6278
1926 8083
9931 889
4364 2064
2662 2406
1535 6339
8122 5128
418 4537
9938 1073
8689 3004
2437 5331
9932 9238
4478 4394
3203 2577
5855 9932
7625 7186
3538 4960
734 4801
37 9734
4940 275
7059 9435
6924 9541
7284 1196
25 9459
6941 1777
8008 8030
8215 9923
386 6628
8318 9272
4936 5668
6193 3372
1789 4624
740 8019
2279 6034
9715 6776
9127 1098
4453 1347
6162 1289
3214 505
103 1883
6 292
3067 3578
6286 8064
7562 8760
4803 2057
7058 6248
3061 852
1115 6867
3184 433
4587 8565
996 1745
5076 1791
9452 1041
4727 7523
4479 4335
4830 5619
941 4298
8124 2160
5439 8618
921 3706
520 8186
8745 5042
8342 9950
6497 3241
9771 7315
2145 3338
4120 2052
3765 3963
10 4496
5553 2371
2632 2568
4828 2938
8731 6643
4505 857
9261 8619
8179 9757
4128 646
4867 4005
10 899
7398 1099
4522 8963
608 9676
3853 3212
9567 2347
7445 832
5211 779
5618 4170
60 8763
6951 9641
3910 2721
4161 3475
2596 1675
6486 950
1209 2962
1735 7806
6718 7076
7731 3009
8657 7517
3521 9200
6432 8602
6029 2658
5233 9726
4363 7960
5616 6677
4823 382
522 2655
1416 6473
7576 9571
3731 7532
1879 468
6631 4367
3357 4902
6040 3400
134 657
7390 6489
7627 1222
493 6307
7611 9044
4160 3655
39 3710
2541 3588
1238 8246
9787 1278
5270 6822
4233 1607
2737 3010
8208 2739
8038 1890
4059 8665
8360 4247
1412 6508
7346 2665
7066 7113
9533 8882
2824 2951
7007 3706
6134 1023
155 9002
382 2515
927 8429
8447 4443
3659 8036
6769 561
9391 3674
9833 8673
4393 4203
4245 6228
2662 7416
3240 6916
5600 7331
3088 9053
435 6371
57 219
2142 2122
9834 3141
6253 9231
8393 3832
4195 4269
7455 4034
9160 1655
3338 6841
186 9081
8002 9216
6631 1310
3645 8253
7687 6171
609 323
3047 8388
4229 9727
8747 5721
1295 2163
7009 5643
8153 7029
3866 243
1613 7117
9035 6393
4268 8521
1096 7183
6424 2516
9824 534
1705 2910
8859 1391
1290 7549
459 8893
6188 55
1489 9886
7984 3620
7652 3444
3481 1349
9302 2174
5852 4065
9221 8514
9949 1600
8910 1207
3126 182
5253 6882
5736 5536
4460 9785
9771 7809
4629 9737
9592 282
7051 3041
5654 3328
9944 1250
2311 9240
7148 83
4500 6111
8464 6120
2953 497
4823 5485
3728 7119
7622 5794
2310 3889
9389 9933
9547 3445
9551 4480
2582 7042
7983 6434
2743 1468
941 1584
2695 6993
6486 5694
9676 1270
3346 2665
7439 2256
8539 6305
742 3306
2592 8009
9911 8228
9433 3405
2642 3722
2235 5352
4528 3453
7480 2703
9094 5716
5325 3016
7792 8519
3134 6898
4826 3994
5668 8258
6613 9666
7713 4130
1067 1723
5975 7191
8073 1812
5996 2463
2627 5269
7816 629
2724 3933
7062 7483
1976 8232
4845 3917
5433 1979
2268 7048
5676 1372
2018 9509
4851 7302
6448 386
6111 5486
9417 995
9685 2944
8906 7536
3242 2966
5677 7897
3965 3113
1095 7539
5154 9054
2383 4010
8422 3879
7681 9298
9903 7778
983 511
6836 2455
3163 7559
9727 6087
8430 7882
6453 2817
8318 7772
3778 2670
6360 6533
4889 7344
6176 9441
1818 6388
3325 5081
2152 4808
2425 7565
5757 6101
7679 658
1959 246
2098 9005
3665 6252
5313 5253
5495 4879
8080 8384
6655 880
3400 4009
5661 158
8800 5339
5443 8335
6642 4820
6421 6164
7219 540
6069 8238
3452 9375
8274 4045
7390 2057
3091 4808
9112 4361
9507 1215
5444 6606
2681 8829
1255 6148
3523 1077
7666 6679
5676 1149
7311 4513
2431 4920
9583 3043
3636 8457
4392 7258
8131 2286
4544 6891
9968 8118
523 794
9381 4220
4032 7560
4534 7108
4800 8151
9908 4507
1607 7105
389 8066
5660 1742
5440 6291
6981 6280
407 7184
6438 7552
276 152
1422 8539
3204 9206
1456 7557
956 6913
3246 5184
9214 9566
3819 6633
8162 5848
689 7000
7875 769
6716 5424
1389 7173
6815 9864
3209 7999
3343 2577
173 5041
631 7206
2473 497
7903 5730
702 3692
2994 6320
254 9189
644 1020
4271 4012
7933 7478
2012 7724
1925 731
8440 1678
4768 4656
1184 9652
3323 1025
1438 7598
3523 7649
3149 667
66 5406
1174 1702
236 5069
8494 7278
4734 5358
964 2469
9540 6931
6300 1734
473 3447
2837 1940
8773 7151
1475 7404
7577 7702
1148 6826
9617 2888
9745 4873
4751 7781
5538 6218
9422 8259
668 7218
105 303
6618 5420
3569 872
4882 9931
5528 4835
2170 8018
7820 6160
8729 2129
3853 8674
9093 571
4364 644
5902 7800
8908 8792
8006 2923
2754 9095
3535 5555
461 2653
692 2773
969 4652
5505 8674
4769 3434
3761 6631
9006 875
7130 7466
6056 3705
7944 8632
867 6933
4743 5063
2532 296
9269 9024
4023 3
3905 9783
1194 1294
4982 8416
4711 3648
4670 8598
364 3391
9719 9359
2945 3529
8899 3917
5653 7337
8706 6845
7921 2185
7014 732
1017 9442
6600 7725
5202 4578
7264 6526
6950 9463
5082 7607
2419 4694
902 2838
3125 4110
4819 9049
1309 4192
7682 1096
3690 1914
413 3296
4665 1695
4950 5364
223 9125
1078 8304
3534 2541
4776 7203
5538 2503
1437 2353
5902 8633
1570 9354
8869 7901
2951 4800
3071 9763
8948 4732
7919 4823
384 9978
5930 3736
7926 4168
9918 3337
2963 713
1361 2971
2397 9311
9086 766
4747 1674
3671 6691
4267 9408
20 1965
6390 1023
7854 9322
3038 1824
4272 4434
5078 7207
8609 6808
8914 3354
4163 4992
4576 5592
813 128
8142 157
8460 18
2121 8186
7850 5765
1442 3039
6393 4552
4440 8340
1389 6319
1135 9442
9350 6161
2597 4462
3785 9927
5683 2158
5488 1436
8028 573
1687 7706
4869 4097
8281 7827
3423 9893
9125 694
9358 1022
5205 566
4042 2553
2045 1090
6121 6048
7237 6310
3300 7047
6621 4336
8788 6658
2216 5006
7776 5531
763 5120
2633 5044
8149 3499
3221 9678
4938 868
8867 6644
1159 7966
8237 4383
8341 9878
6366 4451
9549 1884
6258 3869
2851 5724
4525 2816
8646 6378
5088 3320
7876 8898
1096 2464
6398 4884
4419 6089
683 2007
5630 4809
4093 3191
719 5403
4457 8514
6651 3856
1741 7300
2087 1326
796 4008
6670 6594
3680 8568
6871 7159
1425 709
715 6660
2503 591
813 3503
1222 2329
1898 4833
5696 2109
4014 9465
5191 1213
1960 1520
8519 6930
8142 9597
7970 798
1299 4610
4600 6226
363 1528
6841 8417
6197 7134
8541 4860
9041 2425
7500 141
531 7928
2862 1276
3853 7627
1905 7660
7602 8192
3650 1805
5923 8141
4440 7375
8451 1570
4373 8351
4579 7687
5401 6121
2165 1983
1650 1061
1781 1778
1028 2584
8599 995
472 458
625 4051
7505 540
2617 6493
7215 5222
6526 6964
8078 3543
8342 9244
112 2785
1357 1742
811 5332
6907 3105
2015 3581
8060 5024
1710 7037
3431 4598
492 9227
2005 7214
9435 5520
9565 6403
2060 9290
4711 3697
3543 4290
5893 3530
5790 3986
1169 6065
8293 7017
4879 9007
5476 2477
5740 676
4000 9529
4462 5444
9473 9598
6612 1020
4667 4652
5788 9439
8466 6905
3851 326
3806 5338
9601 4380
5270 9738
7596 3855
3486 4246
484 1152
7325 6724
4180 6830
3927 3016
5741 2418
4615 1989
3291 78
2239 4249
6034 2531
4398 2694
469 2546
1815 8173
3248 1243
8049 8158
9746 6592
1473 2029
7733 4095
1366 9251
6905 9165
1700 7739
9219 440
4823 139
5497 7011
6909 483
9359 2091
3703 1702
6400 6614
9946 3086
760 7735
6323 6845
3374 8004
1307 6510
4122 3171
4321 6218
6487 4702
590 1059
2440 870
2628 7695
3794 9376
4361 7732
5834 9119
8662 3210
8999 8607
7018 8532
5635 5534
9150 4742
2445 433
3269 7433
8559 2101
6909 230
5014 8596
7732 6302
8802 3894
6162 1416
1518 8171
8100 6539
6210 4019
9943 5776
9770 9061
8912 298
7925 6778
9535 9484
9796 1499
2426 7121
6162 7905
7943 6882
7620 6072
1697 7922
8119 8901
9265 3538
9989 7610
8087 1743
8264 8781
8635 2885
6428 1049
6699 4253
6538 2163
8589 9140
2000
44 18
27 37
4 97
38 43
28 10
83 41
13 27
33 30
38 74
42 17
17 43
82 31
23 58
79 41
73 1
57 26
23 8
88 89
7 3
25 95
54 60
67 36
47 11
72 45
39 68
89 8
97 27
23 56
30 23
69 58
9 73
78 32
50 93
52 26
25 81
70 68
98 85
31 91
29 21
20 96
40 65
52 62
16 6
63 38
49 83
96 48
59 100
80 48
34 50
2 87
22 63
46 88
4 28
24 55
31 47
86 19
7 74
9 77
70 81
65 61
57 80
49 39
14 64
25 26
87 20
22 63
71 55
64 45
40 48
90 73
3 65
2 86
85 77
5 45
96 52
42 24
80 3
79 13
24 56
52 77
76 55
82 5
94 2
89 20
87 18
96 48
20 92
77 4
83 35
42 32
26 6
43 9
99 21
74 78
80 75
17 56
21 81
42 31
84 8
44 16
17 54
15 9
68 44
58 17
50 8
14 35
86 29
56 53
12 13
69 4
72 96
94 44
80 94
82 42
44 65
7 84
9 66
17 82
13 77
68 13
53 68
50 59
23 24
57 53
82 23
64 78
66 55
55 83
34 11
100 4
41 62
37 34
35 62
96 81
21 58
34 12
94 50
90 32
3 59
3 50
99 41
2 8
44 37
81 71
88 53
63 69
69 39
73 93
12 61
86 57
23 61
70 43
53 41
84 14
4 58
69 88
84 44
49 4
28 42
75 24
55 19
75 23
33 81
51 33
36 17
11 28
86 78
87 10
24 39
73 29
83 9
67 88
49 66
64 43
48 46
67 35
90 18
24 14
77 3
84 80
17 31
31 70
64 32
36 15
68 43
55 64
93 14
13 20
76 100
42 19
19 52
76 56
64 95
100 46
12 65
76 7
94 51
60 87
52 65
9 1
57 54
72 91
89 86
60 88
40 53
48 60
93 100
13 13
48 14
9 45
25 75
14 39
49 15
15 69
43 6
90 47
53 9
64 70
39 31
70 100
62 27
75 6
71 14
58 28
18 46
68 58
39 23
75 27
57 10
27 47
92 44
83 30
33 53
87 41
72 6
58 7
96 99
76 65
41 66
30 71
96 34
74 43
20 18
9 63
82 70
44 32
87 3
91 90
83 13
92 21
28 10
20 38
16 91
7 97
72 1
72 1
43 12
38 25
88 38
98 87
79 23
52 13
35 40
72 82
73 12
52 89
50 26
85 33
75 1
67 30
10 11
73 57
74 88
97 45
94 41
41 86
56 86
58 73
59 82
96 96
71 10
8 64
67 96
57 100
79 96
49 64
3 93
21 54
27 74
24 5
35 89
31 62
77 22
42 6
65 23
27 14
10 21
24 89
99 24
99 79
55 93
32 14
96 93
53 17
20 5
97 52
63 64
11 70
99 80
11 4
36 80
70 64
66 28
15 95
41 56
16 27
98 82
7 78
34 86
88 22
63 6
97 6
10 94
37 11
65 89
40 40
8 20
71 76
5 9
21 52
84 2
13 43
41 70
85 100
65 39
4 40
48 18
43 72
64 73
37 6
11 6
4 15
72 44
89 96
75 55
76 26
64 32
58 41
50 35
93 86
68 8
40 92
69 6
32 28
18 19
38 85
76 90
50 15
94 10
84 82
93 25
73 19
44 50
95 74
35 77
18 5
58 93
25 88
85 93
90 6
9 40
73 39
39 55
12 48
56 65
44 16
64 30
33 98
35 10
2 25
39 85
5 44
100 63
77 29
93 89
57 100
19 90
71 50
18 22
25 84
44 63
20 3
78 45
99 31
35 43
21 85
17 62
8 69
42 9
28 79
78 100
86 55
50 62
52 92
27 63
12 54
57 33
3 62
10 33
63 59
100 58
42 90
31 59
39 80
5 98
56 47
17 29
15 59
4 41
1 42
99 12
40 71
77 21
24 59
36 11
28 56
68 64
17 45
99 100
52 77
70 56
87 70
59 100
100 36
60 51
73 90
47 32
90 58
51 78
38 98
7 43
78 13
20 54
9 42
42 31
22 17
63 80
71 87
6 2
83 15
45 16
71 79
64 95
13 88
93 19
16 66
19 73
40 73
28 16
78 45
72 13
48 91
31 81
76 42
41 70
13 87
86 59
53 51
71 74
52 8
34 75
94 74
34 11
52 34
41 58
62 24
78 56
82 56
4 69
73 27
1 36
33 85
37 55
13 79
31 12
52 41
23 10
38 58
20 81
15 53
55 49
18 41
16 95
9 92
91 83
55 99
92 80
49 48
12 83
93 65
87 52
46 40
55 17
83 8
16 63
93 55
25 71
15 15
83 8
30 66
83 29
43 55
47 88
58 7
6 7
48 56
12 68
64 93
2 39
66 55
23 74
38 90
3 83
91 57
69 59
42 22
63 17
70 30
49 5
5 84
57 53
32 96
66 41
71 25
5 82
91 27
4 22
31 3
97 51
58 43
17 65
2 24
10 5
74 88
47 21
59 56
54 83
23 98
94 19
15 78
94 13
31 77
80 44
89 70
88 63
35 96
25 63
5 75
13 33
38 58
63 21
36 52
5 80
80 96
27 69
77 22
71 96
50 19
48 2
5 83
1 25
57 16
74 38
30 46
86 31
44 70
38 11
15 73
37 98
55 60
50 49
78 26
94 35
49 50
32 59
100 16
77 72
31 5
30 56
12 47
67 53
99 98
94 55
45 73
49 67
69 52
90 50
72 85
17 20
11 23
65 62
9 84
1 32
33 66
61 23
73 72
69 51
38 94
30 66
6 42
14 71
91 57
45 5
19 83
24 88
24 68
4 69
91 46
98 63
23 87
24 23
39 81
77 16
63 8
36 2
28 81
58 39
42 94
62 56
67 21
26 60
49 82
96 44
75 70
63 3
25 68
45 65
60 12
48 37
12 67
100 29
27 42
18 12
52 96
36 94
88 48
31 65
100 15
55 71
69 32
53 5
48 41
25 77
78 18
5 82
57 88
80 76
100 19
15 57
98 24
62 78
80 82
26 41
35 18
76 72
80 99
99 57
22 100
35 64
61 10
90 33
7 71
90 74
41 88
19 88
45 50
94 19
5 98
24 51
47 8
21 1
62 14
23 19
44 14
80 10
93 82
65 8
83 20
62 6
1 56
79 59
27 22
52 98
46 29
60 40
68 65
57 61
43 28
30 79
79 25
92 35
64 11
60 100
61 97
50 18
17 86
73 68
30 62
92 98
76 29
61 39
33 75
6 23
18 47
97 30
14 30
97 87
80 86
64 90
45 40
22 79
90 23
71 96
55 20
50 1
22 64
25 63
73 59
15 54
50 19
25 15
43 66
78 35
100 24
65 50
92 83
44 67
22 36
11 89
88 56
13 83
27 61
81 99
13 80
9 45
66 67
30 22
18 6
56 75
76 91
62 61
68 81
62 67
49 60
20 26
4 13
37 20
87 83
6 32
42 65
97 69
18 34
54 46
76 52
81 50
35 27
16 25
75 72
23 46
78 9
70 59
88 44
70 9
41 88
60 46
46 23
40 15
31 28
75 63
16 36
13 49
50 21
83 68
37 89
26 54
18 53
10 100
77 55
37 66
41 41
100 95
50 10
44 10
96 9
95 49
4 38
56 67
54 39
57 76
75 51
95 89
41 69
38 32
10 29
96 17
76 47
23 46
80 37
82 23
55 5
98 45
5 28
42 100
66 84
84 17
94 34
9 23
96 31
27 73
28 50
40 62
69 43
45 78
86 98
33 52
9 43
1 45
72 5
8 13
47 60
1 51
26 57
38 45
42 85
94 73
66 96
52 3
89 17
38 26
37 31
59 74
29 61
70 60
39 69
62 99
24 46
18 24
85 49
78 78
77 28
80 53
51 23
34 12
53 30
8 73
41 77
57 17
75 5
94 19
38 87
24 72
12 25
58 100
100 2
18 81
64 46
62 45
31 30
66 89
8 62
54 48
29 100
63 2
36 51
49 82
72 54
13 98
25 39
53 43
66 41
6 79
14 86
44 60
92 22
32 29
9 2
38 93
86 66
32 91
67 28
24 47
83 30
70 5
35 35
26 27
10 18
40 35
73 93
56 41
28 87
28 38
22 18
45 40
72 91
70 16
66 85
29 8
95 23
58 87
11 60
54 8
7 39
27 62
21 49
15 96
15 35
13 3
41 85
50 54
22 72
34 7
96 49
56 37
80 83
73 19
86 45
46 49
61 57
50 20
97 28
18 49
56 39
18 84
8 7
18 8
56 6
60 44
6 97
98 5
94 45
23 89
71 89
44 93
41 2
62 56
71 55
78 91
81 7
92 52
57 38
85 22
77 28
76 25
93 5
79 34
33 20
57 95
45 61
72 71
48 18
44 62
85 24
62 91
37 75
67 71
15 87
44 26
100 66
41 94
6 93
64 98
44 27
41 92
58 83
92 21
3 76
98 9
55 55
67 48
79 78
48 50
63 78
43 35
61 27
82 23
63 18
45 97
24 62
54 55
61 92
9 77
62 3
61 13
65 48
56 35
75 79
47 51
9 74
23 16
22 75
10 3
48 67
97 50
86 74
30 88
56 69
33 88
11 98
44 1
61 87
79 65
92 88
93 70
47 30
61 45
97 10
77 13
78 41
35 9
75 37
7 39
39 78
37 19
58 69
33 38
23 32
47 51
65 49
22 70
46 25
19 12
72 1
88 18
52 37
55 41
38 87
40 64
72 17
53 93
3 36
80 54
73 89
7 85
77 39
36 80
52 11
3 92
85 48
74 35
40 56
9 96
88 58
55 52
61 98
5 57
77 28
13 79
84 51
13 5
98 16
79 23
25 99
40 7
82 9
7 20
9 80
84 66
58 52
53 25
7 49
48 88
25 28
82 94
20 79
18 8
5 19
40 16
55 83
47 84
89 13
80 73
30 98
10 98
23 66
92 41
77 89
49 46
25 62
91 69
46 53
65 28
10 83
40 80
52 90
80 78
30 43
98 34
46 88
79 7
66 78
29 23
17 5
13 60
17 26
79 9
63 41
31 66
56 55
60 67
46 20
60 51
76 84
6 58
59 23
8 52
50 91
35 82
66 9
46 40
44 49
62 27
72 28
68 58
21 58
76 62
90 13
25 79
80 16
98 13
40 25
29 72
66 33
99 72
96 10
99 72
71 91
5 3
39 76
84 4
80 73
78 89
94 7
92 85
7 3
31 76
43 62
57 10
100 28
27 33
85 17
34 70
3 100
61 36
77 90
96 97
45 42
54 66
63 57
72 12
68 93
28 82
48 13
7 10
84 91
80 28
69 69
86 15
28 83
87 68
8 89
18 37
51 96
28 97
49 6
13 6
57 100
18 98
55 58
63 98
56 69
57 74
87 79
17 90
38 57
22 29
11 38
43 47
38 22
42 64
38 26
83 1
27 35
81 50
40 14
14 43
43 89
85 17
92 26
97 41
86 93
56 33
56 75
68 86
18 72
99 15
17 41
65 57
27 70
17 23
12 73
69 24
98 16
48 21
59 14
87 89
22 92
89 13
36 64
25 57
35 10
91 62
22 96
44 58
71 46
27 89
40 22
14 39
20 26
76 36
71 16
25 29
8 41
15 9
92 61
45 11
12 8
39 14
69 59
94 34
48 7
49 19
63 77
19 23
26 83
94 39
93 97
22 9
74 5
37 1
75 10
88 6
36 90
15 63
53 93
6 18
10 79
42 6
54 75
69 51
54 96
80 49
6 93
5 22
44 22
33 75
91 62
73 33
94 5
54 68
66 43
80 63
72 6
97 90
6 55
2 27
45 55
63 19
86 55
44 90
77 54
64 90
47 35
30 10
23 78
51 27
93 21
44 64
17 64
96 44
61 82
38 10
32 87
30 32
55 65
51 97
31 47
47 83
60 92
49 41
1 28
55 11
60 50
5 80
27 16
39 28
97 11
86 64
7 11
31 27
23 27
54 44
11 1
78 15
27 75
66 3
33 75
7 15
72 74
73 77
88 51
24 58
17 14
66 17
95 30
66 7
58 14
43 94
39 18
9 93
86 68
42 53
25 45
35 8
90 34
91 47
55 68
5 80
17 7
7 41
30 10
79 91
93 6
54 69
27 90
12 12
38 6
64 39
83 62
19 37
81 50
13 5
94 40
17 45
46 61
72 56
71 60
22 5
33 39
79 39
93 55
35 62
45 47
11 56
88 85
68 66
38 76
26 18
23 89
99 27
27 84
36 2
99 50
17 55
92 79
3 27
15 86
51 32
74 7
61 73
32 41
90 23
10 82
80 90
42 33
39 73
51 62
5 6
86 12
39 12
77 44
4 79
1 18
2 68
54 15
65 67
88 30
96 74
34 23
78 68
63 32
43 31
33 11
54 61
52 62
93 75
63 98
34 47
22 3
94 65
4 63
80 12
19 30
42 100
1 55
19 25
94 86
96 59
81 68
69 49
83 91
12 38
73 75
61 73
45 68
83 77
35 18
14 17
45 78
62 65
23 74
86 53
22 49
85 17
87 90
67 14
8 95
78 46
46 29
44 97
44 22
29 78
92 35
52 95
82 34
86 58
87 78
45 81
4 76
83 63
54 44
78 23
99 78
25 75
50 89
97 88
56 72
62 19
14 83
90 97
76 88
14 54
97 99
11 71
57 34
50 48
41 57
34 64
79 54
51 47
18 81
81 20
20 48
4 34
86 23
95 23
75 97
35 68
7 67
9 81
42 49
40 65
62 81
37 79
5 49
59 48
71 8
72 72
50 43
37 70
94 87
20 67
80 27
100 8
82 99
45 90
87 55
62 25
34 2
55 18
95 14
86 59
13 45
82 96
64 72
59 9
92 14
49 76
28 79
26 43
45 23
41 61
23 87
18 29
72 13
83 29
42 53
89 86
25 6
11 49
36 37
43 63
12 48
88 46
2 31
22 19
91 56
6 54
89 45
76 4
45 82
69 85
18 8
48 90
51 56
34 42
68 54
11 59
39 90
71 57
64 30
54 57
74 64
100 42
80 57
77 1
96 5
62 64
5 84
90 81
23 67
28 78
75 1
62 83
29 53
77 67
61 59
30 43
38 16
78 55
64 68
52 10
96 74
72 65
58 9
32 71
47 67
36 90
8 52
10 18
73 59
13 82
50 48
47 80
100 41
97 54
56 13
32 40
97 54
17 10
83 68
99 77
7 25
55 80
2 33
29 23
86 87
36 47
33 80
26 6
85 72
54 70
4 51
31 6
43 14
69 95
59 87
59 27
21 81
26 37
100 15
48 35
7 1
7 86
58 78
99 64
80 63
52 6
68 10
57 78
85 92
37 16
97 69
73 22
87 48
97 71
95 54
34 99
43 80
56 9
94 97
4 9
10 16
85 90
83 40
81 41
7 8
11 83
71 23
90 39
79 6
26 59
54 62
65 67
12 1
41 35
2 13
56 33
40 66
29 37
67 64
99 61
60 72
81 11
32 34
91 99
21 45
56 11
35 23
85 36
61 93
84 68
85 39
30 98
2 25
33 45
88 73
11 80
80 56
28 46
84 50
15 19
80 4
71 30
10 70
44 20
75 34
100 32
60 47
59 49
10 49
69 59
94 46
90 36
75 32
13 27
52 22
95 62
27 87
6 4
6 47
71 24
23 73
42 41
95 44
14 11
58 52
6 66
48 50
29 24
38 79
92 76
98 73
50 9
13 43
9 9
86 10
24 100
4 67
54 7
83 69
2 39
44 94
38 49
96 1
47 80
74 33
26 38
99 79
43 55
32 8
33 76
92 71
66 79
52 69
58 25
98 55
51 88
92 93
20 70
36 7
49 34
24 100
43 3
56 98
87 55
83 25
9 11
73 8
91 99
91 27
25 37
68 14
31 37
33 44
23 43
63 25
39 77
73 77
32 40
48 79
84 99
65 61
71 80
68 61
18 30
90 8
53 91
66 25
53 41
14 39
54 39
82 81
29 77
79 98
100 97
68 48
57 93
85 39
30 31
60 18
16 69
80 53
78 8
42 74
19 34
99 70
99 27
96 25
62 44
15 97
69 34
14 88
24 5
16 9
38 2
60 51
82 40
82 98
60 81
33 55
18 22
100 82
40 65
77 53
76 94
23 51
47 75
64 30
52 45
24 86
73 40
87 21
78 6
1 52
73 56
69 73
1 60
56 4
36 78
34 69
100 59
96 51
93 26
3 89
99 92
81 63
29 89
69 59
72 94
60 23
87 51
98 38
1 48
89 12
30 27
33 64
39 41
25 77
54 14
12 51
25 73
3 100
80 95
100 6
21 28
43 25
67 49
89 64
5 5
82 69
85 88
48 58
79 40
7 13
62 79
2 63
67 30
18 84
7 21
31 12
86 36
37 50
4 83
25 23
47 36
63 37
78 61
94 76
21 39
21 91
8 95
19 99
1 88
39 69
43 44
50 61
84 46
95 88
92 87
57 75
70 36
98 86
82 69
19 49
67 90
96 69
39 18
56 34
59 54
34 64
51 57
7 49
79 23
17 34
93 40
2 3
61 6
57 13
87 32
60 70
33 47
91 33
53 63
60 19
6 8
10 12
9 71
22 67
60 89
7 47
3 91
48 65
32 58
32 84
94 38
14 81
59 86
79 67
15 63
25 72
17 87
56 48
30 86
9 7
98 76
89 99
10 62
37 47
70 76
82 53
27 17
81 85
63 47
26 79
83 75
56 10
75 45
87 37
47 62
58 23
33 64
60 51
90 51
36 100
54 48
64 17
54 31
42 11
2 75
2 80
8 59
76 14
68 10
61 3
52 69
11 61
94 43
44 100
81 60
27 12
83 21
99 66
94 20
88 25
24 55
90 74
36 70
45 56
52 65
54 39
64 3
78 83
44 2
55 28
41 94
57 80
36 7
82 65
49 16
43 16
71 93
97 27
24 73
6 26
63 70
34 62
89 53
14 75
32 28
100 56
41 78
61 5
23 56
35 50
88 81
33 71
35 74
82 42
72 100
22 9
84 20
88 69
12 10
92 64
71 98
86 76
3 96
46 65
10 64
87 38
74 56
100 73
10 44
30 11
54 95
99 39
57 95
11 23
84 57
94 93
