1000
4062 5844
8025 1039
5356 3532
4388 8754
8682 7968
7919 2864
1474 4420
684 4402
3601 8520
6236 7026
4265 9426
795 959
2612 3034
4953 6129
2656 4819
7900 9864
77 1573
5845 4298
7158 2934
6115 358
3892 810
6885 4866
1444 619
2630 6963
6026 4960
3324 7389
7707 4642
3922 5797
7130 4302
3846 9696
4071 412
7935 5619
2498 5792
7736 8693
3110 9077
366 5536
8090 102
4940 84
9046 1611
9318 9266
2223 2356
1719 4613
110 7559
5142 6929
1704 7507
728 8935
4075 4182
988 2719
2584 1912
9664 9098
6109 4692
1273 5062
7228 8469
8949 8926
4709 3202
727 6006
8662 7524
8466 6936
7045 9745
1220 5968
7604 401
1036 30
5472 7685
4995 6784
7359 5177
6257 9444
7237 1461
9469 6464
1493 5767
2714 2948
9362 8434
6663 6348
1210 7093
1192 7284
2984 9228
4045 2656
9439 7741
5820 4427
758 7164
4681 1794
4043 5215
9879 6082
5794 2382
3176 9346
4583 8816
1544 2758
2545 9159
3457 8689
2910 7036
6378 1408
4968 8701
5062 1545
9555 3062
7928 5385
3333 1266
7358 9217
570 4820
2755 669
514 2689
7968 482
4458 9769
4556 2927
2490 84
7803 1677
5504 3950
8604 665
1556 1168
1244 5651
3603 1884
5202 5645
7796 6015
5324 5424
1838 7780
8665 760
103 1042
7099 8903
7296 4157
3614 5968
5348 3311
833 4678
6840 314
7684 5887
4462 7475
8489 1004
7590 3399
6529 4125
2048 8147
5435 5897
7027 1657
8217 3948
2318 5449
8269 6232
1512 2922
1549 4561
2524 372
1925 573
4869 3651
941 8387
4035 6876
4753 1744
6190 7361
656 4299
219 3113
1389 6335
7306 8359
2635 1763
2442 4445
6733 7178
5059 1981
3218 7431
4546 5915
7466 4378
7212 8478
6950 7042
671 776
9951 1938
4082 3684
6342 7976
1539 379
4492 7578
155 7433
7160 7368
9153 7050
541 6810
8857 3749
4648 6135
6211 6583
7904 3012
3408 3127
5599 1799
1302 4857
3055 663
1236 4327
2478 4783
3828 3894
1017 6019
6590 3417
1676 2933
299 6168
9582 8084
7912 4597
200 1156
9069 2182
5041 8504
8035 5538
5862 4665
5636 9514
1487 2804
2155 3835
2560 3965
7550 7792
5565 913
7046 1608
9432 1108
7158 3314
6208 2724
7771 1475
6943 5294
1365 9632
4225 1492
3500 3045
3945 7162
5092 5779
8945 5200
491 9008
2371 1077
7825 5254
6031 6662
8801 6757
4560 2356
7543 2866
2556 788
5709 9412
3465 9252
4844 4766
1891 8172
2968 3776
9217 3730
2463 1690
917 9254
1667 5243
8720 5033
9141 1385
6914 6359
983 9976
5040 438
4510 4939
4200 4454
7343 5162
3008 8734
7900 2815
7084 10
3175 5906
6534 4546
3466 7437
5930 1256
6741 9118
2131 9827
243 5417
2245 95
5287 4853
117 7641
9540 2739
6623 226
5016 1260
3837 4671
6662 7503
2211 7777
701 9990
834 6305
3106 1546
600 2794
4537 5252
8957 1377
8670 6319
7032 9974
4349 2670
5637 1273
3305 790
3054 8178
1901 6120
7505 1347
8493 9081
4741 7376
2155 4513
8732 6496
6031 1604
883 6980
8412 5508
7064 1
7769 6196
7049 6621
6141 5106
642 4089
8097 458
4317 6507
8542 6363
650 7442
9468 10000
8018 8039
9915 7101
8899 3211
9577 6557
1005 3314
2158 9659
941 9026
294 121
8235 2139
6537 7915
8525 6199
2124 2927
9935 3451
9063 3766
434 6465
5847 2789
7027 7245
5915 6302
1919 3874
9159 2550
242 2033
2165 5137
5855 9830
5856 899
4052 301
7031 4694
1152 5497
9700 3689
2776 3596
6446 1262
3265 9644
9049 5037
3528 2502
8945 1104
8587 8883
4493 6014
9727 9461
8594 267
7566 1236
2939 2850
4085 2797
4735 3271
6806 7282
5043 9003
9512 5507
4232 8543
9025 7903
1921 6420
7509 470
808 5954
9991 373
8858 4899
7217 5366
3934 1927
6224 1096
9184 4648
8971 3368
2685 3659
1723 8604
695 4049
3303 9881
3111 3796
3777 3503
8101 2319
6520 8845
5631 3664
3601 8719
1213 9409
4051 4260
9855 177
5050 58
4285 9262
7997 4589
3844 2161
2568 8289
4455 4913
550 6151
4999 3408
7770 4445
9212 8973
9470 9594
1715 5559
9456 7605
7966 4238
1270 6843
9643 3764
5493 9852
6941 1083
2480 2729
5454 6818
4788 6848
3881 8502
6806 6893
5154 8172
3811 6826
9992 9124
6250 6840
917 4823
6719 5262
9319 6543
3539 755
2171 1389
8743 9545
51 8065
6436 7773
9634 4627
3627 1544
385 3394
3669 8644
1888 4117
8612 3850
9922 5112
5672 9014
6975 4305
1014 9127
3198 2483
7742 8962
1059 4296
728 233
679 1264
3032 1374
5667 7170
8839 8931
9541 2864
4002 3243
4968 9100
6471 5750
2835 4327
6092 5386
3988 7733
138 9015
6579 623
426 8355
3937 279
9817 2582
4228 8033
3370 4737
5153 2503
869 589
5919 5611
3128 7545
6481 5925
2028 9051
2815 8102
5009 2924
509 8953
8349 6708
1529 2617
6088 4490
521 4293
2538 9106
2761 2046
487 2433
9861 9248
9081 9290
8440 5249
5459 7504
3265 2382
9185 6493
8118 1379
8475 8486
1644 9271
6144 3320
1014 4525
1592 8634
7950 5101
8894 7481
6084 4969
5385 8109
3966 9972
195 3983
4068 7318
9093 1573
2783 8590
7030 4838
2081 7616
1727 6025
3980 5252
3307 8583
3745 6180
9944 4044
7383 2322
8243 1324
5904 6914
1284 8218
716 2896
5535 778
4918 7124
4127 6263
1569 7636
6228 8018
1404 3654
9576 1006
1929 1267
4328 3275
824 6574
6688 3161
7598 2273
9930 2890
5055 322
9809 9775
6564 8263
4317 9169
5528 3281
371 8396
202 3747
5628 7438
4795 5530
1730 6867
6952 7619
2799 7124
9788 5272
924 7626
6109 8516
3461 2136
4337 2769
4726 3078
6420 4374
8988 7029
4979 9224
1846 5895
2730 8237
4322 3110
8192 4254
447 5675
1078 7594
3755 6818
4616 2512
8124 9984
9151 297
8770 4191
4502 2615
7726 1877
9303 4814
9015 9776
8721 7345
6137 961
9313 9149
1954 126
9453 5903
470 5188
933 4426
5255 4126
6890 5754
9848 3827
5719 6227
1910 1387
2008 7383
7225 5651
3321 823
999 4701
2261 5645
8995 8739
7928 1117
5652 9474
9441 7626
5407 2700
9744 5574
8734 557
7428 3676
8618 275
8650 7881
8348 6652
1021 3435
1039 9623
9519 4161
2933 2640
1626 5079
1501 5911
6063 552
465 7377
8003 2774
7544 9275
1969 3671
38 3605
3983 5236
664 8582
4046 3326
2888 3962
4636 1028
3563 2582
1032 3828
8783 5487
1965 4264
2603 832
1952 1554
5806 6655
9231 585
8802 23
4199 3565
2914 5843
1463 3838
9106 5579
1350 6516
5367 7382
5394 9152
5281 9890
1492 3532
3104 1514
9969 1722
4839 4654
6074 5348
9715 6634
3436 219
3314 2846
2114 8072
6022 7166
2006 4797
6286 7554
5448 5148
2921 7462
6946 7674
9992 7946
8686 38
6047 8937
7241 5648
370 857
4759 9904
2052 9511
751 7064
5293 8935
3640 8997
4325 9150
2989 6139
1054 167
8542 8584
9726 1793
7252 4800
2663 3403
7374 2709
820 5260
8751 3773
3451 4139
2348 1464
1161 8872
976 2257
321 1610
8326 8334
2948 6708
9896 1967
2060 9578
8533 3320
7542 2132
9205 8619
4695 2434
1832 7530
8146 8190
1238 6323
7071 4464
9019 8709
6731 1833
7781 8213
9103 5128
5776 2340
5758 120
9194 9776
5334 2660
5659 3003
3372 4307
5500 7306
5797 5394
1040 3076
874 3715
4498 6425
2381 273
4589 4765
9413 5260
3627 3108
8004 7155
3530 9758
9611 8009
8674 3273
161 9811
6922 335
9922 8191
7076 3525
9622 8199
5606 7214
1193 4767
8973 5060
9240 3775
6799 1160
8881 403
711 7766
5009 9274
991 333
5269 262
9805 3361
8413 9782
4588 7623
430 9390
464 5731
3392 5141
1501 5318
3808 9121
9018 4404
2306 3155
6301 7989
879 6012
7924 290
1266 4105
8218 1558
6790 9672
5693 8949
167 3942
1124 1577
2103 8211
7407 8767
4942 2605
3474 6649
7731 5778
3010 9745
3306 8590
9046 9170
2882 6165
7817 2892
1674 1705
2881 7401
8896 922
9713 6387
3005 8181
7021 6815
6055 6090
4274 2382
1000 3296
884 9780
2593 6595
5304 1396
7311 3239
2892 9104
9000 9623
6371 3591
1070 9638
3124 4373
662 5567
6552 9479
6332 8041
3678 7472
7889 2587
6749 8997
1608 2401
2819 3686
3434 6703
7966 4666
5318 7993
4995 822
3661 7275
7605 8678
9790 6802
9612 292
5666 2710
4956 6789
1381 9829
3569 7333
8352 3697
45 174
853 3997
9343 4178
6384 1056
6208 768
8189 2773
297 5588
5149 4157
5475 7825
5421 3943
9205 985
7706 8709
6997 4905
9381 5110
4945 1663
9570 3025
8443 9481
453 2981
7126 9571
7024 4628
5950 1159
2911 3425
2772 9336
9470 3823
3711 1117
8078 662
8614 2804
6254 5804
3302 6607
7790 5023
3389 5746
6013 247
1317 1133
3511 1614
1559 4328
1628 2905
3465 5481
3555 3146
6514 8098
1678 7351
281 6649
8216 1514
8485 3749
7644 6100
6035 7957
7423 8337
4218 9057
2218 6358
5601 4076
418 9010
7469 9154
2928 9850
3510 6262
2522 5019
2702 1197
8412 4718
2330 3017
4257 201
8565 7520
6827 1454
5477 8458
3783 2848
8164 264
3008 783
8297 9405
1749 4357
7425 8525
7503 552
3433 8087
1362 1268
7237 875
4462 3928
7565 1250
861 2902
4270 413
2238 7499
7871 5946
9429 9589
2715 8492
1839 8539
8376 2090
812 5398
6861 5680
5889 8755
3649 74
8351 6646
2496 1747
4117 6459
3124 500
3732 8669
8728 2557
5117 2516
9101 1493
8899 9943
3548 4872
7597 2425
3167 5340
5916 4279
3623 7001
8723 9018
7557 8778
7897 976
7439 4169
4832 5720
2366 7745
1274 1025
4369 3176
8266 8981
4308 2397
6835 7906
9766 158
8849 7075
5665 3968
8422 7592
5029 4610
5364 7478
271 2072
4658 6808
880 5582
790 183
194 7401
6533 2193
7965 3593
9372 3621
972 6172
962 1138
5912 215
6469 3130
875 8897
5467 554
3892 5636
6428 292
5267 1944
306 6704
9915 4194
7747 7499
9271 67
1075 7927
1104 2159
5583 4290
8033 5994
6709 4698
3143 9985
5817 5236
1721 3790
857 720
9980 9344
7923 7872
8565 6296
5266 5154
9894 2432
17 1621
3672 670
7698 3432
1651 1611
4042 9867
5112 2134
2331 733
3111 2963
1926 1331
6685 1386
6990 777
9703 1870
9738 1495
4008 4771
4180 3453
2212 4921
5595 534
9203 8053
3741 9840
1086 2331
6888 8387
8665 4099
5835 108
3629 1330
8691 7418
2901 3816
8409 5229
7042 5875
3978 3760
700 7697
6652 7395
4166 4038
9537 1674
3916 9579
458 2771
6854 3550
994 8906
5673 7953
1935 8699
2845 8348
663 297
1977 1285
6175 480
820 8454
5272 1181
6714 3650
1965 6332
3666 157
6708 3715
1680 8759
216 9990
5742 2688
4972 2518
8116 2689
4916 7143
7411 7046
1314 7277
7020 4166
8156 4006
4960 6805
7053 4104
365 4363
6304 321
5116 5139
794 5484
3789 7393
1922 9431
2413 1856
4474 5452
4942 800
9487 6795
8237 2669
2398 2877
1192 6138
292 2949
9402 4811
1165 4441
7300 5025
9849 3249
3960 5858
1368 6674
4379 6795
8848 5348
2452 4208
3378 6021
7705 9069
214 7620
7202 7047
4059 1422
8767 6631
1861 5782
7338 7825
5201 468
5280 4401
5660 8620
5418 6655
6012 3822
6573 3642
5798 20
3529 4642
4754 8802
5289 3981
4136 1184
4085 4295
3883 6333
3063 2175
1506 2252
4273 9068
866 267
8544 1836
7073 7098
7645 9229
1502 5776
2734 2743
1975 8858
2000
22 26
47 56
79 61
23 64
65 42
33 31
54 79
61 70
47 98
53 45
75 78
13 87
85 58
40 54
79 70
41 51
74 20
59 11
56 86
14 35
24 25
95 25
79 28
60 64
93 19
6 72
88 17
93 40
33 42
25 81
10 1
2 11
76 45
7 81
17 31
6 10
6 72
6 49
6 70
83 41
30 16
67 74
21 54
8 59
52 85
19 88
90 36
90 34
67 50
41 29
7 13
51 32
56 61
88 13
51 37
40 42
25 91
76 36
22 82
48 72
19 7
59 43
63 90
83 72
49 18
45 37
81 4
35 71
25 96
9 46
58 3
90 43
23 31
79 6
99 68
7 87
52 72
98 89
86 46
24 98
21 93
69 2
23 73
38 24
36 15
71 14
6 18
31 70
47 17
97 47
92 68
76 63
68 39
33 21
16 44
25 93
98 5
2 33
93 75
77 7
63 72
3 80
77 47
76 49
11 80
72 36
49 90
16 18
27 24
63 34
28 85
85 84
87 35
19 15
62 43
77 69
64 74
2 86
17 83
47 43
52 36
46 27
58 77
37 22
42 27
36 78
79 71
74 8
41 14
91 75
53 94
66 10
76 66
92 19
7 97
31 42
91 63
14 90
55 49
44 43
55 50
18 21
69 96
8 67
3 40
18 54
2 17
4 57
45 70
77 98
60 65
39 50
58 84
42 55
55 4
77 40
79 40
71 63
95 45
8 37
46 83
9 61
28 72
31 100
73 27
82 19
61 28
2 45
85 99
95 80
68 5
14 93
5 16
82 77
99 5
23 29
21 67
88 16
1 54
71 2
67 44
84 87
98 51
45 19
57 15
64 37
93 8
11 29
46 21
85 11
60 65
71 82
68 20
2 43
52 7
89 78
22 85
45 17
99 20
30 16
81 4
76 27
82 8
21 28
10 92
19 78
38 72
35 74
31 35
68 61
22 31
11 11
47 93
19 25
68 86
94 30
93 97
90 66
59 11
99 18
88 77
19 1
52 28
100 29
88 74
10 55
3 97
3 45
81 19
42 49
54 8
40 8
92 66
70 11
66 16
43 84
44 22
56 85
43 41
34 16
86 90
7 61
65 34
87 11
7 85
97 25
1 42
43 33
92 8
90 35
38 67
68 38
4 69
36 9
94 73
67 17
16 84
61 62
56 34
63 30
2 8
58 6
58 28
42 29
27 90
15 30
40 79
98 55
57 41
19 67
53 51
20 4
74 48
93 21
26 23
37 30
8 79
73 68
33 48
92 59
46 18
81 15
49 67
11 58
62 66
34 4
7 75
89 3
45 18
8 87
65 69
62 56
100 34
39 48
100 79
53 8
76 40
41 67
20 62
62 54
79 62
90 70
93 67
68 76
76 10
51 7
13 77
92 81
64 94
100 29
34 82
65 77
83 17
38 95
94 88
87 14
12 65
30 74
74 34
90 51
85 74
23 85
100 33
29 1
76 41
42 71
8 10
48 68
29 36
45 11
41 10
23 60
56 27
85 39
22 6
16 52
7 96
9 40
84 60
91 12
15 79
95 79
59 95
26 40
92 52
43 91
12 28
78 83
67 45
19 9
41 37
59 47
88 60
21 10
67 71
67 4
68 42
62 93
8 59
39 54
14 76
54 73
28 9
93 76
71 27
21 6
97 58
74 36
52 47
71 40
38 57
58 99
93 71
59 9
38 82
29 29
74 61
36 52
81 30
51 10
35 43
64 93
34 17
17 79
29 18
50 70
72 68
66 67
37 43
81 55
9 9
88 42
16 31
94 43
86 97
96 88
45 28
88 40
60 27
22 12
91 75
27 32
16 34
82 90
62 94
76 51
6 14
92 9
69 29
68 38
4 80
17 87
96 64
64 50
18 10
22 88
74 23
23 49
51 75
95 76
69 32
100 76
22 14
60 61
25 35
16 68
98 94
20 78
48 49
1 2
17 9
76 74
100 10
77 34
73 47
84 57
14 62
88 88
34 91
60 20
86 33
88 73
18 77
30 36
60 70
80 91
78 57
76 14
28 70
88 60
61 40
27 80
14 16
25 61
88 9
99 28
95 44
35 28
2 16
73 67
97 83
12 20
54 37
44 6
34 66
15 70
59 94
97 97
18 97
36 97
66 18
37 92
86 98
25 46
71 66
2 89
76 31
62 7
3 39
20 11
95 76
14 46
86 60
22 49
5 12
8 37
35 98
27 57
86 37
55 29
13 93
26 24
71 48
99 52
47 77
17 59
18 54
44 67
72 76
99 7
59 45
1 84
7 66
37 32
26 48
19 42
10 78
94 11
22 46
70 83
79 42
46 50
91 97
60 23
95 45
91 59
43 56
54 25
57 31
79 100
22 36
90 83
41 32
89 60
38 41
25 55
48 4
86 4
43 78
57 55
99 98
18 7
37 22
77 72
81 100
19 30
41 49
66 97
63 69
24 56
63 21
94 26
29 36
28 81
83 68
54 43
67 28
36 61
52 16
52 22
71 89
54 99
29 32
64 99
67 9
38 49
67 82
50 69
99 97
87 93
72 51
66 87
58 43
93 100
62 81
4 37
28 30
79 60
15 55
30 52
78 43
46 81
37 65
99 75
49 77
10 14
57 1
45 75
31 26
2 99
87 54
62 33
39 90
98 19
66 24
20 36
1 54
51 54
79 41
21 64
52 94
67 57
96 98
13 27
79 59
5 43
36 51
85 18
69 14
62 31
23 6
7 99
1 84
59 76
25 55
6 10
83 68
99 48
15 89
49 7
43 44
97 99
45 83
52 43
100 98
76 38
72 51
99 9
14 92
13 28
41 15
65 1
14 72
93 74
53 27
17 22
77 75
34 75
45 12
71 61
66 77
14 64
64 49
34 41
53 11
14 86
66 16
97 46
96 98
49 92
89 68
46 36
97 52
92 38
45 92
14 65
36 94
53 48
6 86
59 7
60 32
47 42
89 31
56 50
64 48
4 21
41 14
78 71
47 7
87 17
28 83
75 54
93 70
55 98
72 21
95 94
99 35
98 17
57 64
26 50
52 36
18 95
8 94
57 3
17 78
27 3
77 94
94 77
15 100
5 83
68 71
37 35
84 65
81 14
9 49
58 7
92 48
60 7
43 87
94 70
26 90
20 25
1 71
81 98
39 20
47 91
70 12
42 11
27 65
82 37
47 88
98 67
74 94
14 71
55 73
14 70
2 52
72 4
32 59
62 28
92 66
17 66
37 19
61 35
33 67
25 23
77 66
92 85
14 62
85 24
17 78
22 63
71 81
72 79
82 64
5 7
96 19
91 94
27 68
90 18
95 96
73 22
46 49
33 59
59 96
68 10
82 92
86 6
45 92
28 26
29 6
57 16
33 94
7 90
49 76
49 99
81 40
5 47
83 25
37 64
9 79
46 20
53 85
25 4
4 44
40 95
11 27
66 77
28 35
19 90
73 39
53 30
51 25
95 87
16 75
50 49
95 4
2 33
63 24
64 80
11 9
60 48
25 98
98 64
80 61
49 3
72 100
3 6
15 64
34 100
53 12
52 58
1 16
41 46
52 88
14 33
88 35
22 24
83 88
83 59
64 42
24 93
14 86
34 93
92 97
90 23
74 50
62 78
75 12
51 27
9 6
43 85
4 36
79 21
30 2
24 4
61 27
57 77
62 7
86 80
11 64
59 84
18 94
37 98
73 81
61 68
40 9
13 72
79 15
69 41
89 75
4 65
27 10
73 44
69 31
76 72
31 73
56 60
74 43
50 17
62 54
63 38
6 42
15 65
67 78
69 21
18 99
34 39
39 46
97 68
41 95
45 69
10 82
62 30
9 34
78 46
70 27
96 87
42 54
15 15
17 75
97 60
90 75
98 49
24 22
89 60
15 28
57 67
74 1
11 91
91 28
97 63
31 30
65 54
55 31
25 41
56 40
47 46
66 44
73 79
33 94
98 60
19 14
98 18
51 29
61 57
55 100
84 64
93 76
41 99
67 75
67 17
17 32
48 70
26 78
3 62
25 2
91 100
68 75
89 77
86 10
46 9
74 75
85 8
2 99
30 95
65 99
27 34
84 24
90 82
77 90
31 97
59 86
47 49
10 97
36 82
10 99
23 1
96 95
90 70
9 88
24 100
6 97
58 52
7 12
80 92
90 29
58 23
94 42
35 96
55 63
29 30
63 65
7 90
33 84
81 21
58 76
96 85
14 82
14 97
91 59
37 50
52 48
22 69
63 22
81 30
4 99
63 85
66 98
46 8
4 48
55 43
37 50
67 69
91 52
26 89
5 69
61 60
99 89
41 2
10 64
12 51
55 63
47 63
24 50
74 12
29 63
11 83
13 10
73 92
78 24
8 87
97 60
35 95
32 52
71 54
22 84
87 39
17 88
3 32
98 94
28 60
59 39
85 69
82 11
95 90
18 6
23 31
25 96
100 95
41 24
35 92
56 32
73 89
63 93
99 38
60 31
25 28
78 78
20 87
37 7
29 67
54 50
15 10
85 39
72 6
24 72
94 51
25 9
99 97
36 95
50 54
19 99
32 18
29 9
5 86
93 14
32 32
92 4
24 58
48 62
32 39
75 22
34 60
32 51
94 34
72 11
80 63
93 62
99 58
56 93
78 97
7 40
99 92
93 53
28 93
96 82
73 5
83 42
46 45
17 32
54 55
13 8
66 35
27 45
2 76
43 11
17 1
35 36
44 61
82 69
60 75
76 99
15 73
27 68
1 60
77 94
55 23
71 41
6 38
91 21
83 50
61 40
74 41
37 80
37 69
39 25
12 4
28 41
100 29
72 84
6 5
21 7
38 26
42 23
18 3
26 57
59 28
69 71
4 9
92 1
96 80
25 10
77 83
8 86
20 29
48 71
43 99
83 69
84 30
56 43
12 21
45 5
41 10
73 26
29 97
86 22
51 93
37 17
14 23
87 17
60 54
17 12
99 83
65 88
72 48
38 28
100 77
92 54
65 46
26 93
44 80
77 35
65 93
7 22
66 64
9 60
98 12
67 39
2 63
36 27
66 99
92 60
33 5
44 16
79 63
52 1
3 77
4 63
93 51
88 5
18 96
93 92
47 19
11 70
36 10
16 97
89 24
52 59
18 37
57 88
60 85
4 15
20 77
93 61
8 63
75 62
13 59
59 23
29 6
3 90
94 55
58 39
96 92
15 52
7 40
19 93
93 24
30 51
32 65
56 59
10 16
61 9
86 98
93 71
60 53
76 51
14 51
48 65
3 21
18 48
87 68
81 46
11 60
83 69
97 84
46 56
57 9
7 46
18 87
50 7
3 5
65 34
96 82
65 93
76 61
54 32
22 63
64 33
60 44
18 91
74 70
5 19
9 2
4 77
99 97
87 60
14 88
74 92
52 70
6 11
33 28
31 93
94 47
67 19
65 17
41 74
36 97
53 71
68 2
8 77
70 39
49 81
29 100
35 44
7 38
37 49
7 24
96 83
11 78
42 31
62 42
11 24
76 54
25 2
92 89
30 21
94 97
97 39
89 22
6 2
1 10
83 3
54 45
78 95
21 43
96 67
77 6
5 28
87 17
73 83
34 84
25 86
68 32
49 74
28 38
58 19
10 68
57 34
49 100
20 44
47 39
93 99
53 72
8 75
63 95
78 71
35 77
83 55
96 73
69 48
41 65
45 39
44 96
60 88
52 84
4 29
16 5
35 28
93 8
22 62
94 72
75 24
40 68
91 95
25 97
22 93
88 30
91 53
74 35
78 98
100 33
99 64
59 69
23 14
64 67
43 2
19 93
25 34
75 44
68 13
38 70
32 85
35 66
84 85
44 71
11 32
30 69
1 72
2 96
1 7
65 85
40 63
41 37
3 39
40 49
71 87
17 59
12 68
46 31
52 10
91 16
18 46
94 87
19 92
55 91
90 9
63 28
65 18
61 16
7 61
82 20
38 67
26 8
71 53
73 53
92 81
63 66
23 89
79 80
60 91
57 2
9 48
78 31
96 37
88 1
18 100
81 38
44 78
44 71
21 31
72 40
90 61
6 31
62 77
86 97
2 37
67 65
98 97
22 12
34 46
99 2
2 63
74 19
90 2
67 58
6 50
96 82
70 93
68 44
51 53
10 96
36 85
85 69
35 98
56 54
77 93
91 1
88 86
89 63
24 57
7 53
90 27
23 50
57 52
4 70
52 83
52 29
45 48
7 28
85 3
48 34
39 19
67 55
92 55
60 5
16 72
92 38
16 1
96 51
59 55
24 53
47 79
47 20
25 90
100 52
17 83
5 7
56 34
10 68
40 30
18 52
5 95
22 83
16 19
23 39
2 60
47 18
90 22
88 64
69 54
94 65
60 92
27 5
37 76
23 30
6 69
84 56
28 42
93 63
25 22
76 4
17 52
65 85
12 94
31 39
16 29
42 95
31 25
49 62
81 100
64 65
26 13
40 42
65 12
41 38
44 33
88 37
87 2
12 11
75 86
35 81
57 94
1 39
84 24
56 20
80 18
99 90
11 60
99 86
58 22
67 94
1 91
16 9
83 68
34 72
20 95
2 49
48 91
98 78
13 45
72 95
38 74
92 62
42 6
70 35
90 19
51 82
24 49
74 82
38 38
19 15
97 32
32 55
42 65
68 6
25 14
22 50
67 95
32 23
16 82
56 49
18 96
31 8
78 84
6 48
49 3
48 92
90 30
17 42
93 68
12 53
17 58
55 23
42 82
8 78
43 66
51 47
71 87
74 54
93 53
65 65
23 25
97 28
27 77
51 18
94 70
36 43
59 53
80 22
82 3
21 21
22 88
94 83
79 6
93 48
18 95
89 60
1 30
32 19
100 87
18 93
82 69
54 80
73 76
38 5
23 53
77 86
15 70
37 5
46 43
59 74
41 26
77 6
10 1
95 19
20 72
27 100
49 63
19 86
65 28
90 52
84 37
17 61
92 18
28 55
3 47
67 24
65 62
75 48
23 14
40 64
79 33
93 75
12 80
92 68
22 85
60 26
98 74
71 92
29 36
52 89
33 100
37 68
65 16
3 53
57 18
85 60
50 1
18 38
68 30
49 95
22 46
3 78
20 38
95 31
46 34
15 1
64 50
64 11
97 60
85 56
91 80
81 40
44 43
12 77
75 1
13 31
25 35
56 22
61 36
32 35
65 96
81 82
43 58
72 31
7 51
7 95
10 71
40 31
68 44
12 99
78 87
75 71
100 24
94 91
87 93
89 97
95 99
79 90
18 49
85 24
10 80
69 39
34 56
20 68
6 21
33 59
63 79
75 15
60 38
65 80
51 85
84 80
19 53
47 70
32 31
31 53
53 30
8 39
94 25
59 73
70 5
80 67
100 10
21 68
92 68
90 34
1 5
38 76
21 53
24 79
4 42
47 52
42 67
14 7
60 45
51 99
99 12
6 6
60 57
4 62
87 36
40 100
42 13
65 42
97 44
67 83
86 8
26 9
4 100
44 7
82 17
82 19
52 22
18 78
41 43
28 24
78 3
19 67
44 14
77 1
27 96
60 23
21 83
91 2
64 22
67 14
34 33
49 84
82 13
26 22
44 86
26 28
18 25
85 42
94 91
78 52
54 42
74 79
25 54
80 85
16 19
45 47
79 41
44 11
66 9
86 93
68 2
60 42
48 82
55 12
7 48
42 35
49 41
17 27
95 56
73 62
32 21
76 45
30 40
97 29
27 53
75 7
88 92
34 67
100 22
59 60
6 47
4 83
88 12
68 48
73 25
38 43
83 17
49 69
67 85
61 92
90 48
58 58
4 86
29 46
64 23
21 38
93 69
4 25
60 56
77 89
62 41
25 91
66 55
59 39
2 76
54 24
76 7
10 43
96 23
59 10
41 67
2 55
20 31
83 21
88 64
78 60
82 70
60 82
50 71
94 53
52 88
70 28
68 69
40 62
65 39
32 26
55 42
33 12
88 86
95 50
2 83
46 8
45 25
83 30
86 57
100 29
33 19
91 78
31 55
26 90
8 95
57 45
40 62
7 56
40 15
57 37
6 8
11 19
83 54
57 24
53 26
46 80
6 74
48 15
31 82
6 81
97 34
26 37
51 30
4 72
91 61
1 43
44 43
18 89
96 81
59 11
6 14
52 5
65 97
49 91
98 94
98 57
79 77
7 12
55 58
70 63
76 56
20 3
39 50
58 54
63 32
59 90
82 58
54 27
70 54
20 54
21 43
7 79
95 1
24 25
44 43
38 13
41 62
24 74
91 33
68 92
87 83
62 53
97 15
78 98
54 87
26 89
6 91
34 43
46 67
29 80
8 90
14 13
99 90
78 28
87 57
63 47
8 85
92 76
94 6
93 76
18 20
71 94
23 80
79 83
49 84
78 71
7 60
78 28
75 8
8 13
49 76
58 92
94 57
55 55
14 13
43 28
58 11
58 91
8 99
41 11
24 65
7 18
67 24
89 48
74 31
63 76
81 92
79 29
87 81
10 62
70 69
98 62
67 43
43 44
71 30
8 57
36 87
16 77
13 48
65 32
29 5
63 17
98 91
40 8
64 46
7 33
21 12
38 26
71 66
56 25
76 25
39 29
24 97
79 5
13 21
86 92
88 100
26 37
88 44
25 49
6 51
27 23
18 13
55 19
94 60
53 52
23 47
92 72
100 100
19 42
40 60
65 7
42 25
29 62
13 84
82 11
18 67
71 84
49 24
68 8
7 63
88 87
74 36
10 37
53 80
99 49
97 32
58 21
4 85
100 91
45 79
48 19
46 37
6 40
4 40
58 46
2 76
90 13
45 22
71 4
51 12
71 14
80 96
65 87
80 86
38 52
64 79
58 66
81 24
27 62
12 62
91 40
91 94
47 62
36 95
51 24
50 36
30 14
24 54
91 46
41 74
84 85
45 86
35 60
90 81
45 100
29 1
19 76
51 93
90 24
80 17
45 59
4 63
88 65
50 4
72 90
13 33
26 12
84 26
86 77
14 19
92 31
80 68
53 83
68 68
46 23
22 49
68 38
45 75
100 48
51 1
47 66
54 50
100 6
14 88
49 22
