1000
934 38
9089 540
4968 7743
3715 7098
4932 6375
1563 4728
4939 2203
1209 3115
7879 3725
3596 8023
3940 9197
1054 8640
5775 1435
8089 2968
4991 4762
6917 7935
4526 7130
9846 6701
7567 7123
5676 7536
9133 9060
1488 984
2190 7404
1342 5995
1300 4640
2400 2786
98 3534
4760 4009
8266 2410
5958 7665
7828 4500
8225 9694
5920 5369
2516 2309
10 8406
9298 5614
7514 3823
8084 7027
2571 3504
6862 9584
9961 6371
7577 3963
2409 4345
8509 8010
1676 4385
2513 4926
3052 8939
8739 6089
5434 9594
8002 564
2291 9182
2906 5123
4516 1726
8749 9536
1499 7433
8324 2403
8950 7204
5895 3641
5698 1660
6547 7010
6334 8674
3156 5474
2973 7264
615 9544
2061 1268
3623 3484
1499 5117
3423 2921
7861 2100
7192 6890
6494 2365
6583 4943
5753 8612
868 530
6020 7610
2900 3571
6110 2842
7534 2387
3908 4865
2858 2613
2693 7916
7105 7990
5602 9668
3668 3294
4055 4312
4282 6116
1648 326
3770 7781
5974 9655
8329 6332
5236 9789
1331 1493
4788 8438
2470 9281
4356 3052
5498 2734
6101 8228
1107 4755
4919 2926
7714 8444
285 472
6428 2071
4619 4520
681 1534
4066 31
2351 5738
6607 9625
2027 3028
2305 5965
4984 8190
1694 6524
684 9088
5046 1173
5369 8069
8842 3957
4810 9876
6804 5166
9248 3544
9498 7877
6801 387
6399 3257
2454 9002
3656 1179
4069 4765
4414 5530
4627 8033
819 4024
3321 2968
6018 1527
598 5882
8779 5197
6762 4780
1176 5491
405 694
6010 3351
9521 1440
5474 5062
9639 4458
7579 8010
5200 5358
9378 531
1615 4865
2518 9059
6059 9679
9593 4718
7231 1488
1840 7621
7916 9177
618 4273
2448 1800
4782 3778
3984 9191
7260 1583
6835 5733
6096 2799
9240 1615
8541 7558
7548 1680
1162 730
6828 482
6339 1458
8783 6559
1501 5654
7183 5957
6569 6954
8388 7786
9103 5625
3239 1346
4188 5474
7235 8735
3052 3871
4027 4094
7565 4929
3741 4358
497 1813
8838 6323
8182 4671
7938 1945
3250 3539
4480 1059
5935 6771
3327 4607
5410 3687
701 1177
9014 6312
9358 8592
1239 3013
1403 1631
1092 2555
4163 6540
3859 2733
6256 6575
3876 6596
6621 8827
7990 2336
3519 6190
9875 4183
2674 8315
4578 8954
2598 4144
1894 1416
6509 309
7636 3435
7723 9548
3650 6075
7416 3130
1426 5249
2479 2504
7040 7300
8825 4796
8039 7397
9856 7123
9743 4189
9103 4543
730 1416
9043 5547
9939 6852
2048 2989
481 9933
3561 711
2563 9630
8086 3321
6791 7562
123 2080
9701 1314
7269 3726
6123 4076
5662 3935
5364 9426
3681 3812
660 5879
2023 4366
7479 6465
7273 4671
7354 7652
1798 6754
8962 9540
9496 9291
4146 5045
9968 6681
4055 7621
2850 4223
3976 2653
1972 3147
5875 9250
6537 7087
6252 5238
2825 39
6906 3390
2293 3605
2925 3450
2908 606
7259 7465
4435 7630
2983 2206
853 381
1488 413
950 9402
2830 7201
8436 7358
4989 1194
2014 780
5502 2568
9592 4743
9230 9539
4441 8572
2006 7589
5152 3194
4835 7052
2425 2969
2738 5243
3376 9997
5639 8917
7283 6924
4181 4689
1776 4433
5707 2522
3797 1760
1823 8898
5459 893
4718 6439
9807 2104
7376 4048
4911 6896
776 2360
5459 8165
5580 8322
3272 5350
9328 3941
5120 364
1883 4424
6143 1483
2761 3901
6761 7663
3095 4867
9790 5112
1807 712
2999 1167
8060 9734
8956 2916
9632 4037
5403 6256
7219 6613
2520 4853
287 952
6165 3796
4179 7681
2058 4554
7110 1556
7687 6575
8496 7671
5796 5387
5091 2182
9515 8784
2255 7994
8204 1407
7002 3622
9902 9494
1822 4583
4059 1793
8882 3169
9708 1367
5587 9048
57 5681
4871 4753
6609 2495
3159 496
8529 7774
800 3566
6339 4935
5206 9869
1375 6279
3922 7001
7290 6541
5880 6489
4839 7814
7264 8367
5784 3191
6796 4620
9936 7447
63 5947
9347 9333
2589 3931
6258 2598
4826 2659
9370 612
8817 6568
7724 5909
3356 1401
2364 5179
1858 3158
9785 2623
5579 6459
3759 5848
6918 3560
2382 2926
962 730
3393 9792
2048 370
4155 8787
9157 7251
2998 4611
9831 1746
7964 1164
8151 1875
6014 7834
5745 6512
989 1668
343 6838
7431 5485
10 695
6630 9774
2349 2302
9020 7081
7906 6307
3784 161
7972 415
3785 8246
2286 1536
9795 8444
1439 8357
10000 8774
4732 6556
280 8858
7182 45
5205 7221
3627 6500
4663 8793
1180 7289
6343 8894
6420 7302
6144 4115
3487 4889
5286 566
7791 6347
4562 5861
8 4594
5166 4256
7579 2387
5236 1510
5614 461
4634 3115
6416 919
9215 4708
5950 516
3000 7692
1846 3366
3177 5025
3119 8119
6592 2580
2361 7097
5057 5486
6937 6664
6093 8477
8405 4202
1572 3343
4276 7324
4539 7200
5812 7308
2385 5575
199 5851
6546 7528
4873 350
5410 495
8796 1485
3496 8962
4650 8300
9638 5116
90 1462
5220 4864
2512 8016
5916 9818
1736 8044
4713 8799
9901 2413
2825 4823
4274 6328
6624 8963
1429 2485
2853 8208
3506 4396
3329 9198
3539 7279
5057 9057
1237 4459
7888 9652
3647 1326
3724 217
9817 5513
7075 7271
4983 8295
4224 6989
675 4942
1819 7121
3651 9059
3114 4355
6 6307
9492 9485
7801 7993
8356 2843
639 7112
5074 5728
3438 1867
4447 7406
8752 8896
8596 8804
1999 3574
6076 8036
5023 4816
1207 1883
3598 1673
3701 9446
4556 4358
1931 3240
283 3301
6257 8899
1508 5365
373 9321
541 787
921 216
5184 3982
8171 1594
6981 8724
4736 9036
279 3178
7603 9142
183 9054
9316 8067
8871 6198
7538 3508
9144 3992
7501 2608
5040 3953
4264 8261
5129 5657
9603 8151
23 2983
2705 9488
4648 9502
7023 594
9570 6818
6823 5425
4161 6152
3333 7566
30 4461
6511 1425
678 9358
2713 8518
6447 9159
6648 2332
3947 122
726 4645
6507 468
1518 9662
2467 5661
9363 5728
5947 6482
1361 8593
452 553
1254 3310
5887 1906
9672 4478
6630 2560
8314 8022
9185 3749
5767 3830
7538 2295
6320 3289
7596 7943
1443 8462
6552 6669
7472 668
8764 3051
5961 1542
3222 3729
4275 4918
6656 4992
7911 756
7489 1876
6060 1402
3329 1632
1800 2168
2201 8010
1943 9828
7036 3914
5481 3724
1033 8136
612 4713
4036 588
7450 2097
2656 8285
4801 9021
9234 9352
3966 304
5080 370
4002 7932
3025 4681
5544 6282
877 344
4078 1713
5340 4848
3669 4798
8342 1716
2291 6363
292 2181
5133 8943
2927 3105
6518 9418
59 135
627 1741
239 7
85 2067
6673 3769
6455 7211
8265 7490
9545 5489
8950 3684
6284 2877
7228 878
6682 665
6738 2266
5920 349
7299 5780
9399 855
7832 611
9595 3237
6030 4372
6643 8455
1658 9646
5508 7879
9189 2119
5432 1711
3997 3309
6479 512
5681 6483
1792 8919
3477 9141
7512 8458
2387 1142
3477 5052
7440 6905
1557 1421
1487 5729
4172 1200
6323 4082
2596 3840
477 5954
2518 3993
8402 4605
5465 3336
1903 561
9550 9829
3707 9206
8967 5368
3053 5767
5898 5889
4085 2137
1488 5340
9741 7089
5790 738
3170 6139
1976 8598
9696 7749
3903 8261
821 6037
8077 9685
8596 5093
5143 9646
7551 5947
2349 8340
6041 645
6104 8416
804 5021
1443 5937
4563 2089
4710 6285
7334 8235
1712 3460
9951 3140
4820 1767
1904 6992
5134 7708
4609 136
3278 3353
6668 6474
7571 2706
6080 5127
7774 793
4260 3377
8945 2187
6486 3604
8234 9346
5586 9233
9282 8607
1731 6033
7111 1263
7132 7563
899 250
6405 6793
6684 1766
9286 5319
6851 9162
8581 1087
9952 8251
4080 7350
9695 4938
1629 8524
7943 3125
2901 4225
9934 4474
2484 4949
2561 5834
1097 9061
1920 2849
5329 9901
5357 7097
8052 6825
6500 7864
3712 3158
2227 9082
6138 3231
1556 3847
643 415
9122 5365
8426 7042
9751 226
9880 8284
9029 4861
4985 7135
2059 9094
845 3048
7392 512
364 909
2411 7122
5557 4305
8405 2303
2073 3286
8891 968
6957 7696
7371 9685
4873 4825
9267 9421
1222 5834
7413 301
4142 4880
6835 929
4043 5757
4344 529
5497 7143
7268 8042
5999 7689
7159 8909
2325 1464
2854 6336
6405 7574
8079 7119
4301 3635
1064 9380
644 5129
4475 5003
7190 8552
7212 5615
6979 5064
2520 5833
366 8282
9824 5020
8747 325
4765 1841
3311 8317
2931 3800
5393 404
8231 9150
5051 492
3298 8203
5500 9521
1009 868
6396 4369
3003 1220
5199 9931
4421 62
9730 7063
3744 5800
5706 5411
4470 3179
7756 1430
3487 8916
568 767
7288 7993
6839 3512
8822 8492
5997 9405
289 1306
5023 5616
4830 6928
934 2973
872 3764
1677 9337
8907 7215
8250 9600
8158 7945
5451 7078
5732 636
7357 1040
4679 789
6291 3421
3595 9463
7159 9700
7656 3400
3068 6578
918 5402
5868 3353
454 8097
6894 1386
1899 452
646 1529
9148 8871
748 5656
1992 591
140 6496
3278 6121
5747 435
1446 2507
5544 578
3330 5627
8988 3211
3840 4667
73 5986
8305 5309
3549 3934
9143 6851
222 9062
1238 8495
371 5015
6982 4300
6690 3755
2860 3958
2215 9644
7183 5809
8830 3068
4897 5271
7173 9220
8143 5281
4276 5727
8807 5703
1832 3412
5140 7885
1570 6587
181 6736
8761 1086
5656 3323
5221 7708
4720 4907
5432 5513
4452 2881
6709 7139
4017 1885
4354 8497
2812 9588
618 4914
6561 447
7447 1900
1883 4292
972 634
2071 9018
3964 8546
4240 9732
3918 1791
6037 9303
2042 8090
2323 2354
639 3065
1199 9045
7711 8828
9911 5089
4649 2948
9935 5526
1883 4540
4671 9412
1494 8683
3725 8618
359 6056
4635 9810
881 1627
2989 8092
1938 9763
5992 6261
3861 3492
5659 2509
4134 7108
6128 7828
837 5284
8503 9981
8775 333
5087 9
2111 9314
8457 3556
8025 3226
1708 6013
1152 5084
4009 604
5006 1897
8160 7448
2441 2096
1526 7013
9259 9965
5964 9033
6412 1438
218 147
6780 3730
5548 4768
8684 7368
7114 4196
6318 5916
4009 4117
3733 5724
163 1131
1632 131
2299 9964
9596 377
888 5196
1227 1894
2226 6240
3213 3534
7715 9222
7034 5573
4446 1359
5326 7758
2516 7016
3053 7702
4590 3562
7421 8652
6535 9506
5249 3031
4147 3909
597 1766
3434 3752
3024 1468
6975 1126
782 5840
6751 3119
1109 5561
9412 9011
7754 3403
854 7530
6819 649
2004 3004
6112 1401
3291 6826
474 1908
9167 3520
9959 9338
4168 9991
8894 4086
8814 4523
7812 1530
6498 446
795 852
5447 9750
8014 8358
9167 6559
56 9156
7094 2800
7408 2133
6279 5766
3237 2538
3870 3618
3064 3636
2653 327
1093 5520
4871 2110
7341 1785
2588 7683
717 3423
2531 1010
4120 9360
7703 7169
246 4634
5620 208
9982 8789
4695 5493
4154 8857
3466 9897
3690 1215
8208 7722
2845 3975
489 9019
7298 5562
8019 245
3701 6530
8442 493
3216 5769
7537 1133
8493 2653
5943 3641
9185 4735
4912 9765
6725 692
9928 4528
5920 7245
2250 7126
3991 1665
4142 7834
7613 642
8374 8221
8437 424
9116 9200
4603 4112
821 5836
7062 5363
7219 7073
410 6152
4828 8044
9960 2941
7168 4178
3203 8295
6000 208
4847 315
1147 4467
6806 108
2444 2833
344 2220
2462 7975
7559 4766
4510 3366
7632 4767
6434 1390
6807 5159
9648 5223
5477 2177
5163 6713
9100 1192
429 6686
3014 8602
6363 7055
6703 620
4688 8959
4774 2504
6306 2823
2395 2252
8105 637
2000
73 64
45 86
73 50
44 51
53 23
65 87
57 67
16 87
86 8
57 63
94 44
34 33
35 61
84 89
84 74
59 46
75 11
55 84
15 40
94 32
74 21
95 21
25 88
83 45
100 63
36 93
80 22
75 72
47 57
10 52
88 5
45 33
28 7
54 36
41 9
90 55
78 28
8 97
86 52
17 39
89 41
23 49
3 39
43 93
50 95
39 13
73 64
48 44
24 7
48 75
29 87
23 74
70 33
58 50
17 92
68 27
62 41
17 60
81 29
74 75
1 76
47 58
92 54
59 25
62 46
97 68
10 74
44 52
25 59
67 88
55 23
40 1
18 82
53 59
15 67
28 97
28 46
86 62
71 50
48 99
87 40
55 60
52 49
9 80
13 25
58 33
36 83
35 23
73 72
4 41
6 21
86 62
27 36
9 60
62 2
69 43
100 89
54 57
67 62
55 46
44 11
80 37
83 17
97 6
100 95
40 34
48 52
43 8
13 95
61 62
40 52
19 35
17 29
35 100
47 46
94 67
89 28
98 25
37 39
11 25
46 56
49 78
77 19
85 98
59 5
94 13
68 81
46 64
87 54
20 7
6 25
38 100
66 98
84 67
22 80
80 87
97 1
26 71
32 49
57 41
31 59
47 69
67 7
14 4
35 86
36 31
97 41
54 69
49 74
81 71
35 82
39 51
4 96
73 62
53 16
97 52
90 32
70 46
47 53
100 53
59 71
52 59
1 62
10 21
97 76
14 76
54 15
53 21
99 37
37 49
71 61
62 25
32 47
98 15
91 51
13 39
48 36
18 17
80 89
28 3
24 23
64 43
56 21
31 49
17 23
31 64
50 27
72 7
45 10
69 31
69 83
27 21
98 75
50 62
70 71
97 54
25 15
68 85
55 18
11 53
2 87
58 10
75 16
86 17
18 34
83 43
49 58
32 95
100 65
82 28
20 59
14 61
89 39
72 39
60 74
87 50
25 18
34 26
36 59
28 11
56 84
6 29
10 38
25 85
23 55
44 24
99 73
43 58
12 17
22 2
2 32
14 27
62 15
98 97
14 74
34 97
43 51
75 45
77 17
19 77
54 15
72 30
56 27
30 74
18 16
53 82
39 47
11 35
16 61
12 6
30 41
29 29
83 53
68 52
44 91
89 88
76 34
30 6
20 42
35 17
72 60
60 54
94 86
22 60
18 20
42 23
21 49
17 64
67 79
79 35
84 35
13 86
94 68
18 26
61 12
98 16
52 61
74 22
69 10
40 2
51 99
80 71
89 19
57 83
57 46
54 26
76 12
36 95
47 22
75 56
45 8
28 24
56 35
61 49
89 42
40 54
43 87
61 51
58 78
95 76
74 37
77 24
45 85
22 12
65 73
80 60
68 20
20 26
65 6
45 45
86 61
72 1
95 7
60 95
21 38
16 12
78 67
4 8
36 41
47 4
95 58
53 1
100 92
13 68
50 34
77 70
16 58
13 66
81 2
98 8
57 79
8 22
98 29
33 79
8 66
39 14
9 93
11 18
68 68
21 55
21 39
23 71
25 18
8 13
93 34
24 33
76 44
40 8
77 91
96 55
32 20
70 52
41 13
55 29
62 34
89 49
48 39
29 26
100 67
93 72
66 5
10 69
71 83
88 13
78 69
78 7
4 67
57 86
7 51
76 11
41 55
52 16
68 87
9 72
33 89
46 32
31 75
61 82
96 87
22 35
50 78
66 35
11 3
80 34
1 40
42 19
71 50
60 86
81 10
31 46
1 98
50 91
13 53
42 97
73 18
40 22
19 75
22 91
29 72
16 71
26 34
57 88
11 49
14 79
68 43
85 4
64 60
59 3
10 31
87 64
78 6
60 34
33 45
99 99
49 60
92 3
7 56
83 44
76 45
13 93
71 20
10 37
6 20
2 74
38 90
100 22
7 65
88 8
74 74
48 10
90 54
40 37
12 92
5 97
20 12
63 85
73 49
87 46
2 8
94 100
89 4
51 71
94 68
55 88
45 33
2 77
63 70
25 52
55 20
13 99
89 92
49 27
54 93
77 96
29 28
89 1
43 98
23 33
18 83
78 14
26 12
5 94
31 53
48 23
43 70
96 6
6 49
4 77
3 40
42 70
4 19
5 22
21 72
64 4
16 56
40 48
69 45
38 30
100 89
97 79
71 31
66 33
26 90
48 33
58 54
50 42
16 32
64 70
68 28
77 6
71 13
21 51
97 30
17 88
8 79
17 54
39 22
59 17
74 83
78 48
1 25
36 65
20 39
28 87
37 90
38 24
35 37
87 66
45 37
85 92
12 51
53 56
29 74
78 90
66 75
36 64
62 78
39 5
50 78
93 98
84 42
60 17
2 19
57 27
45 72
91 25
2 71
34 89
6 6
11 67
63 26
68 37
87 27
19 62
38 16
93 33
50 56
50 77
23 69
18 3
80 40
12 45
14 15
41 40
96 6
4 47
21 68
71 78
55 55
98 81
19 50
73 96
39 77
47 85
91 71
86 52
64 44
6 11
65 44
95 6
67 18
23 25
85 4
2 69
2 93
89 14
15 25
17 71
48 9
51 34
31 8
98 84
54 91
100 30
24 75
36 71
69 32
66 50
37 47
24 56
12 36
33 28
96 69
17 3
13 91
38 44
92 62
16 33
42 70
54 16
88 19
96 27
3 77
99 58
20 42
80 61
10 5
21 55
94 16
54 20
73 45
25 85
78 54
34 75
72 82
16 72
78 83
47 3
29 86
55 63
34 74
3 26
96 42
86 4
21 6
62 32
8 92
17 44
75 52
77 37
53 90
87 37
24 30
89 69
99 52
56 77
21 2
75 66
59 13
62 72
56 8
21 54
57 96
83 96
15 45
91 51
6 41
57 65
87 67
69 78
69 40
91 9
83 95
9 71
8 27
89 96
53 18
28 42
47 83
73 61
66 66
72 69
54 100
3 47
78 27
59 11
83 85
86 83
26 9
90 1
99 21
52 43
91 11
28 93
14 13
39 66
62 30
53 13
23 72
64 82
84 64
90 52
26 42
24 2
33 58
23 99
70 85
15 36
2 99
84 26
100 53
52 74
96 50
2 26
77 19
50 99
58 99
70 41
55 11
37 91
59 76
50 19
89 50
46 89
47 86
33 7
48 37
39 15
63 53
97 89
47 86
65 100
73 38
19 20
74 56
63 65
17 83
1 18
48 92
72 74
41 83
87 26
91 11
71 23
27 16
59 96
93 49
46 29
70 19
94 72
21 4
73 50
94 32
52 21
43 39
76 44
12 77
55 46
61 57
9 84
37 82
52 60
23 85
50 75
74 89
57 2
50 93
18 14
88 89
17 57
19 40
17 63
13 61
19 64
71 62
16 65
65 93
3 30
96 13
15 5
13 90
48 13
33 43
27 81
50 49
24 74
91 100
71 65
32 3
88 10
30 40
90 28
76 10
23 88
34 85
62 34
58 10
11 92
48 44
13 72
13 30
60 15
99 11
41 94
82 42
37 45
36 55
87 75
39 71
20 43
53 58
54 10
22 44
40 76
26 40
7 2
7 34
66 14
42 23
50 19
15 23
76 9
4 54
50 3
84 83
86 87
78 43
82 51
5 36
75 89
91 67
9 19
59 29
57 99
95 55
7 31
34 90
99 18
60 74
1 5
4 65
92 3
96 58
45 2
92 22
68 52
49 84
86 44
20 9
48 47
78 80
58 24
32 57
49 90
98 93
71 86
71 21
18 76
48 67
57 17
95 63
77 31
14 7
33 69
6 68
81 24
87 44
30 15
11 5
66 79
79 1
86 63
83 29
20 24
52 4
46 97
27 17
45 31
67 89
96 50
94 23
22 60
51 57
43 52
9 45
63 33
18 46
61 6
86 32
46 36
85 25
30 7
57 41
80 53
2 98
50 49
77 93
82 53
42 27
36 14
61 49
42 20
88 60
59 38
28 50
65 15
18 54
58 75
49 73
46 44
79 23
98 15
31 30
92 25
91 32
55 46
31 71
20 86
25 88
46 50
38 50
49 72
90 34
59 40
70 76
48 46
64 72
28 32
69 52
64 30
81 11
86 30
4 35
54 91
33 92
86 96
28 58
53 43
24 33
59 21
81 8
58 41
74 83
78 22
61 39
81 64
50 32
73 50
49 64
87 14
88 99
62 34
5 57
83 94
8 74
63 37
96 35
56 20
74 93
92 40
80 79
23 66
76 56
98 48
93 84
41 99
40 91
17 57
18 23
46 58
85 22
86 59
88 36
35 80
33 9
89 6
54 6
32 28
85 31
33 65
73 51
65 65
46 50
97 91
86 69
7 64
88 75
33 35
55 34
60 27
14 39
58 36
2 36
65 77
41 57
10 53
2 39
73 30
37 6
51 68
30 80
99 27
28 3
50 62
88 78
52 83
11 60
76 68
91 48
7 49
67 6
56 6
77 2
82 51
25 64
23 71
89 7
28 83
84 72
35 58
78 8
48 30
36 70
54 32
22 87
63 5
57 33
62 69
11 93
100 25
93 84
24 76
2 78
16 68
25 21
51 39
76 43
3 29
10 72
61 13
40 91
30 69
3 61
97 47
31 67
23 50
5 27
54 54
84 8
16 1
85 33
32 87
42 70
24 87
61 1
35 34
41 36
88 51
33 65
35 40
73 88
90 9
98 20
8 51
61 6
4 27
3 26
70 78
4 77
57 8
92 36
47 73
47 18
89 70
16 77
32 48
43 96
53 10
50 66
2 53
26 41
62 80
81 19
50 18
35 79
33 12
79 64
24 23
80 83
86 27
42 1
97 21
52 95
47 53
71 7
24 50
64 83
25 9
4 62
7 99
45 64
34 31
97 97
8 28
9 69
79 71
43 31
18 37
28 1
82 21
44 69
3 80
53 83
31 84
96 75
33 65
18 27
5 44
54 59
25 44
84 8
5 64
29 55
82 86
7 88
33 20
34 57
76 39
69 69
38 89
46 31
39 13
54 4
35 77
71 73
24 90
50 43
56 65
53 20
84 49
67 8
86 76
66 38
32 62
49 90
41 22
24 13
3 29
36 33
36 26
36 1
16 87
90 55
90 91
61 18
1 47
36 98
4 24
64 43
81 37
77 22
52 25
96 57
30 14
63 39
10 88
41 16
75 6
40 52
33 26
17 86
51 53
63 18
50 61
64 85
77 78
10 62
18 98
58 52
23 67
25 96
74 85
61 100
89 37
3 8
72 54
90 5
41 53
45 49
8 20
29 67
85 9
83 91
100 40
20 32
42 87
87 7
96 48
37 15
78 66
22 90
32 40
69 38
96 72
33 47
49 70
82 12
62 28
41 37
15 60
78 93
93 78
29 95
87 93
69 29
54 83
57 49
39 27
88 73
28 97
36 63
80 99
21 24
70 92
41 39
94 67
72 81
59 81
71 11
94 31
57 18
6 91
86 94
62 39
18 73
2 39
3 93
19 88
31 16
76 96
39 6
77 23
79 93
32 10
70 49
66 97
14 75
30 21
82 8
89 50
4 91
53 91
83 73
97 87
55 95
31 55
9 88
87 60
49 43
29 99
56 38
91 64
77 91
69 45
81 10
45 70
68 8
44 20
5 16
88 68
60 30
27 56
26 14
56 13
19 51
69 49
17 37
73 9
86 12
100 23
57 4
72 7
32 5
3 66
66 25
20 14
17 2
25 99
52 74
63 16
78 21
27 16
72 93
14 7
47 86
51 48
44 33
87 47
32 77
96 43
28 77
44 78
83 82
93 14
24 70
81 91
20 77
4 34
6 64
98 1
11 83
12 43
70 61
53 85
62 56
93 45
21 13
64 60
81 80
70 56
33 22
45 75
90 20
13 70
81 49
1 11
55 87
96 68
88 14
99 91
64 45
69 21
15 77
92 93
6 30
8 13
100 7
75 44
51 45
62 9
28 67
23 57
45 2
18 54
36 94
50 67
92 5
22 97
31 24
33 1
46 62
99 29
29 75
43 50
19 77
13 57
31 6
48 35
4 80
91 73
72 57
43 53
35 43
66 92
42 32
26 86
96 62
22 33
74 33
57 34
99 100
41 74
82 83
96 2
59 46
55 85
21 23
24 76
24 17
35 55
78 14
37 26
52 81
12 67
81 60
69 26
94 3
1 81
12 2
19 52
18 11
29 21
58 65
30 93
84 59
1 68
38 11
69 93
5 90
73 78
62 75
13 38
1 14
74 11
67 75
87 11
27 21
79 84
83 78
43 73
44 62
59 74
37 47
58 55
76 58
59 52
1 28
84 94
98 95
100 84
12 84
41 51
94 7
83 78
99 2
87 32
54 39
17 84
68 87
9 44
19 72
89 77
71 75
63 26
61 70
10 57
73 84
6 52
94 54
54 14
64 13
76 28
80 67
73 22
7 21
66 73
15 31
80 10
77 14
66 60
83 44
42 66
74 58
9 61
64 76
3 45
54 55
52 57
7 57
1 92
37 32
49 19
65 67
39 86
39 60
16 17
38 40
29 42
75 43
87 43
75 84
27 55
5 75
90 83
31 22
32 9
9 78
41 18
84 81
29 67
40 25
11 54
94 56
52 58
67 96
31 25
80 79
50 21
95 14
71 50
26 42
92 82
54 97
70 70
57 98
1 24
13 67
4 39
76 71
51 59
80 83
67 2
12 11
92 66
68 52
26 9
9 21
42 42
9 34
57 44
24 79
37 14
63 98
83 33
96 19
55 89
9 7
8 1
8 4
47 72
24 56
21 31
57 16
96 45
22 46
46 82
55 1
25 7
35 24
73 29
91 14
97 36
52 35
96 34
38 77
21 63
53 96
98 33
86 48
58 89
90 61
21 57
66 34
21 54
36 42
16 71
89 58
23 68
71 74
60 18
58 63
2 45
30 79
23 91
54 40
61 40
5 75
62 97
9 56
32 51
15 67
83 96
34 1
39 9
64 32
32 95
99 70
22 75
31 84
70 63
30 69
22 26
44 46
82 7
90 88
19 13
62 85
52 2
7 78
94 5
15 28
64 36
19 49
53 87
6 24
75 57
9 36
56 96
61 20
76 42
5 41
52 41
21 52
27 63
3 17
69 27
33 63
87 18
31 17
3 76
30 87
30 95
50 25
83 93
70 51
28 86
86 54
7 8
6 19
93 6
9 56
13 74
73 93
48 56
74 15
26 82
3 10
81 15
93 18
98 86
64 66
19 81
99 29
4 82
54 1
92 71
30 44
46 9
84 70
31 31
53 17
66 1
32 52
85 26
83 17
89 3
23 90
8 66
34 83
80 3
81 53
16 79
48 85
85 43
5 10
30 26
77 1
5 92
77 35
12 39
29 43
16 41
86 59
26 63
56 25
45 78
36 83
37 10
2 45
19 40
83 48
25 100
94 55
58 31
1 76
100 15
2 100
96 73
62 76
37 14
28 57
20 24
63 68
69 35
60 24
6 91
69 66
51 41
28 78
90 66
100 12
58 34
79 40
27 95
2 5
28 86
14 82
10 7
65 99
44 2
75 55
47 82
31 1
69 34
2 64
70 11
13 24
92 26
62 99
99 46
48 46
67 26
42 58
83 90
55 66
96 19
12 75
54 72
24 45
62 14
52 25
55 37
46 81
66 52
66 25
19 28
6 77
63 46
7 2
5 79
84 25
80 46
32 36
33 78
63 94
97 64
78 66
93 39
75 7
99 68
75 13
28 41
28 43
77 38
85 58
15 95
2 14
94 83
72 16
52 63
20 90
63 41
51 7
54 13
24 27
54 78
99 89
20 8
82 46
85 32
66 24
75 92
50 19
16 62
37 9
75 35
77 66
16 92
60 13
64 5
21 33
11 57
92 26
86 21
82 30
32 1
76 32
74 42
69 32
65 12
60 5
74 29
78 22
25 5
54 7
4 33
13 37
80 68
5 71
37 12
98 22
4 16
78 48
98 56
88 46
62 5
6 39
55 25
24 67
85 63
78 93
57 78
26 75
18 38
69 86
34 76
22 56
9 47
83 31
39 51
44 98
26 44
29 89
44 73
25 69
97 49
86 5
88 60
6 65
55 52
93 84
90 7
47 34
29 84
56 93
55 37
38 91
51 35
39 28
48 68
66 44
75 82
89 65
13 55
80 93
21 40
4 95
83 93
22 25
75 42
90 15
96 95
64 17
97 58
57 21
65 87
18 39
5 77
13 28
75 21
32 81
14 29
83 12
53 74
58 81
24 11
89 5
63 52
72 28
16 96
1 17
50 97
87 98
47 88
14 46
54 19
92 42
21 67
36 92
35 95
28 62
11 22
64 26
47 92
65 63
34 100
18 56
100 94
30 63
72 25
63 18
4 71
34 24
33 65
66 4
46 23
78 41
35 83
95 82
49 15
57 23
21 76
92 73
84 41
61 25
89 83
57 79
82 85
99 33
49 65
33 43
80 49
25 10
15 20
85 75
59 80
15 52
25 17
6 75
97 74
68 58
64 90
100 100
66 6
85 53
4 20
30 31
35 39
70 37
32 86
61 93
48 52
94 6
79 55
33 24
96 100
47 71
67 38
31 72
57 26
7 27
13 61
26 59
20 76
43 48
96 35
100 46
1 96
59 89
61 23
49 87
87 16
74 93
26 53
29 1
38 33
96 31
55 3
65 77
3 47
30 93
7 32
88 26
29 43
2 15
63 83
41 30
23 85
30 3
74 54
83 58
31 69
70 13
41 68
17 62
3 26
68 87
21 18
60 11
2 88
49 94
98 85
77 96
51 63
81 49
64 94
28 88
81 58
93 10
73 26
74 13
91 76
3 92
89 29
8 20
4 32
17 11
100 42
89 90
25 98
39 42
21 25
42 45
97 44
34 23
12 19
83 100
45 39
71 56
43 44
32 28
37 77
29 51
78 8
29 99
26 93
84 51
19 32
41 27
23 26
81 38
53 30
24 98
42 19
4 32
9 4
19 45
21 73
42 48
88 72
90 63
28 41
29 55
25 3
44 2
9 44
31 96
25 79
81 7
14 4
16 85
75 36
72 69
24 12
70 72
34 36
18 87
79 13
60 45
26 30
