1000
6373 9092
1946 1118
1942 6120
2928 8746
1291 1398
3385 5271
6287 2308
7568 7104
5439 880
6032 1695
6340 2926
6975 9458
9315 9398
310 2126
856 2008
9745 6397
3033 3499
6892 6630
2647 9410
9505 7022
7301 5645
8869 4810
9244 3853
6308 4698
3914 549
8214 9415
3769 2045
2253 4602
4643 3658
5522 5805
8802 4243
2567 8507
6425 489
5759 8836
9226 8631
5007 772
8905 4137
4646 4873
9265 3435
959 7244
1850 7945
3883 1885
9193 1635
3277 1620
9979 3940
5843 2250
7608 4880
7036 9413
9399 2384
6661 7792
9173 5380
7059 2256
7297 9918
5336 3799
8397 8629
6561 7372
9853 6716
7137 8295
5085 6291
7257 7333
8034 1811
7912 5894
6692 7398
2138 7603
7540 9544
5806 810
9006 7754
3232 1140
9321 7404
9372 9656
7350 4722
5214 7636
3893 7743
739 2474
5775 7294
1461 8273
1149 4786
9042 584
9478 1989
2318 6728
5456 5964
6673 2338
6986 370
9729 1752
6056 6330
6889 387
560 2658
6305 2252
4704 3781
7359 9774
7530 5702
8364 1210
2969 7641
1531 8755
6544 9134
2878 2942
7804 6796
1530 5878
147 4811
4883 7323
9175 2767
773 9870
4980 6662
8818 2924
607 7133
6184 5194
4158 7097
7574 8909
7922 2300
8768 8651
8069 4354
5533 4333
6837 2084
6910 7447
184 3252
7125 6025
7924 4360
3154 8395
8800 5548
1255 2968
9026 2602
1997 3076
5099 3945
6067 341
3931 9082
7824 7420
4481 9408
8001 9536
9474 6579
4080 2809
2521 9273
2623 6611
1034 3789
6540 3606
7969 1433
415 7020
5059 9429
4385 5126
2113 3390
9550 6137
661 337
6253 2319
4897 2053
1524 4050
9198 4282
2528 9551
3128 6579
4010 2722
4707 7403
3568 7444
8487 8847
8688 7755
9510 2854
1782 5690
7141 7902
9756 8175
4383 2309
6805 7654
7982 5400
2643 7744
4338 2620
1136 9439
6712 3772
2297 8481
4857 1215
724 6850
6804 3351
1687 8841
2801 2265
8724 8955
9493 2765
3254 3718
266 4815
1494 5938
6621 438
5982 2487
4422 4122
6199 3668
2640 8466
7331 2523
4238 1398
9630 8315
3067 8688
7225 6306
5915 1532
6731 3407
9538 861
6532 8941
3170 5386
872 5417
3900 9264
2191 2887
3372 619
938 2560
9870 5059
1819 3950
6686 3109
2438 7533
9958 7145
2019 406
9657 6465
787 8468
3264 3922
6244 8169
4096 3040
4491 5047
6057 118
3740 1304
9429 52
5887 5669
2579 3004
6583 2104
9719 7709
9785 2233
9325 5831
2959 1662
9289 3982
9107 4845
6567 8339
7660 9646
8758 2691
1134 6501
9325 4078
2371 6173
3313 2085
9684 5783
4474 6366
3785 927
4159 3049
7912 1896
6114 7550
9441 4625
9854 4310
4882 6124
2522 205
372 2829
5304 9572
3264 9523
3376 2229
3540 5933
1952 4742
5135 8232
7789 809
9965 578
2785 4341
6809 8595
801 4407
8995 6852
5947 5388
3059 6408
477 2311
8361 2421
2168 9027
6850 4477
1466 4557
7871 9066
513 1496
8559 7914
8261 7525
2157 1519
8943 6548
1392 7673
5580 909
3547 2870
1286 141
2666 8339
3268 554
1711 6032
3534 9365
3861 140
7524 4153
3512 8747
9732 9990
1955 1540
2605 3497
6288 369
4537 1722
8412 8947
9125 2027
5933 9040
7736 6841
9691 563
9009 8373
6459 7303
8259 6470
9046 4488
6677 5948
3286 5352
4331 8843
690 3947
7813 6700
2423 9601
4518 2686
7245 8704
9453 4683
2312 2112
3904 1623
2829 2912
5701 4604
7480 5761
7243 2407
9658 9673
8696 9118
5848 9841
1999 1739
6947 1734
4069 5927
5280 5019
4463 4709
9886 5239
4612 3234
2475 6156
993 9332
2579 7840
7202 7322
1366 4662
7343 5323
5673 3350
7616 524
6108 4963
2593 2789
5158 6662
4749 2993
446 6098
8514 1754
4798 9079
6796 8177
1913 3667
1699 8285
915 5363
9322 9316
8405 4777
9967 3275
4728 6998
6928 5012
3672 1918
1265 8824
2053 1497
2893 6812
6271 9933
1924 9354
3996 6395
5118 9014
3165 664
1664 3711
2805 354
2718 7522
748 2616
4830 7541
6657 1119
2195 386
8480 5723
1866 4698
1717 351
249 2180
9864 5093
6384 2493
6720 9787
5670 3267
8355 9153
1118 3510
5546 4501
7024 5802
9705 7104
8083 4037
8771 40
9869 9847
2845 8780
9834 4950
3384 2417
7581 3778
9186 1929
7119 7073
6267 5998
718 8682
2379 1169
1146 8796
9431 7095
9371 543
9038 591
5594 3074
8723 841
3402 2273
269 7285
6206 4630
3755 6828
8118 2675
8674 1144
1174 9480
5144 9305
4002 6629
1479 5338
1319 7756
3760 9101
5847 1822
7986 4507
234 4094
6038 3139
6399 6386
2520 4180
1833 1300
6867 190
4315 6946
6475 1830
5447 2801
185 2481
6710 6978
6531 792
6775 7105
5124 8650
8435 7151
6395 5424
8022 4030
6548 5920
5923 7284
9821 6313
4427 249
4664 1194
5659 129
3535 8496
7745 5051
3846 6146
4954 1400
186 7584
778 9846
7954 7063
6807 5502
2422 5388
6798 1560
8167 2255
4507 9001
1448 6685
8494 6574
3238 6500
8395 5911
7114 9149
4481 5614
776 4089
4150 5116
1518 6591
2368 386
1666 9336
7064 2426
4357 8590
2391 6549
4559 3814
2893 3
2373 3035
8983 7728
8477 5948
3368 9210
9667 945
7806 6425
3368 4612
3473 4132
8778 4898
2643 3984
4785 3442
916 478
9324 7485
8214 3357
1804 7493
1512 4526
7326 6207
7578 1838
5218 1045
8216 7075
5153 110
4369 6045
5148 973
3025 8589
8438 1023
6890 1262
1748 9901
3395 1796
4592 1961
2295 6263
23 4374
1708 7846
2306 1672
6164 1734
1329 3498
7866 5059
8540 9863
2482 1186
3327 5925
3076 9181
415 9193
3737 2212
882 8175
2575 6823
4252 4492
9519 4758
6010 1238
5213 7032
7574 4470
7016 9973
1150 6204
6167 7098
7942 8986
8152 7264
2501 1837
8943 9298
3811 5459
2277 1623
8696 9462
507 7301
2867 4258
2368 3240
1517 3401
2725 7627
9924 6319
9727 785
9032 2993
1792 9316
9865 7249
9567 2102
3153 1857
3390 5881
7372 8543
7483 3593
2679 1225
13 4180
35 5194
7814 5261
6161 5787
5883 7768
5049 5623
8202 4142
6736 6878
7077 7153
4703 1967
6327 8839
4465 3813
1456 7495
5061 9070
9674 6065
4510 1931
1219 6880
4962 3459
9938 5278
694 4628
4183 4456
6982 6463
9572 4843
9552 6496
257 2705
9187 777
421 8280
1921 2451
6852 4310
6781 8777
3699 5727
2689 9166
2692 4116
7398 6287
9020 4546
1171 7684
508 7868
2386 6732
5751 2587
6209 2836
2687 1451
893 5130
7003 7050
2604 1651
3446 7780
6903 9773
5599 6332
8362 2801
3621 1084
9290 8430
8912 2192
8984 1384
8917 256
8541 513
293 8573
9769 9279
1730 6603
5342 9321
52 6639
7336 3123
3414 4930
219 6813
9287 9464
6285 8807
7380 5008
4564 35
1045 8605
32 5120
1112 4721
7827 5689
6285 1438
9765 3657
6041 5310
8723 3715
2125 4478
8874 779
5063 7630
65 9719
5172 3269
1234 6480
307 5682
5395 6965
3241 9358
6430 2274
6917 545
7463 878
5247 8232
6562 5930
6155 6271
7628 1812
6709 8842
462 7419
6883 7640
5526 9490
5996 6565
7402 425
8475 1166
749 8893
9037 7365
2717 6535
3193 5329
1750 6256
9369 1655
1171 5985
3315 2655
8796 3706
8573 8941
2065 1265
9261 3849
6459 4000
7894 7042
3223 7860
1751 1678
7559 5871
6805 146
1210 5823
2749 7198
8631 3048
4468 2512
629 2993
8664 2347
5955 6066
6693 8425
4899 4752
9400 2492
9804 9323
2249 792
9566 8277
2075 2039
6359 9215
5870 8032
1934 9502
405 2934
5365 3873
269 3829
4591 3900
9587 9544
9300 26
5512 5727
6538 3060
984 470
9788 6305
1705 7884
6487 7599
822 9199
1283 9530
1144 619
8026 9494
6675 5449
9607 241
1310 5689
5336 3395
9256 351
3418 7802
7919 7231
6263 6675
4663 2019
7338 7986
6967 9052
7122 7195
6640 2149
975 8865
8862 1552
1703 6436
3967 7036
4549 9314
6904 1065
6998 2838
1159 655
2270 1578
3308 8530
8813 6641
4384 6507
8592 3161
3827 5123
4014 1316
6654 7233
5543 6205
4143 9204
1149 9569
8335 3372
421 7119
2743 6609
2730 8864
7810 3380
9849 667
7004 8827
2004 5185
2384 3564
4068 9855
1285 5064
2121 5548
8054 7205
9075 2535
5934 4339
4974 3230
2312 1302
4087 7288
465 5750
4409 5939
8136 6738
467 7418
8367 358
6347 2029
3616 9447
6408 7259
1501 6318
2349 9701
6703 631
2344 7501
6768 1119
9549 8047
8958 1230
5580 6669
7308 2457
1541 7523
7829 759
3822 5932
2983 4170
6810 1048
5178 7193
5010 7780
3580 5193
4525 6503
3020 9245
5955 6472
404 5004
4639 2792
7578 3278
3823 4949
4858 9813
4796 3699
5304 5977
3675 2185
4065 3816
5482 5459
5426 9803
4651 3590
3422 7174
3606 5333
2278 3008
6828 8368
3693 7082
3267 448
8726 6349
4049 1729
8970 3888
339 5405
1150 2628
575 5520
3296 5227
3404 3326
954 2763
8157 2390
8328 7653
4229 4100
5200 5075
3993 1184
1547 4402
2969 5178
4244 4501
526 1575
7593 7724
7180 8481
3177 8068
7279 3837
7860 4886
7628 2223
8400 6273
3230 9934
5417 1016
4319 5555
7423 4350
5143 2551
7668 6059
7269 4669
6502 7873
2307 8979
3472 5637
1349 4224
75 4486
9007 3881
7652 7963
3891 1042
4011 8486
6275 4824
9576 6671
464 4947
7130 1124
2554 6146
1996 4320
9115 3804
5959 2127
7188 9546
3550 2796
7298 5977
4198 3644
4078 497
1065 5189
697 6045
4504 4242
4898 9314
159 1510
5575 2917
6133 7850
4618 1967
1182 2735
9938 927
2948 7076
978 8941
9679 3077
7399 1119
4930 8565
7807 2133
4861 2957
6092 9227
111 243
3232 222
7975 9123
6600 8390
7878 5283
974 6115
4203 6632
277 7049
6416 420
1863 750
2939 550
9528 9031
2176 4896
837 2843
5462 4028
1484 7348
5476 6072
8336 4408
1072 7563
8864 5000
179 5365
8686 8085
9685 8852
4710 7890
6530 6795
9706 7671
9419 1523
3861 6173
9377 7933
9794 1787
6337 5391
4361 2470
1746 9431
8196 2197
2690 3903
6888 5236
5552 865
2124 1207
8904 1170
4993 953
8997 2986
1708 7969
6228 5081
3444 5446
5861 2162
7739 4403
2348 1484
9371 6028
6563 1375
5456 3866
7886 4548
327 873
4851 1327
471 5717
1142 2537
2392 8196
5286 6602
2479 5581
3152 3547
1561 3109
2097 7608
7450 4771
6253 8215
1010 3412
9156 8836
5045 5029
8113 8561
9041 6246
9464 2811
8147 6711
9132 7514
6989 6653
87 6645
6652 166
6177 487
3934 4050
1129 7221
5203 7687
8622 2658
1530 8258
4379 9223
2262 5470
4565 1082
2372 978
1110 1724
1278 4330
7555 8369
575 5444
7948 3751
9542 3885
7572 7377
5069 3989
3321 5814
4736 5682
6550 6196
8121 1689
7792 2539
5172 4293
8217 8109
4306 5448
5598 5097
721 7041
1744 7194
9056 5198
3176 1586
4743 3085
6899 5226
8722 3191
4666 1009
2142 9348
9553 8179
8446 9785
2670 8094
796 2103
4074 5755
5356 5967
1713 6561
5039 3310
15 3355
1199 7085
6455 4277
8143 8489
4245 4115
6600 65
7754 4152
3138 9774
5863 3098
9637 7343
6958 676
4276 7861
9355 8408
2602 8151
7425 4243
8265 5156
5602 1016
1892 592
3307 3064
7770 5341
8320 1317
5976 3229
2077 649
5917 5765
6649 6539
956 8797
3896 5361
9595 5351
3708 1064
2100 3108
4266 5093
8301 3834
6418 3633
6637 1162
692 963
351 1285
8706 8307
7285 9275
8207 5876
1205 2233
2140 6845
207 5805
7198 6164
2638 6285
2000
77 91
100 61
48 67
100 39
44 31
46 58
81 7
41 29
13 72
26 2
27 31
46 82
89 48
94 25
90 88
66 34
59 12
17 29
64 100
57 54
79 77
51 33
95 1
3 17
65 57
41 98
15 6
29 15
84 61
59 76
50 12
91 30
86 10
54 19
20 76
44 88
20 62
47 41
15 24
2 5
92 46
35 72
61 51
25 61
63 5
81 27
7 98
35 59
61 88
77 16
62 32
60 61
49 99
45 7
32 32
96 26
13 3
97 60
62 18
91 51
17 24
85 74
83 71
12 90
3 36
49 38
2 6
45 14
47 62
75 61
98 30
85 85
76 99
36 69
8 25
77 48
35 3
82 12
3 41
41 7
88 10
83 38
39 8
77 4
39 85
14 17
81 37
74 39
76 72
83 68
47 77
84 22
24 4
12 52
75 24
95 74
91 45
40 94
30 92
36 8
44 48
82 66
73 35
97 16
17 33
67 99
33 35
95 9
46 25
34 89
75 46
21 43
15 82
60 48
9 14
34 47
34 30
4 5
89 40
76 48
7 2
6 11
96 63
64 100
69 77
99 22
46 15
55 18
56 66
8 88
53 74
42 61
43 28
5 68
22 81
39 100
32 22
63 20
17 93
91 58
22 76
30 55
32 86
56 49
97 17
55 43
33 47
34 55
14 57
69 88
93 95
39 56
83 56
67 67
30 77
99 64
7 45
95 87
31 20
77 26
99 43
95 62
35 10
91 27
7 68
46 60
49 27
7 27
47 35
23 80
70 3
94 77
91 65
69 51
91 61
27 79
15 91
48 11
70 65
27 23
46 48
28 12
41 82
84 90
85 60
8 61
84 65
78 18
81 17
45 13
57 77
24 13
28 41
84 11
1 59
87 5
90 59
66 76
83 54
27 22
39 10
80 17
15 97
15 27
61 95
49 87
84 66
23 33
13 37
69 35
18 6
51 45
72 38
27 93
79 28
8 57
65 22
42 10
45 59
99 7
75 53
37 100
95 27
44 36
23 1
3 87
99 33
21 39
85 22
34 41
94 95
90 56
94 51
22 87
14 67
67 64
9 59
28 95
66 24
15 86
48 76
93 81
32 6
74 2
6 53
27 67
23 4
28 6
25 59
21 88
75 25
63 87
40 42
14 30
75 83
37 43
18 23
27 54
94 46
17 49
56 10
94 79
44 48
38 55
90 33
90 47
7 90
74 46
1 39
22 86
18 33
10 61
73 20
84 34
6 91
22 50
84 75
50 80
93 15
53 51
33 22
87 77
19 19
13 63
19 61
29 48
88 50
45 62
94 81
18 81
39 8
87 64
44 47
33 86
27 69
36 12
34 6
68 13
81 82
82 18
35 90
18 2
91 67
79 68
40 41
14 94
12 67
15 7
25 63
97 23
33 63
17 74
11 76
65 88
58 31
92 60
29 36
59 32
3 77
29 63
97 90
79 53
1 70
20 36
47 8
49 20
83 59
18 99
57 74
47 73
63 87
35 99
75 94
80 43
32 93
94 92
76 83
23 63
76 2
100 84
95 26
100 7
25 25
92 52
77 82
15 77
7 2
77 89
70 35
46 87
46 71
26 32
43 99
66 10
83 57
97 70
39 33
16 85
32 70
91 12
54 99
15 52
2 16
14 40
19 22
18 4
15 5
60 71
45 59
20 42
20 48
75 18
17 7
31 26
14 77
7 95
79 37
54 1
8 76
65 24
81 43
30 52
30 65
40 31
89 24
30 38
6 71
41 36
41 54
23 75
27 8
51 10
21 85
35 14
37 72
3 85
85 45
17 93
19 91
79 99
84 80
27 62
10 95
56 81
96 94
84 82
57 26
35 46
19 58
19 94
51 78
74 61
80 5
79 50
92 3
22 14
76 70
73 40
8 43
52 48
71 18
26 9
72 55
49 93
36 69
48 46
12 57
6 88
96 8
32 19
99 1
47 4
60 80
65 8
14 87
4 18
83 37
84 48
80 5
44 42
93 64
11 88
93 38
48 70
72 41
47 1
81 26
24 97
16 57
51 3
85 52
40 50
92 21
12 59
30 51
8 67
20 98
80 85
71 66
56 18
12 85
60 28
87 96
12 29
77 63
79 68
67 94
22 70
24 21
7 31
43 78
77 67
16 13
85 50
20 1
75 30
14 5
21 40
76 56
4 27
6 15
7 36
59 51
41 6
39 96
7 42
54 91
86 11
100 84
83 69
47 3
39 13
23 65
8 6
60 86
97 96
27 87
59 18
99 9
15 74
20 8
99 49
41 4
7 55
78 55
10 21
51 44
41 57
47 76
96 51
64 91
96 46
93 35
64 70
90 45
18 85
40 95
5 3
49 81
12 81
28 37
42 26
15 59
55 48
11 6
58 82
55 46
24 78
27 37
52 63
75 66
97 90
82 86
54 40
44 26
25 98
3 80
77 50
95 98
4 14
96 29
42 23
98 5
41 67
88 66
86 38
50 51
4 33
46 79
64 29
55 75
89 97
25 90
26 10
39 80
75 8
14 35
31 12
71 18
63 20
5 80
12 6
71 59
85 8
26 90
55 20
24 11
93 15
59 67
74 62
88 83
36 86
51 10
49 11
10 65
96 26
53 66
89 57
53 32
89 48
14 40
56 9
33 41
91 97
12 70
51 4
10 8
5 41
20 18
82 38
4 95
77 84
53 8
64 12
16 60
10 5
67 27
15 94
82 38
43 32
98 63
31 10
58 60
44 67
5 25
83 33
98 83
97 73
3 32
67 28
89 47
55 9
66 44
84 66
76 35
9 9
86 92
40 67
83 94
79 31
83 96
6 62
84 72
43 100
27 73
73 95
84 13
5 50
8 28
67 52
62 68
75 72
88 39
94 88
89 39
56 63
54 24
12 34
4 66
97 15
28 54
8 12
9 72
12 80
52 38
44 1
46 65
3 13
21 36
88 39
92 24
47 4
32 62
58 35
87 82
51 37
89 90
83 40
4 5
59 20
37 45
37 39
14 65
1 95
28 23
86 91
48 95
15 30
42 72
5 27
65 32
100 26
85 37
38 30
49 89
37 9
10 87
68 52
12 46
56 82
88 100
42 98
76 62
69 17
93 11
60 67
84 75
13 79
26 38
24 37
21 99
17 40
46 22
38 64
91 22
22 94
55 27
66 88
95 56
90 3
38 47
84 31
19 25
20 19
87 49
73 9
93 94
9 62
70 10
58 19
82 22
55 38
53 59
33 65
54 85
37 15
25 23
78 46
58 74
26 3
79 48
65 70
25 45
56 66
17 69
86 40
8 40
42 99
50 36
82 29
14 43
96 41
40 36
31 28
17 70
21 98
71 42
8 33
36 9
34 45
21 10
13 89
20 92
68 84
42 6
92 100
71 99
46 83
54 88
99 5
64 48
75 90
25 27
18 95
5 94
53 50
20 6
55 76
56 43
74 78
8 58
8 88
27 19
25 97
18 61
76 39
98 42
2 61
15 82
66 32
83 89
18 76
62 52
9 37
97 39
24 65
83 45
48 63
98 60
94 24
60 13
67 51
85 60
72 37
84 93
30 26
91 13
72 74
65 57
53 15
9 84
11 82
61 42
44 42
18 98
80 35
94 10
71 98
84 49
75 61
90 53
80 83
89 70
52 25
42 10
75 47
70 48
42 100
6 18
36 16
54 91
76 79
88 14
22 84
62 23
2 98
22 53
36 51
66 29
19 38
35 93
17 61
99 59
50 72
59 15
28 99
40 44
45 52
67 40
27 82
56 3
36 11
49 91
26 14
30 65
12 3
88 48
6 98
10 8
76 73
11 43
66 31
74 49
67 93
47 76
9 53
3 66
91 21
44 92
57 38
73 27
71 56
75 63
33 99
13 100
52 85
85 66
61 77
92 17
10 20
98 22
25 85
97 20
9 11
88 59
77 63
39 49
89 84
46 13
13 41
20 51
40 39
65 18
92 93
76 3
40 27
6 35
10 46
17 54
98 5
91 16
86 12
66 74
40 87
4 67
81 54
74 42
29 14
64 30
48 7
33 61
90 1
2 97
76 29
45 40
21 68
24 81
30 50
7 89
92 52
63 19
28 33
49 27
32 41
47 77
67 19
23 70
31 20
42 74
69 80
95 43
1 27
15 26
80 29
47 51
53 52
45 19
29 97
35 34
92 72
63 31
62 16
43 27
66 60
42 68
97 53
95 24
96 97
74 97
11 6
52 46
1 4
94 68
69 33
56 93
50 73
41 75
41 69
50 24
88 77
71 5
11 67
75 46
51 95
24 26
94 96
54 58
58 100
80 47
70 93
67 5
97 42
11 75
3 28
34 45
12 95
48 37
87 91
90 30
45 31
71 80
99 38
13 37
14 29
93 5
62 46
78 36
24 31
15 13
51 7
14 1
78 23
91 36
9 54
39 14
75 22
78 16
52 89
69 55
19 41
6 45
86 68
35 11
95 56
87 98
86 20
88 90
100 21
82 6
33 23
23 18
76 79
44 89
49 23
96 23
5 80
99 21
8 78
58 73
6 66
85 10
32 54
38 27
93 16
90 88
22 76
100 10
63 24
74 45
28 67
94 44
68 57
14 32
84 81
76 61
91 92
91 49
57 57
89 85
23 59
96 43
70 96
35 95
87 63
77 49
1 1
41 64
88 95
44 78
49 50
26 44
12 30
72 99
76 88
97 42
31 73
32 66
22 49
33 6
97 47
2 25
21 66
25 19
67 77
14 16
48 98
38 88
83 18
38 15
29 77
96 50
62 21
35 49
96 69
33 89
32 8
30 64
93 37
26 38
58 69
25 63
30 92
99 38
17 55
37 40
84 94
96 5
26 1
36 46
85 63
16 37
48 34
54 59
8 98
12 94
1 100
45 54
61 28
80 100
28 36
37 4
90 51
12 47
66 70
2 1
87 25
65 43
30 31
71 35
86 13
78 71
52 48
14 86
35 93
89 87
93 14
32 67
61 67
93 10
38 58
71 96
2 6
74 86
95 40
82 16
44 65
52 83
88 83
100 1
96 24
82 74
3 70
44 31
17 78
65 42
34 43
29 11
41 87
11 99
11 35
12 49
65 51
22 69
74 57
4 36
53 32
58 25
36 34
7 29
62 26
71 8
15 79
37 13
54 8
5 51
51 43
29 75
3 4
77 72
47 59
24 78
32 91
22 22
79 4
10 16
82 69
20 52
99 95
17 23
1 86
74 83
64 58
62 70
99 32
79 35
41 78
22 15
63 30
69 45
28 7
25 5
49 75
17 74
20 34
34 9
14 18
1 73
13 64
82 47
7 32
93 87
67 20
78 27
75 65
38 90
4 27
72 97
65 13
97 23
90 71
75 40
8 31
87 21
10 82
50 42
94 46
86 79
17 48
37 4
82 25
15 94
89 55
32 37
38 24
59 95
59 93
97 97
59 98
56 5
91 41
48 58
22 20
24 60
47 78
33 50
99 9
11 11
83 45
67 46
64 28
97 58
91 90
48 98
83 80
6 8
90 5
29 24
41 79
61 38
27 18
59 34
72 40
82 65
27 63
41 80
42 36
97 54
18 30
71 80
7 40
40 31
68 100
57 65
15 12
71 4
10 57
39 41
40 58
18 89
32 91
12 83
95 72
65 35
80 57
68 5
49 48
76 1
47 64
82 80
75 27
96 97
36 80
65 35
100 28
57 92
10 32
90 65
67 39
57 22
10 34
61 98
7 57
1 9
22 98
61 96
78 26
14 58
1 52
31 14
49 83
94 20
66 98
71 75
20 71
78 50
43 54
87 76
96 2
22 17
22 76
72 44
54 57
4 99
50 58
92 28
39 93
51 79
18 63
34 90
12 6
69 65
93 73
65 90
67 52
32 10
91 59
78 66
1 72
69 66
60 89
64 32
11 21
33 85
51 90
20 100
12 34
29 92
14 36
64 16
88 56
100 30
9 76
58 18
29 33
85 54
51 51
48 57
79 46
58 17
55 14
60 99
15 57
82 17
53 13
34 27
59 29
57 92
24 66
89 23
48 68
35 46
56 23
16 37
37 91
49 64
25 93
39 78
82 50
83 81
74 85
86 16
23 71
13 3
28 66
29 21
89 6
70 2
53 30
27 56
10 67
51 36
55 80
78 53
23 44
83 97
44 89
1 17
88 52
25 29
63 5
26 37
98 78
89 3
26 75
97 63
16 80
47 97
5 53
2 53
31 31
98 74
43 14
5 42
81 51
55 41
89 93
8 73
50 5
9 74
76 13
13 93
81 96
20 88
59 87
27 57
70 16
78 4
52 52
53 77
24 44
19 47
12 79
41 58
18 18
2 7
49 99
24 44
20 90
89 11
77 69
7 19
60 10
30 22
16 29
80 82
70 73
7 21
68 56
14 84
84 2
33 24
15 15
72 40
48 32
38 13
75 57
86 94
88 37
96 68
17 76
79 67
62 80
84 5
40 100
49 62
2 25
80 18
23 91
54 74
21 78
90 14
63 36
91 35
18 18
1 66
55 48
53 84
60 10
76 36
54 57
30 85
39 65
1 53
49 12
59 97
98 10
3 33
10 42
7 35
77 100
52 12
99 82
61 62
81 71
96 71
6 32
86 98
76 28
38 45
27 48
75 10
88 35
58 78
46 23
82 26
60 39
64 71
36 3
37 19
29 90
33 25
49 91
82 3
80 62
91 6
2 89
84 24
48 32
83 37
63 18
55 76
8 12
36 90
99 44
25 44
2 30
91 13
69 91
4 16
58 86
29 95
82 99
50 44
43 85
30 17
47 15
73 60
69 33
28 19
47 60
11 82
73 90
90 31
85 38
52 100
34 84
41 95
76 40
63 56
43 9
62 45
93 24
23 7
60 46
70 23
36 24
38 55
71 68
78 70
19 36
67 72
3 59
31 18
37 23
28 2
71 91
18 39
71 81
97 58
77 78
100 100
6 50
33 30
26 13
15 67
64 15
59 30
60 11
69 14
94 95
51 99
64 60
47 100
34 27
22 88
22 39
9 98
85 68
36 48
57 81
96 97
69 24
100 52
79 30
40 9
52 33
74 22
84 38
42 53
46 53
84 75
51 24
84 91
86 25
49 75
32 51
70 92
71 23
50 70
11 20
32 33
77 9
6 34
45 70
90 21
21 39
39 17
13 15
93 54
83 2
35 64
3 53
37 21
99 24
97 56
2 58
45 43
86 35
20 52
92 73
5 55
10 17
2 81
88 7
1 24
16 57
8 55
8 17
43 6
9 50
15 66
20 92
75 51
94 27
98 72
58 55
56 56
9 23
25 84
6 35
15 82
72 44
76 85
33 69
63 8
100 36
95 98
44 32
32 87
1 50
24 92
49 82
57 62
91 85
89 83
11 100
28 51
78 24
45 20
68 17
77 61
77 25
56 9
30 61
86 55
71 15
8 67
14 49
74 99
33 96
31 61
65 60
53 84
10 13
65 19
96 38
3 51
20 44
13 99
44 58
61 11
63 36
86 53
71 91
41 56
51 57
90 78
84 54
43 73
45 34
42 69
38 6
77 60
27 37
84 95
31 90
80 76
41 26
97 15
59 39
19 2
99 96
52 71
77 48
13 70
98 76
59 62
1 34
4 70
75 72
80 76
14 86
85 40
88 16
77 43
7 84
69 94
2 82
85 65
29 1
12 48
99 86
44 94
100 31
67 17
27 62
22 81
88 62
11 69
71 4
87 32
25 49
37 95
91 5
56 6
53 2
46 21
75 1
88 48
7 34
3 8
68 13
88 38
78 22
72 77
67 92
2 56
15 100
16 10
77 57
77 91
3 31
51 97
88 29
79 35
79 84
25 85
51 93
95 46
28 13
85 41
62 33
68 50
27 47
14 95
48 53
67 65
12 68
45 10
23 92
98 40
73 100
44 39
51 50
29 24
74 91
67 8
64 62
50 24
66 33
1 32
45 64
23 20
26 12
65 18
67 92
95 98
6 17
78 84
51 84
76 66
44 13
1 26
52 26
51 99
46 40
70 78
58 25
24 43
97 62
29 20
70 71
23 10
3 60
33 53
89 82
14 62
12 65
34 1
56 42
94 60
52 89
98 11
52 83
77 99
13 48
32 20
83 58
51 12
99 37
84 89
6 25
45 75
87 4
86 57
31 99
96 83
73 10
16 83
76 68
27 10
81 5
6 54
28 82
30 90
27 14
28 33
43 75
77 16
4 3
38 64
48 78
31 60
80 52
76 39
75 11
1 62
91 14
92 47
34 7
4 78
80 42
21 94
48 75
82 63
3 26
65 56
58 27
62 88
66 6
40 6
67 49
17 5
30 1
29 64
64 13
88 100
48 3
67 3
94 46
71 65
36 29
45 10
83 88
73 75
42 73
38 31
38 83
79 100
15 36
12 72
39 72
85 92
75 87
7 17
61 58
35 76
74 47
37 26
79 89
84 81
41 30
68 54
89 7
72 98
40 7
65 17
51 6
25 45
57 92
75 57
100 87
53 11
9 93
28 8
20 13
49 85
32 69
11 95
95 35
3 33
30 43
78 6
10 37
3 84
52 100
58 11
81 78
47 21
65 23
10 34
65 75
27 52
83 14
62 80
35 76
1 91
92 37
12 27
41 23
27 56
18 57
42 36
33 72
11 1
11 60
20 10
42 25
27 84
1 97
86 19
83 34
41 93
12 60
89 66
51 39
88 57
45 17
35 71
45 91
8 12
24 37
35 33
98 37
26 87
12 35
17 43
29 49
18 66
43 7
24 13
36 90
64 100
68 56
30 90
14 84
2 94
15 46
64 98
63 36
83 74
74 38
49 21
71 71
7 22
32 34
56 17
56 68
61 40
57 17
2 8
4 49
70 13
85 79
37 36
81 40
37 65
30 66
10 1
88 70
94 15
14 32
93 81
43 84
94 63
53 62
91 36
25 93
38 70
9 99
18 12
18 73
51 13
32 18
70 20
72 85
96 84
36 55
68 6
41 45
89 29
78 73
8 33
11 8
57 80
19 54
78 45
18 34
41 59
52 4
70 47
75 42
27 60
82 25
5 46
34 7
59 33
11 74
58 2
58 86
