1000
9148 6431
7015 8449
7206 4301
8837 6429
3015 7078
8886 3071
6361 8236
1575 653
589 5628
3271 2524
7305 8428
3500 442
6430 9488
6202 1999
4456 1795
7820 1558
3207 2869
4833 852
106 6315
7120 5762
4677 9747
6980 3328
5783 9910
2796 2367
5222 7230
1565 3297
4274 720
5020 3567
4178 8145
8758 5061
446 4716
1874 4136
8666 3591
2120 3142
1062 7967
3741 1459
5128 6227
9356 2162
8278 6173
2252 8164
1441 5390
5102 1211
1137 6136
7048 1529
6205 1108
9964 4423
7614 1201
7743 6000
1121 1117
2375 7327
3994 5049
2699 5743
4774 2669
1 9082
7308 6737
4221 1854
7917 3251
7280 9719
6223 3912
6890 6855
6584 9228
7432 1971
7145 6814
9038 7348
4851 9500
6963 5735
6091 2440
1442 9693
2297 7698
8350 8768
5794 6223
5938 445
9001 235
5454 9633
4927 4951
8207 7599
5852 295
7508 6727
561 3195
554 7406
6557 2325
2580 8818
7842 431
88 1576
5778 2430
5863 220
2822 9539
4365 4478
5507 608
1453 7238
4572 8668
4567 9285
1391 3054
907 7132
3842 8241
4009 8341
1511 4719
2646 7137
9752 2320
3722 6992
2117 9601
8586 7454
3371 671
8412 1400
5862 1210
4576 3589
7087 7809
5603 9664
8776 4223
3517 5411
876 6941
6267 6156
852 2086
2328 3971
7531 4483
8075 2213
7813 7642
3587 7489
4003 2308
8440 9315
3483 8869
6118 3507
9977 5560
691 3744
2607 7725
53 8155
9128 2921
1816 6996
7807 2432
2247 4285
6022 6732
4274 5091
2307 99
7261 9785
1206 4265
9260 6513
8982 2465
9229 1436
5614 6661
6149 5042
5310 2426
9335 4870
8127 5213
8428 400
3908 7609
4451 7762
4861 743
6617 2911
4858 3434
1065 7173
1580 4111
6174 4218
2248 4279
6877 5070
7725 5456
1733 7775
1599 1691
5563 7713
3422 1232
7479 9994
1117 6691
4766 9956
7850 4114
8772 884
8912 5959
3770 7830
7580 9087
5904 1850
6356 5330
4623 3518
5165 6134
2276 2930
6268 419
3160 2098
5570 8089
9879 6227
3429 2891
210 9611
3194 8764
2809 1869
2472 1081
4462 2448
470 1852
9650 4246
7885 3245
8702 2483
8571 9923
447 4327
4453 7153
6965 1112
2135 3330
8868 1468
1375 3392
9738 3931
3021 8267
7193 874
7092 6544
3429 348
8270 3151
4784 4681
417 5761
1205 8047
4873 3510
4590 1099
5045 7018
8307 4807
5199 3305
9240 1532
1369 1286
8485 8152
1547 8798
6808 3686
7081 3834
7102 1386
7262 4369
1940 6671
1488 3643
2592 1652
2342 3818
8606 6644
2640 5273
3465 5164
9349 602
4886 8924
8231 4943
5713 8971
861 8295
3076 3345
2557 5769
3490 8722
9287 321
1882 4599
5651 9839
728 4129
1224 8308
9351 7045
3645 1392
6848 7037
4570 6213
1279 6669
8468 9436
200 4915
566 5775
8082 6504
7881 9476
8314 7670
9815 4200
6898 7988
5445 3213
5033 6137
2289 335
8344 9676
8581 8234
3907 8783
9087 7053
8072 187
298 9918
9776 5652
7485 1405
533 554
2251 9375
4734 98
2748 6264
9040 5644
1427 3658
6631 7531
5592 7478
7213 1889
1513 3952
3747 1621
805 8237
4346 6157
2892 7821
372 507
6345 696
6390 9872
385 4099
9165 2365
1249 8232
7740 4860
7395 2282
8942 7411
7232 6113
6403 1830
3590 6656
9705 9966
3326 6379
9189 9825
3694 6036
5139 1265
5389 4913
974 1595
1111 7065
2748 8508
8513 4181
8559 8217
8149 672
2888 1696
683 3056
4523 2102
2984 4546
3996 3080
5354 3197
4009 1183
3634 1329
1751 6981
4868 251
9291 2536
4877 1425
2445 2935
8397 7682
8191 9734
4027 8149
7979 2474
7568 1996
8589 7417
3175 8542
4583 8646
71 5948
5396 9370
3266 8884
281 4612
976 3696
7946 9258
3467 3760
4585 3780
4889 9316
9674 9812
5906 2964
8583 3311
9048 5577
8944 8108
2959 5646
6864 7104
5667 8617
4630 7789
4306 4646
7147 4410
7868 2401
1281 9046
2869 6103
8258 1000
2593 5926
9622 7942
3435 6802
9482 3244
863 9933
5344 1778
9629 132
2772 3907
796 3536
649 5131
6449 4914
7483 6729
7316 5440
1045 124
1489 525
6781 3623
1636 8494
3817 461
5962 7669
104 3301
9831 7317
922 1760
4450 3618
1805 5137
1126 1435
7102 6698
6319 8544
9168 8473
2060 6668
8058 9713
5221 3974
6045 4589
2225 2447
2644 4548
5609 384
2899 869
1038 6302
5857 4230
612 5111
1229 6751
8202 9146
5581 4360
8958 645
3496 3826
4666 1114
1753 4229
1843 1311
315 9359
455 6575
7197 333
3883 6256
7588 2846
1775 5279
4639 3260
240 7809
7875 6638
2684 9489
2523 3050
384 4813
3421 7811
7348 2789
4214 2640
1323 5687
4066 8759
164 9121
5635 2038
7468 9845
3046 3536
9684 577
5642 20
1778 4879
444 4005
6637 4373
2378 2070
6391 3558
3364 7759
3882 1350
60 4130
6872 1654
39 7170
3290 8724
8211 7347
4898 5593
3374 5928
8724 4866
8843 4855
6407 5034
8581 228
5027 7365
9535 2062
672 7280
5986 8186
4048 2442
719 1122
1516 8458
4016 5148
3893 678
3338 2715
5389 544
8733 5005
7600 7567
6734 3527
9243 9062
6848 6386
7065 8857
6611 7437
2922 253
4726 3368
4381 1161
2471 615
9361 5172
6519 987
1829 4682
5576 8669
5145 5770
1887 5674
9676 6401
7204 329
1982 1766
7736 3039
8102 453
5432 213
3522 3245
4731 9094
5507 3327
4912 6786
4731 8127
9385 4925
8651 2430
5757 8216
1685 5254
871 6787
4888 6677
6698 5678
5308 6914
9527 3382
1369 2611
6746 7095
2792 6487
7396 7370
5744 79
1769 9568
4619 3221
9111 4185
2820 8978
4407 2282
6824 4608
9058 8842
4574 9159
214 4128
4837 8191
3413 5387
3494 2069
6285 4246
6419 1022
2152 904
7295 9354
3363 56
4984 485
6855 383
4253 4910
4510 7115
8820 1293
2753 8985
1001 1691
8905 6212
7125 7801
1449 6927
219 2151
4998 6257
5483 5326
109 5584
9108 4861
3170 4426
3883 1011
8940 4813
1249 3125
9752 651
1281 3499
1297 7996
2361 6810
8573 8271
932 4820
8696 8118
4777 41
8104 7480
2357 2188
7292 3428
5104 6138
4466 1157
9805 8791
6318 8616
5110 1111
6491 5333
8984 2986
3724 2562
9638 7979
922 5333
4972 1238
6448 1103
944 2977
530 4252
9161 5231
578 4555
3776 7708
7079 2390
4044 5484
8260 710
2759 1177
4239 7522
3932 3844
7574 7113
1161 4598
3424 7916
3633 7351
836 4926
4328 39
7167 7129
9420 1886
1038 5378
1681 2123
7145 4148
6277 6870
4337 2189
4535 1882
1060 6451
2792 4587
8873 3060
9668 6654
1491 9229
7676 749
917 7665
7186 8871
36 82
5731 9564
6201 7292
1401 5986
5253 626
1803 3366
9071 834
1461 5039
8646 8051
551 4087
5731 3225
407 3555
9773 3436
4721 8817
3427 6343
8577 9553
7795 4510
5066 9926
3691 6001
5151 3233
1896 8558
5669 4155
4422 569
1121 9006
4509 8628
1760 2181
9645 6435
3923 1389
8278 8616
2778 6248
5927 6535
1482 4630
5152 858
8100 276
2984 328
1856 8471
8815 4291
8291 3138
9915 2328
3144 3747
322 4471
8571 9404
6804 8068
2936 9208
5830 9566
6626 8646
832 205
1502 3690
7144 4126
6441 9651
5403 5808
6228 6562
5975 3404
43 5683
3834 3506
8820 8835
3625 7089
7438 2439
5230 1767
5538 8055
1389 401
1736 5795
8703 3861
5129 5776
3028 8325
6675 5246
5252 7635
9455 9218
816 6726
9631 879
1809 2543
7353 745
719 2512
5753 1162
4143 2397
9063 3954
7922 8632
1279 6742
4593 9607
9561 6842
6713 6351
8189 8543
4236 5497
1911 6888
2044 1677
654 1856
9248 8104
3370 5521
4455 7777
1797 3417
5409 2080
1461 1735
7179 3641
126 6740
7312 842
1714 5351
6996 8712
2437 4291
4222 4825
8339 6670
5717 5979
2642 842
7519 1365
8118 4601
9567 2015
1462 7693
905 7282
9660 2000
2131 5304
5234 9204
4514 5061
9031 6916
9764 1899
7080 6629
7518 3823
2640 4952
833 2967
4020 656
3067 1626
1164 6964
7197 8521
6460 6158
47 1736
7978 1036
2729 6626
3412 5096
7059 7522
2137 4056
9949 4729
6193 458
9771 5554
9560 4020
860 4083
4277 2549
1267 8727
2328 4655
9868 1277
6649 3241
87 3390
8132 5472
198 53
4738 9179
3765 1869
877 6766
858 9928
7460 4810
9386 4635
4717 1402
518 5187
1555 7051
6070 1061
8583 5104
9804 8170
7867 151
7035 3171
4743 1133
328 2043
5027 8891
3673 240
8231 8609
3093 9273
7078 5802
9983 2862
1576 1226
7339 6660
5124 8265
5022 4658
7841 9731
2174 9102
9473 1375
4936 2058
4668 2242
1351 1915
6203 6676
7043 5932
1581 2750
4505 7549
6666 2066
8945 2116
9736 1580
2134 5882
1144 5991
8421 1359
7011 8864
3275 5680
8367 8569
1531 1007
8617 2689
6518 2832
9165 5026
1347 1056
9664 7741
2205 8507
7269 3634
1482 6819
5148 5590
2176 938
909 6142
407 6846
2105 1192
2321 8580
5366 8985
4955 1600
5075 1015
9546 7300
4142 2648
2069 2715
27 7259
1146 7748
9321 298
5673 8517
4150 3593
4089 9612
7816 1063
3197 1606
9061 293
592 6326
3508 1282
5004 7807
2514 4021
8575 4978
3169 5999
3987 8350
7711 7737
7173 8781
4293 9930
5299 3534
6065 6489
4064 6446
9614 5137
9194 8696
7258 9228
681 568
1327 935
3276 3105
1280 5053
3643 8079
1443 9165
6439 2181
2428 280
2962 4303
4672 138
8813 2164
8347 1427
7567 8303
1263 1597
7801 8750
2598 9075
4317 5513
7930 825
1706 7005
3982 9308
1021 1562
3549 6614
2382 8146
4262 4752
3258 3267
5021 2661
263 1014
3238 5827
4093 9468
9330 9693
7873 3651
5149 3279
9475 4388
2098 4731
5288 7687
4112 821
2287 7763
3379 108
9523 3305
200 5501
1346 9074
3075 5363
9559 2444
6655 4562
8992 1840
3099 947
440 5804
876 420
4680 341
2764 6073
6231 9637
684 6606
842 7771
7015 4841
2307 2026
1652 5707
5012 5383
4582 126
4275 2010
230 5657
163 9418
5387 6827
7954 866
2934 5278
4204 1343
6316 9945
776 9152
2835 2387
6466 5104
9497 6419
4969 262
2185 9395
9061 8501
5452 4364
1358 6217
5587 4091
1220 3281
5846 451
8640 7307
5367 9166
7107 6947
3294 4276
1165 9162
4704 6381
2288 3167
6683 4264
8040 8663
6149 986
4566 8383
8232 3923
6020 9937
3042 8197
8074 99
3517 5006
2053 789
2575 4795
4068 8428
712 5945
7104 3839
5189 3026
9192 1692
3710 4550
7943 9137
5929 9275
5361 1955
8389 1539
7133 9953
1393 1806
2596 4197
991 5549
1878 7931
3520 7062
1055 5825
3981 2874
5290 1862
4286 3008
5588 3854
4362 9693
7186 9515
1247 1770
3769 1783
3746 5863
1496 1960
6824 4040
4926 324
7529 6630
6736 5651
9434 2151
2814 799
9148 5726
5690 9442
2613 3658
1975 9412
8682 8491
7497 2355
404 8345
2839 1670
7291 2665
3241 7766
8176 5309
9466 6554
2457 3200
6877 4529
8325 8486
7155 9662
1784 5460
1871 306
4969 2961
2658 5871
8122 1483
8392 2809
8222 7564
7043 461
3895 7991
4653 8922
6203 2081
9733 8886
3510 852
6237 8176
8928 2824
4341 5250
9630 2706
4405 2243
2682 2033
6160 4211
3951 2858
3771 3157
8325 7572
2654 61
8092 7564
2290 7151
7748 896
4578 4892
8151 9394
7675 6771
572 9378
7706 2415
6755 7552
79 8047
2542 9252
3548 2754
3386 5891
705 9115
4057 4824
1932 2403
1188 1196
1921 7572
8457 340
5004 2524
3471 3876
1829 9789
2512 9566
5959 7280
2000
22 45
48 90
96 5
50 14
1 74
53 23
61 41
84 69
64 18
50 38
5 86
86 43
17 57
81 29
11 84
60 72
90 58
8 2
77 75
52 6
59 6
21 98
66 75
73 11
34 62
34 39
46 84
17 66
21 22
96 44
48 4
71 50
60 30
73 39
16 44
29 60
23 79
44 70
38 90
22 82
92 61
31 18
8 63
53 97
45 30
35 16
45 82
85 36
96 94
78 57
57 3
69 84
61 97
23 7
68 48
48 100
13 59
32 55
1 79
7 2
1 47
30 28
18 52
3 35
90 58
18 12
70 58
78 8
37 46
44 44
97 16
64 44
44 10
10 51
82 49
92 85
30 98
3 72
12 10
99 80
63 70
84 20
59 18
9 49
97 9
83 99
32 88
69 7
70 95
93 69
61 42
88 96
68 35
1 17
73 91
24 35
19 43
1 30
27 6
17 13
42 42
97 22
21 10
18 95
1 40
37 64
3 75
13 24
64 90
26 26
35 33
85 36
60 81
10 99
9 3
43 45
31 93
39 50
25 27
68 61
30 84
41 15
55 33
2 78
88 81
66 36
10 25
77 81
21 63
78 24
58 16
72 21
61 92
32 57
15 55
72 89
95 53
87 51
63 90
60 19
52 23
58 53
34 67
62 52
12 44
88 58
97 1
63 94
55 23
10 71
26 21
91 97
21 35
25 40
42 51
40 29
55 48
19 68
57 46
28 19
84 65
91 11
55 50
93 48
28 27
94 50
6 85
84 33
71 38
36 55
95 21
87 39
66 47
38 61
40 12
89 27
38 1
14 39
47 90
59 97
74 79
39 15
29 95
82 84
46 88
47 91
47 80
35 3
75 59
9 43
77 51
59 74
21 20
21 90
50 15
9 57
68 50
50 72
87 22
51 80
15 50
77 100
94 62
63 27
68 21
93 18
69 56
40 1
100 24
26 4
40 12
55 22
68 2
67 6
88 49
79 99
80 86
23 81
5 61
71 29
16 8
40 36
87 56
78 51
68 22
35 94
21 35
77 51
66 7
61 86
12 38
18 85
38 83
14 12
16 79
85 20
44 43
3 97
21 76
47 37
64 2
62 95
91 54
15 35
81 70
100 92
37 18
87 17
51 56
69 46
22 2
20 13
60 83
68 74
52 76
71 35
98 39
8 65
61 31
22 37
38 4
90 12
63 31
13 73
44 75
72 60
1 97
60 29
5 29
70 82
76 33
53 8
89 66
88 24
91 2
86 6
92 9
62 38
8 14
55 64
8 77
84 6
79 21
29 48
67 48
20 7
24 39
13 30
23 70
91 22
44 85
77 98
34 98
48 6
35 20
87 89
67 56
7 12
100 37
80 3
29 36
25 27
78 89
12 26
100 56
54 46
6 47
24 62
88 44
84 80
55 57
32 79
24 41
39 37
1 50
89 35
72 22
46 48
79 57
85 83
49 31
18 53
26 1
30 94
12 74
35 74
29 22
35 50
90 33
81 66
58 19
97 90
21 27
49 41
74 96
3 32
61 15
71 42
69 87
48 31
36 78
8 17
90 26
43 95
46 37
43 42
21 85
73 21
51 3
86 12
8 28
58 49
17 95
96 47
70 91
8 91
18 83
92 78
96 78
87 29
57 12
73 17
93 56
5 34
7 2
54 4
83 9
56 2
17 56
53 91
81 10
30 76
39 30
80 25
12 35
73 87
92 82
90 61
44 37
62 46
57 49
10 69
99 79
49 57
8 11
55 21
52 89
97 28
32 1
62 40
33 100
8 98
20 35
76 60
84 12
26 18
10 61
14 39
73 15
45 5
15 78
89 61
27 49
43 95
88 49
19 21
67 53
51 6
60 68
24 44
34 45
60 90
85 46
85 6
67 15
2 20
93 94
36 59
21 45
13 64
42 53
93 23
59 86
45 75
16 26
18 17
82 20
40 4
95 23
2 61
47 23
59 45
11 94
28 81
5 9
72 73
97 82
42 69
27 14
5 85
51 84
63 21
68 48
71 28
82 34
4 22
31 87
45 69
72 88
39 34
80 57
87 44
76 3
59 97
72 83
81 55
40 67
59 61
20 55
52 14
91 90
84 36
76 96
6 69
92 41
6 36
8 34
57 53
100 78
8 35
51 55
54 78
58 31
92 64
39 51
96 60
50 27
70 52
5 5
36 8
2 45
79 33
61 56
85 41
65 6
8 5
82 65
12 46
59 61
58 46
84 6
90 78
35 92
49 21
11 98
53 66
58 65
49 81
77 80
41 8
72 60
70 59
3 75
90 29
64 17
26 64
78 37
73 100
73 5
39 67
60 14
27 65
91 90
94 84
4 22
18 89
84 63
94 68
42 7
24 41
19 46
30 51
11 52
2 86
56 50
2 54
31 87
85 2
74 28
35 31
44 91
14 26
98 58
33 60
56 16
93 80
3 32
59 84
14 38
74 53
19 29
73 67
61 69
21 85
8 15
71 33
21 14
5 24
6 31
85 91
79 70
14 4
6 85
4 23
72 16
93 25
42 3
14 61
24 16
76 94
36 77
73 97
88 21
15 4
66 1
74 55
33 39
85 71
73 5
74 70
25 96
69 51
32 74
65 33
47 6
42 75
5 56
21 14
15 37
54 7
28 7
98 57
14 12
53 43
92 6
66 31
96 70
70 41
21 8
6 60
48 84
22 32
27 63
98 74
28 54
81 51
64 17
49 65
68 50
39 33
75 50
66 45
61 60
59 14
92 89
64 30
36 63
53 89
82 3
48 8
41 78
47 94
58 48
40 13
98 93
10 90
39 76
47 76
30 89
67 69
86 59
63 80
50 31
6 60
12 37
6 60
95 46
85 24
14 14
89 27
34 85
45 19
92 79
95 24
93 52
59 34
63 60
97 65
98 14
30 43
8 34
82 44
95 61
82 59
20 35
93 77
62 33
72 79
90 13
61 35
52 42
44 14
15 37
18 64
96 13
79 72
30 56
69 37
24 29
73 55
88 18
11 33
27 93
32 89
100 90
50 43
73 83
58 5
55 43
88 37
14 84
19 46
6 21
42 88
81 81
56 2
38 47
9 4
92 58
96 100
43 27
64 75
99 93
98 99
7 57
9 21
77 3
94 27
22 72
73 41
23 76
46 72
82 6
17 31
10 45
74 86
3 15
39 100
7 11
88 13
88 86
8 13
3 57
92 18
84 63
72 97
15 50
57 49
36 36
87 59
40 32
25 20
34 85
61 62
33 81
40 96
83 61
56 78
1 67
64 89
41 24
81 83
80 63
99 100
24 68
23 26
58 17
48 19
34 56
55 90
59 73
66 43
48 98
2 79
6 82
86 66
45 65
88 83
14 68
15 28
20 86
35 38
97 77
97 50
38 48
88 83
44 88
81 74
100 66
100 57
8 3
89 11
15 64
16 23
77 93
55 54
31 78
18 27
13 28
13 69
33 20
38 12
21 61
82 53
1 56
15 50
89 44
42 93
94 76
40 31
26 98
96 22
33 30
41 53
36 52
33 18
38 89
55 63
64 98
84 73
59 85
67 58
46 74
25 50
62 54
33 26
28 77
64 40
82 46
62 44
40 30
19 32
22 11
53 18
57 69
4 81
9 37
2 95
46 32
86 64
5 46
13 80
47 30
50 4
3 56
50 14
98 83
32 9
13 92
25 38
47 56
69 51
61 16
33 50
4 25
50 94
68 44
17 50
79 37
64 72
70 29
35 88
20 69
47 18
97 46
57 78
15 26
86 49
74 32
4 75
74 92
18 99
62 58
76 34
38 20
79 39
4 23
71 52
66 12
3 25
23 29
37 3
56 80
14 38
65 33
19 49
52 95
88 19
9 10
26 76
71 96
35 92
47 72
72 85
39 48
86 6
70 43
46 86
55 35
94 29
64 89
9 44
89 46
10 77
37 48
70 59
56 99
22 5
95 80
49 74
88 90
23 45
12 91
6 11
98 77
56 84
94 36
91 57
47 7
5 43
16 78
63 50
56 60
97 68
100 49
72 28
55 81
85 87
55 2
83 29
65 41
26 14
62 49
14 98
29 79
94 77
26 65
3 27
23 70
60 98
61 30
84 52
57 63
1 82
4 30
85 34
9 64
75 76
60 100
25 13
72 37
26 84
79 17
95 41
91 38
19 53
100 99
56 44
37 96
93 38
10 85
37 7
48 29
22 81
74 44
24 68
92 29
74 46
81 1
72 15
78 94
22 37
40 52
6 78
97 41
14 62
88 33
64 88
78 96
79 21
50 45
20 46
35 94
76 62
55 90
46 41
73 55
43 7
29 41
88 45
16 96
47 15
1 46
50 39
5 49
96 12
65 1
8 84
49 3
57 16
90 55
67 7
56 27
43 73
83 58
20 49
13 26
71 51
25 75
43 10
51 77
37 53
99 26
25 79
96 19
99 66
42 20
35 93
46 40
3 55
54 61
1 21
72 75
64 2
49 71
45 8
30 90
61 75
96 78
3 99
79 25
42 79
60 38
57 25
63 16
19 33
62 81
31 76
22 60
16 61
49 97
46 55
48 11
97 25
12 28
68 56
83 70
47 79
34 16
68 50
61 74
98 6
56 80
15 69
17 99
73 27
50 16
32 6
25 38
98 72
86 1
13 83
50 97
86 62
13 35
61 33
98 64
10 76
67 4
77 58
48 13
88 70
76 69
90 29
21 88
45 19
45 44
28 99
28 69
66 64
22 69
17 50
80 32
46 98
81 85
98 14
16 35
13 49
5 36
70 96
42 65
64 40
68 96
76 92
84 18
46 12
12 43
52 66
50 48
52 83
25 10
74 96
34 3
69 74
92 62
35 47
67 18
14 4
62 70
9 71
59 59
53 96
12 23
67 41
10 10
81 94
32 23
10 59
4 2
37 44
41 79
32 35
11 6
25 48
31 6
30 20
35 26
36 83
61 50
23 49
70 29
22 35
100 84
78 23
34 41
30 19
77 85
77 78
36 37
3 67
83 54
38 75
75 51
19 1
65 38
85 10
14 28
74 72
69 69
93 80
41 48
60 55
75 96
2 14
28 82
4 7
20 5
43 52
17 17
81 57
43 64
54 76
73 28
95 100
69 22
17 4
17 78
57 15
49 59
90 20
48 74
86 15
45 92
57 49
92 100
22 22
90 52
84 20
6 32
91 89
58 39
56 98
31 83
64 9
99 73
20 44
8 90
30 15
10 62
66 90
51 59
81 17
80 20
56 62
37 87
93 15
16 18
53 76
37 35
27 24
44 71
73 5
22 5
35 28
10 59
42 92
65 36
78 71
84 67
76 14
51 25
86 7
60 5
89 8
11 85
16 23
81 96
83 44
100 96
33 24
90 86
83 43
93 93
81 91
89 86
15 97
29 60
73 15
3 60
14 75
86 42
65 50
52 55
4 59
6 20
29 34
2 86
19 7
28 72
41 77
46 22
70 1
45 49
63 36
40 94
65 90
23 14
78 91
39 95
14 32
42 66
34 5
3 26
39 71
55 50
33 35
57 100
98 69
57 93
35 86
67 76
69 1
6 44
13 71
51 7
30 21
20 72
16 28
90 78
64 31
50 71
69 93
21 96
46 40
26 67
22 51
83 91
25 41
8 28
42 37
73 55
50 51
7 84
73 97
14 7
3 9
44 18
75 66
85 85
93 68
65 40
81 74
26 53
29 32
15 97
22 41
96 39
68 71
62 49
8 24
44 9
86 11
16 5
34 44
32 64
52 60
39 56
76 65
22 4
96 53
21 98
79 47
24 6
40 16
48 22
34 22
14 68
17 71
83 3
9 38
85 3
69 80
86 23
67 47
66 51
40 67
29 14
96 99
17 63
3 26
48 91
21 52
86 82
100 24
63 85
34 4
75 37
83 87
78 17
58 11
66 36
42 34
4 92
7 19
50 19
73 6
32 30
70 22
74 5
17 93
72 67
8 23
57 36
63 30
61 89
55 40
87 87
7 14
2 13
6 96
3 56
97 11
33 15
32 87
37 35
81 100
14 55
25 49
44 4
90 31
56 48
19 59
65 43
11 82
7 84
64 7
80 34
19 96
93 39
96 25
34 13
14 56
40 70
82 32
59 70
67 35
87 10
9 43
54 38
12 94
96 23
98 23
58 66
95 12
93 27
88 7
87 58
10 76
3 69
26 32
90 28
39 71
14 47
99 17
34 100
57 1
7 95
94 94
73 35
49 30
47 87
71 85
29 93
57 5
85 41
43 22
23 34
5 28
71 10
44 48
21 73
1 11
33 24
36 49
75 27
78 36
93 68
67 3
69 32
71 4
95 21
38 20
50 40
44 30
48 2
36 29
24 10
19 19
98 72
71 32
34 8
21 3
59 50
20 70
14 27
90 12
56 64
31 35
12 84
12 13
45 72
14 43
98 32
98 35
60 90
62 63
33 3
51 82
39 29
98 97
46 45
86 46
12 62
61 43
8 21
94 30
19 77
54 73
81 67
36 46
29 28
75 7
6 78
41 73
81 49
83 95
16 45
45 84
49 11
96 57
68 91
87 57
36 78
32 32
1 91
70 70
24 98
34 87
41 73
19 32
2 13
38 100
57 70
59 100
89 10
55 79
77 74
27 45
93 54
15 43
29 45
13 54
67 51
41 9
71 91
20 3
63 94
92 8
78 57
32 1
26 85
69 62
89 17
54 40
3 28
60 21
4 67
84 32
41 6
65 67
85 42
36 63
87 60
12 56
18 69
66 46
35 99
61 16
37 95
92 90
96 37
19 68
20 53
54 6
70 20
71 60
62 21
74 75
21 74
20 53
11 28
64 2
89 78
90 100
96 18
93 63
3 4
94 16
78 35
5 4
42 95
84 59
51 22
26 98
83 60
89 5
87 82
67 48
79 35
21 56
67 2
39 18
1 8
82 51
99 5
58 58
76 5
83 23
49 10
62 50
79 23
31 59
41 82
46 69
2 77
18 51
41 79
76 21
74 88
4 32
71 89
52 66
18 65
53 57
56 5
49 69
59 69
62 40
89 19
80 4
71 13
12 20
1 92
35 96
84 50
58 64
75 47
25 78
77 88
20 37
54 96
7 77
56 46
99 96
55 11
5 84
53 68
2 82
7 44
57 53
62 62
16 89
39 66
36 69
2 28
95 65
7 21
58 64
86 6
84 27
83 91
81 46
50 25
22 28
49 44
49 16
40 12
64 81
21 30
99 93
15 88
50 50
21 26
12 33
28 15
12 19
73 51
45 95
31 22
76 17
78 86
94 71
49 84
73 1
54 72
3 74
46 34
45 61
84 58
89 30
32 75
83 15
52 25
71 64
43 13
7 74
79 58
2 81
7 31
84 49
16 73
35 47
79 37
86 13
76 38
2 9
38 55
72 18
57 33
27 27
8 54
22 86
84 57
49 76
43 97
36 25
40 30
91 48
34 14
27 7
29 78
15 40
30 15
54 27
65 99
46 100
57 85
94 40
81 45
92 2
1 18
15 9
95 86
47 45
76 21
44 22
53 5
83 21
55 42
17 51
79 15
59 81
8 94
72 48
17 28
53 94
37 18
29 97
46 100
63 40
68 29
93 35
40 32
60 10
9 18
3 13
95 42
4 70
48 57
87 62
84 27
87 100
76 33
51 85
35 93
99 74
93 22
54 97
72 71
84 23
22 100
85 59
92 98
97 21
39 49
86 15
54 99
48 4
14 71
18 26
99 76
6 70
52 97
73 9
76 39
21 70
67 79
84 61
19 18
3 88
35 20
47 74
96 66
48 95
20 74
78 88
52 12
42 76
56 56
82 4
95 98
99 45
34 87
70 96
72 80
24 74
26 7
5 75
22 42
54 37
45 28
30 92
13 93
51 70
77 53
8 26
14 56
96 69
88 53
50 58
88 98
45 52
10 33
5 48
67 71
25 73
4 21
11 5
4 87
66 80
72 14
24 76
17 15
10 28
11 95
61 97
41 14
8 40
78 47
81 29
75 59
46 63
25 1
43 22
22 82
58 68
28 27
74 86
68 69
83 90
37 55
32 66
88 15
98 5
95 55
4 78
64 53
94 73
30 88
63 33
42 63
88 60
89 5
56 15
28 44
65 48
97 95
31 79
11 59
15 57
7 24
55 83
38 22
86 77
10 54
23 6
30 27
87 31
71 45
35 95
64 23
19 57
77 85
17 59
74 52
14 61
100 20
54 85
29 62
35 94
51 41
85 82
82 56
54 97
40 18
5 80
97 55
52 39
92 98
4 18
100 8
42 1
63 90
8 90
57 76
95 5
46 29
88 73
83 14
14 29
61 39
39 3
34 45
57 39
7 39
73 90
45 9
14 100
100 21
78 96
4 38
87 10
48 53
5 50
54 98
13 85
100 84
4 51
27 7
75 33
55 51
73 75
46 67
85 52
8 80
61 75
9 39
51 93
31 62
35 38
87 45
31 42
22 86
5 65
68 80
17 60
38 53
83 18
36 10
58 65
18 6
100 43
80 48
70 44
75 62
95 1
36 44
50 27
12 73
4 2
43 45
12 92
1 74
77 73
96 15
22 100
79 89
30 80
27 50
24 71
27 43
41 24
26 81
78 95
65 35
15 81
67 86
11 62
78 53
29 32
75 12
15 60
54 6
76 31
66 43
95 2
98 75
61 35
46 95
31 8
27 14
87 49
54 86
84 38
55 69
15 53
23 89
50 40
47 84
13 40
9 70
32 32
51 61
44 55
17 38
63 98
91 55
27 97
99 14
57 10
6 50
28 74
51 73
30 99
18 37
39 26
6 80
47 99
59 6
97 94
91 88
15 17
21 26
48 28
78 27
56 9
38 46
98 15
12 19
54 54
98 74
92 100
45 69
45 31
25 46
91 13
91 71
16 54
33 34
70 28
32 34
92 26
23 89
26 97
95 18
95 10
3 6
62 66
9 97
100 25
20 59
71 77
35 74
43 41
58 25
85 85
5 93
93 89
95 98
100 95
1 43
26 98
69 55
21 42
14 26
55 7
58 83
38 63
100 63
23 94
47 30
10 27
3 37
69 53
7 1
94 92
35 79
66 1
36 14
37 41
