1000
3628 7667
7846 5095
572 2782
7476 7129
5839 3091
3588 6447
7031 7926
8085 4848
440 5369
1037 3136
3188 1945
727 3439
3089 5762
1122 2569
747 7792
4014 3409
9403 9483
2942 7237
6470 578
7747 2438
6807 6822
9232 1897
6934 6360
401 2718
1641 9492
3666 1699
7401 4268
6662 2364
5514 389
1713 9796
3812 330
3864 8895
4823 9915
1107 6970
418 3780
9856 7881
3265 205
6083 6392
4674 9533
9148 8233
458 7866
4337 245
5207 3521
2538 8644
9849 8193
9998 9614
8398 4689
7959 34
1755 9988
1604 8820
4580 7171
4819 1313
8421 6895
9165 162
369 4393
684 3513
3288 2789
6103 6023
328 9366
4203 7041
3449 9167
7182 9152
4436 5125
3753 7318
4249 9675
281 3995
6440 1640
1573 4626
7436 4942
8307 9786
6616 761
2352 2430
9579 3412
5777 5325
2917 5837
5194 6533
7376 1395
6980 9025
3172 2054
6898 8467
2540 4758
4616 4148
3694 2216
7360 5988
2761 7598
1498 6236
1723 5078
3127 5316
984 7515
4643 114
2812 2998
9285 9387
9424 3266
8582 5017
9268 7246
4400 230
9693 5546
9908 2909
192 6926
388 2940
3009 479
4360 4961
286 6401
7952 9220
7847 2673
2301 3145
2679 3327
2330 480
9788 6301
8598 1475
8863 5226
7854 9062
8728 7112
7031 9792
7842 25
3689 7450
6709 1335
4797 4187
2509 255
5998 3746
613 2824
9505 1897
3453 9896
9004 6125
411 5634
9255 8356
4248 6485
3410 1382
1399 9775
1870 7302
3798 5220
4590 2025
7534 7287
4545 6295
8026 8838
4599 5704
384 7629
9138 1928
7173 603
111 1465
2672 8633
5247 7300
4148 9381
1471 8107
9667 8710
2333 2631
1162 5698
5120 9702
9161 5689
8558 4149
4417 8249
8245 7205
3157 2371
9727 4906
2029 9844
7555 777
7734 7794
4598 8574
3194 5985
2130 6322
8002 2989
514 1619
8743 7212
9291 9165
9426 9147
3607 7696
360 7881
3400 4888
5788 1522
1465 2144
2599 6113
5793 9521
6578 124
700 3063
9570 3708
3611 5621
8017 6088
686 2642
9484 8981
9700 8082
5087 6230
8958 5018
2120 1338
8096 6334
5204 139
2155 2364
8213 7705
9257 9570
3457 986
1630 7474
253 8442
509 799
7500 8413
8597 1054
5601 1609
4374 2687
4334 5678
2338 8184
5345 1776
769 8116
2413 3797
4070 8979
6566 3337
9226 9212
3516 3374
1695 1327
5473 1987
8066 1024
940 7204
4094 8346
4207 6892
4904 755
9983 5503
5614 5789
4803 5541
2666 9111
4167 7598
4567 8534
6347 6308
4692 8568
1612 6611
6500 7165
9684 373
2375 8744
4651 766
2855 7422
8807 9285
1431 519
7546 5138
6153 2261
3305 6682
4768 9936
4961 9277
897 6619
9686 3815
4292 1495
4570 1272
8159 7962
5864 877
3363 3273
4064 3897
9207 6986
1075 4596
7096 2356
6595 7659
4681 4211
1444 3933
3120 4079
6694 633
7556 1410
9839 4551
7121 1431
6076 1447
9748 6702
4483 4056
5338 4852
4351 2362
5211 33
4628 1236
439 7325
4716 6657
5320 2041
3395 9362
8280 358
2993 6727
4570 3190
7937 6467
535 9871
1049 2762
4959 1957
3549 879
6396 7664
9085 9876
4145 5337
3183 4951
1230 7618
6056 5936
1999 2490
6173 1286
3405 2117
612 3880
457 7104
705 4689
8620 6069
9879 8137
8792 1627
2684 3008
5633 1628
7042 6057
3373 5344
4208 1432
7985 8822
862 7852
2329 6698
4296 392
8878 8753
7303 7933
758 8568
4602 3158
4644 1190
5678 5772
8421 68
8611 520
7649 3148
7089 163
1442 7692
3777 8030
5880 996
948 9859
4701 3311
110 9916
8528 5714
4099 3576
5628 5909
2087 1914
8836 8758
1102 8453
5362 7115
4456 3981
8996 3726
2525 2138
5135 1990
1983 4591
4686 9924
8894 8703
868 7401
5599 6388
3110 8169
8703 4669
5134 2804
9398 1737
5423 4428
2271 5791
4627 2065
3333 6915
260 6312
4284 1851
7988 5023
384 7643
7883 4332
9768 8700
2378 1061
4577 2243
7608 862
9085 2884
386 6865
3585 1384
8235 4198
254 8850
3843 5542
8484 1576
5738 4542
3481 9091
232 3543
911 8956
5841 5425
7313 8404
6850 7457
1351 4369
9664 2207
7751 8738
8211 8603
6243 5039
5917 6587
4270 6360
8993 6088
9469 4361
845 4729
6233 4283
4450 3870
322 4364
5785 1073
9083 8319
7033 597
5657 8448
477 8462
1053 4205
9040 3480
2622 5830
5057 1859
4245 9924
7993 6612
8129 3155
3514 9863
5235 483
7630 7174
4775 9477
3990 7735
9531 6433
728 3607
5364 7552
5074 3755
4062 417
9357 4004
378 6442
4008 8081
6074 9027
2988 7301
4081 9178
6142 3066
4595 637
5957 4201
1801 5958
4338 8418
6192 2639
6015 4163
5623 4469
5333 1835
2410 5559
8105 7485
5638 7088
838 2548
2480 8409
7242 7773
2844 8633
8392 7539
9645 146
941 5970
948 3960
3741 8323
4614 9554
6461 6799
6583 9532
2009 8677
8275 9645
4201 5470
2429 1091
8140 374
6965 5467
1995 7204
9097 4705
3100 1081
8432 1509
3752 5242
6585 942
7117 8910
1069 4485
9630 5822
9864 4445
7603 1525
7422 7606
7988 341
5909 1002
6459 5347
9355 2338
6809 1738
6326 3845
2823 5961
544 1999
3669 7830
9575 1867
2334 6291
8104 2517
7840 1901
448 6462
3062 4238
1821 5244
4376 2057
8674 2651
6375 6308
2112 2570
5875 8129
1091 6283
9916 8475
1804 7847
8682 2364
7593 5098
5858 7702
385 1639
8229 1900
4708 7645
6285 1122
9958 9814
3529 5817
7361 6485
3924 1836
4239 8827
7111 2589
2004 3131
7573 1885
4134 9619
6737 2710
8034 9930
1370 1860
5089 5861
7973 4230
2034 2827
9138 3352
83 5335
8197 1763
2574 9725
9672 1850
6107 6807
4538 3795
4284 9611
2707 8963
5669 7016
5019 6885
8323 8999
2151 2567
3866 1825
8043 1573
2875 3242
1191 1458
2118 1909
8446 4996
8096 4549
7491 4024
8266 3018
7209 3820
4972 3779
2220 8364
1787 9818
580 2674
8035 5403
9916 997
7954 6785
1184 4170
8809 2933
5586 5229
7706 3283
6344 5340
366 3920
6335 8765
3360 6265
4899 8345
8792 9402
7386 8704
4997 6637
4151 3749
735 2634
1432 2785
4162 7024
2226 8091
1521 2145
432 2714
2140 3479
6741 4909
2635 100
8877 3548
9768 6938
2423 9044
8308 6494
6721 6028
2425 8903
4510 5717
6451 5797
9313 7362
2242 5092
1962 1512
2739 4031
2881 9970
1175 3593
8469 361
7106 7767
6611 1655
9794 9622
8839 9410
6139 9170
1699 1997
611 378
6335 1167
6718 5356
3130 4004
5365 3549
6217 5617
2353 9299
4952 7369
6782 9449
7869 7132
1410 7562
6292 9870
6140 1070
3195 7451
971 6610
9704 7646
2604 1492
6610 3712
5495 2495
2395 8138
1669 8060
1179 5564
2916 7937
9940 1196
1855 3742
9611 5898
9101 5547
4118 2575
7901 3912
7169 8131
6655 1921
3458 8463
9740 503
107 1461
2471 8001
9531 3716
9537 8822
851 8640
9785 611
9850 8386
3271 6966
9244 1034
5286 3398
6038 7936
9869 8508
8211 8477
9440 7511
2122 2845
7853 7413
2115 2078
7177 366
720 102
4942 280
1431 4388
6821 3463
6197 1018
6924 6780
4426 2804
3634 3064
6057 8057
5774 6407
6448 4138
5392 7917
7163 1987
8022 2033
5712 7634
4811 8939
1951 9800
4802 2566
9140 2815
1836 1167
2860 8365
3741 5816
44 767
7339 7294
5303 939
8983 5870
6380 2861
1326 9027
6360 769
6236 2953
4504 1409
529 4214
2822 8976
5770 6057
7208 1412
8613 2138
5664 2363
5077 3103
5436 1713
63 9134
3453 9852
8271 6404
2461 418
1412 831
4157 9284
3970 7398
3180 5105
669 2894
3233 9794
4932 91
5526 5053
5003 1737
9539 889
3757 5963
8118 3383
8413 2359
1266 916
6933 5971
7428 6790
4939 8051
3068 2358
5995 6923
242 2641
2108 8387
5518 3700
9590 3447
6914 2782
2098 1879
7742 1510
2014 5757
5421 5392
9815 2799
6830 4258
8478 9045
2046 791
8944 644
1071 6754
1166 7427
3953 3381
4864 8594
6188 1746
3246 7036
6117 5624
5995 6338
8037 5561
2005 6378
5733 5334
8126 2353
7720 9557
8636 6700
7307 8297
7306 2471
2355 1571
6137 4654
7207 1559
3770 3572
3097 111
5171 2569
2907 8035
2815 5654
8280 5600
6535 6109
3625 3202
9981 7642
8847 6986
7584 5023
6060 7156
7952 2228
6704 7111
3550 4645
1189 820
3763 793
7006 6246
5255 9185
6458 5946
7083 1744
4738 7371
4613 3876
865 9178
6585 6685
4214 94
1403 872
2458 3850
306 6246
1803 3167
9195 233
5668 7339
6205 9460
2173 8521
9328 4435
7211 3692
8761 7392
9871 7562
493 645
412 7879
614 1773
5495 9910
1279 2920
2402 4415
240 3254
8053 3161
9528 3601
168 3961
6983 3410
6205 3136
4890 6880
9527 4767
4839 7782
7637 9718
5953 5625
6302 9120
2519 6481
2421 7556
2433 8097
2352 3978
7115 9213
6599 5872
5070 8362
793 8483
2129 9372
3377 5665
7683 6070
3721 2801
4386 1104
2379 1657
6373 1595
5877 1453
2064 3491
5473 4251
531 362
4281 3193
5369 3482
8194 3371
6927 5225
5706 5435
6644 255
855 2102
5274 1026
4734 5653
2581 4178
4615 190
2880 3403
2081 8658
4768 154
8651 7125
9868 2953
7948 603
7886 4115
1188 2775
7312 4101
8059 114
4025 972
6224 9148
9292 8320
8150 3520
4359 3553
4597 9251
9313 5518
2869 2983
7430 1923
226 18
6344 2314
7891 4246
5160 4730
3768 8015
102 8680
6960 8812
2145 5098
4674 3061
3379 4113
1440 1544
2009 6121
5312 5929
6019 8256
3784 9750
7882 5923
6814 6362
9481 3661
9354 107
3306 7572
8129 373
8572 2406
8268 2164
1406 2358
2560 8323
8544 5036
2832 9594
5110 9825
1351 3664
9916 6133
8822 9823
8907 9066
3049 5989
3151 7010
9367 2442
3310 1777
8125 4155
3208 9707
343 5389
9299 1397
8606 6748
4371 5162
56 4348
1590 9855
1822 2893
7621 8764
2223 9537
3893 3512
528 5057
1640 5080
7541 8239
4165 4262
2955 2264
3166 6035
8758 8880
1620 9590
3567 1540
2761 5995
7408 2458
3746 8030
7977 839
7151 8858
3355 8148
6931 1988
8039 9878
642 9529
3537 4407
9171 8572
8942 6477
1103 7516
3329 6491
3092 285
8053 3463
6411 9129
8163 8064
7381 3190
2196 2082
3981 9659
490 8356
5726 7488
9427 8948
158 1040
8882 5213
805 6240
5768 9922
9616 8413
9433 2606
5395 9388
3549 2051
698 8111
7660 1309
4739 8824
3723 1804
9406 3568
810 1256
6613 5778
2290 7823
8986 9701
3705 2991
8473 5635
7317 3916
3597 2691
9429 1436
3199 6122
3724 2899
3721 6215
1509 7607
5726 2477
7831 8976
9544 5912
9394 3245
6593 5861
3379 615
3608 974
8659 3308
4154 458
7561 6815
8987 7908
46 4796
2660 4938
1033 2049
2876 5426
7654 2997
2939 390
6888 8712
5909 2146
8594 4775
4550 1188
3060 2859
6586 815
4133 8577
7411 6863
7424 5863
8769 2032
6165 1791
5957 1282
3876 6773
4077 6137
8762 8257
6933 1596
8423 8360
744 6461
3634 2866
1172 7794
2517 9062
8914 5896
6323 4331
8498 2539
7971 1921
8569 908
208 6581
2809 6872
1299 8992
7096 6212
8121 1651
5518 4584
9529 3107
7361 5082
9515 3379
9387 683
1916 8021
1449 8493
8673 8471
354 2628
1195 1488
6838 8007
6313 3126
7226 2922
5438 1915
5408 490
7597 935
1304 1646
6187 6128
8957 6360
6158 1387
5608 9009
4787 8875
727 5482
1019 4416
6103 7287
5225 475
7658 3129
2483 3342
9951 2256
4035 1256
1893 858
3607 642
9701 1667
9654 8706
2000
99 38
75 88
24 37
37 40
20 27
36 48
72 68
96 94
40 74
34 28
50 19
91 16
23 90
9 34
99 87
77 84
11 97
90 21
97 48
72 12
50 72
11 13
14 45
62 9
33 2
93 39
23 32
15 86
2 11
89 86
87 84
80 47
10 23
50 96
80 89
21 45
2 27
57 66
20 61
43 6
2 41
85 89
19 72
91 24
72 83
75 53
90 37
69 31
22 27
22 28
4 87
75 72
25 10
79 87
38 88
47 91
21 14
1 39
22 81
34 13
74 25
63 9
1 65
78 2
85 92
83 36
58 9
24 37
13 91
78 60
56 83
66 21
8 1
29 74
23 7
4 79
59 90
47 3
10 97
77 99
26 26
19 85
16 62
49 31
45 78
4 61
66 78
13 59
50 48
21 36
58 55
36 45
50 72
47 86
91 19
2 95
67 55
13 84
71 48
24 76
89 51
40 19
57 49
30 76
63 46
46 29
17 42
49 82
94 15
12 12
95 66
48 20
32 32
21 77
27 13
37 83
13 4
3 90
100 58
44 69
91 15
90 54
37 5
40 10
67 37
39 78
30 92
73 72
90 98
15 71
85 76
28 94
54 13
45 14
43 55
100 55
92 42
46 67
47 31
76 55
56 39
22 24
27 22
9 77
76 72
56 24
11 6
46 3
54 3
93 63
3 56
29 67
64 43
20 88
77 7
61 27
90 4
72 37
75 32
8 54
1 77
59 41
41 9
53 93
24 15
23 28
44 36
1 51
93 40
90 79
87 14
27 75
96 17
16 76
54 4
39 35
96 5
48 40
32 68
47 71
46 12
76 27
37 44
85 80
74 97
68 93
10 99
51 72
66 96
82 39
21 25
85 58
86 96
52 18
1 19
98 42
73 45
48 40
60 25
30 94
94 71
37 81
5 26
87 72
18 61
40 2
24 90
47 45
78 57
82 20
100 8
84 75
20 77
7 61
35 39
69 16
6 94
3 81
67 9
76 26
62 5
17 25
60 44
73 78
4 20
91 43
66 50
18 40
47 10
48 89
90 22
20 32
2 12
29 48
83 70
25 68
91 99
48 100
94 37
70 85
74 57
93 39
87 15
69 28
60 19
37 78
83 16
16 76
52 89
42 5
80 2
57 13
31 92
86 87
94 28
3 22
94 68
35 92
93 45
19 69
89 82
44 80
60 16
96 28
57 14
90 38
68 33
29 34
25 19
93 83
86 67
93 43
59 70
59 15
22 7
20 1
66 92
23 92
45 41
37 45
87 4
20 26
30 72
36 75
26 97
54 95
98 35
79 30
61 83
55 96
100 17
72 42
38 89
13 28
6 2
96 21
90 35
53 92
96 2
55 73
78 56
98 55
58 84
49 39
83 27
73 83
27 21
58 73
89 79
95 97
10 22
61 82
49 61
9 85
87 60
60 38
30 43
75 59
84 69
39 62
59 40
47 30
12 22
45 77
72 4
39 31
93 38
6 70
12 85
72 95
33 36
25 46
42 24
97 28
78 84
63 95
40 40
91 55
70 11
96 54
89 58
64 43
30 24
72 79
45 5
62 61
62 10
24 22
17 96
63 11
65 64
92 75
51 73
37 78
9 95
100 32
97 68
20 38
55 16
74 65
80 39
18 87
48 3
50 23
72 93
67 99
100 99
43 48
27 11
84 71
40 1
6 85
29 65
93 21
12 84
90 22
58 32
97 35
72 32
82 35
60 5
27 81
76 62
68 50
96 64
99 51
19 53
21 31
7 79
4 14
44 17
10 70
100 87
74 86
87 76
90 43
18 7
75 39
57 19
68 1
61 87
9 11
98 16
43 49
62 95
21 76
2 41
68 90
12 28
21 77
5 53
31 32
42 72
60 76
36 28
8 90
97 74
86 6
79 72
29 72
62 43
27 80
97 46
72 26
7 89
94 36
32 6
57 39
30 17
42 86
70 87
61 99
36 71
41 87
90 65
14 51
27 19
48 28
93 56
55 7
9 97
20 85
25 73
75 62
76 36
95 8
19 30
55 13
100 40
94 20
65 93
24 23
78 62
38 83
5 71
59 19
69 20
47 74
94 16
46 3
43 26
43 34
28 25
79 100
41 20
56 86
60 48
1 51
17 70
26 37
52 83
38 67
71 76
20 39
61 8
70 32
72 28
24 67
12 35
8 20
55 100
21 53
52 30
72 59
45 35
50 40
42 72
28 17
88 10
98 97
46 14
53 55
15 5
82 59
61 8
73 61
24 25
24 23
71 12
78 12
14 49
100 7
11 67
74 31
86 36
48 51
8 56
62 32
8 64
33 28
35 77
80 66
56 21
56 12
22 79
35 58
31 34
81 62
75 1
94 11
18 93
13 66
71 34
47 20
70 14
35 96
73 46
82 32
44 5
51 18
72 72
54 73
40 84
51 13
1 73
35 76
75 8
30 48
83 96
14 53
26 33
13 64
88 76
85 20
12 55
68 36
70 57
8 95
54 35
37 8
85 52
24 57
59 53
17 46
90 4
49 21
27 5
95 64
53 79
11 56
87 2
88 89
44 32
7 45
84 53
96 68
44 7
24 72
77 56
39 7
17 67
22 61
62 37
20 67
16 23
74 7
7 66
44 76
57 37
85 94
93 15
63 46
79 60
40 35
49 71
86 40
66 1
11 28
42 61
94 53
40 82
80 10
94 41
100 46
78 73
99 16
78 42
35 91
25 47
4 84
89 98
59 41
98 84
89 21
41 12
96 47
41 68
70 47
83 76
22 68
96 75
20 62
96 17
60 47
88 54
22 43
13 82
51 7
1 5
34 15
67 75
23 13
87 68
84 55
29 54
4 9
45 57
64 65
35 99
55 51
71 74
67 27
74 59
16 27
94 41
32 74
50 71
35 78
43 77
4 50
33 43
60 65
7 45
53 48
47 77
6 2
43 27
11 42
90 74
38 68
90 5
37 62
7 49
25 47
7 26
55 1
70 23
67 57
67 90
1 86
16 30
57 22
55 56
15 74
27 15
86 63
88 25
69 32
26 100
53 3
26 1
6 83
20 24
53 25
85 77
16 54
49 82
31 17
77 84
25 38
90 93
23 78
82 60
75 43
28 23
69 19
33 23
86 21
97 68
66 73
59 39
5 61
92 77
56 45
72 57
53 62
5 74
37 56
77 27
43 89
6 69
57 71
74 80
50 59
91 82
90 77
98 94
64 36
20 86
26 70
85 17
85 35
92 82
16 95
21 48
37 76
17 98
20 43
8 92
53 27
86 42
64 90
19 16
69 96
71 65
37 47
93 51
41 20
21 35
20 90
47 36
61 36
80 26
93 72
94 77
9 8
78 94
87 27
23 77
15 4
29 5
66 52
42 24
92 63
2 23
79 64
61 39
24 18
14 93
83 87
59 42
18 57
36 7
12 63
9 12
42 19
9 8
75 50
14 30
11 57
38 47
14 18
80 65
8 39
58 65
52 46
55 8
47 69
11 96
47 36
87 70
69 79
81 31
50 100
50 40
22 68
3 42
96 23
57 23
93 57
93 27
45 53
78 23
27 93
73 21
90 19
100 68
13 15
31 57
59 63
71 95
48 9
70 6
66 58
75 49
95 75
63 82
29 4
6 57
39 75
21 5
22 37
29 42
9 41
5 32
97 2
26 98
94 62
13 69
43 40
90 7
83 34
57 62
38 26
39 47
50 73
19 8
90 53
63 14
84 8
95 14
40 83
4 3
73 54
11 85
39 77
30 99
64 2
58 16
72 62
40 99
67 38
43 60
66 64
14 73
87 34
77 1
43 47
36 77
33 14
98 76
83 84
81 5
45 67
61 53
94 24
90 71
46 94
79 87
34 58
13 92
90 17
65 73
33 75
62 61
32 84
16 93
76 21
21 10
58 40
59 42
6 64
39 3
23 21
30 17
63 40
66 29
68 32
11 24
85 98
46 2
95 56
54 25
52 94
32 78
46 93
28 86
59 80
42 7
7 58
26 41
6 36
94 67
21 59
76 51
70 100
50 23
9 19
58 72
51 8
60 55
95 95
63 98
4 16
42 19
76 31
22 21
86 100
82 76
9 38
78 71
88 1
7 5
10 56
31 75
88 77
10 9
77 53
70 57
17 66
12 33
25 93
34 33
45 82
72 58
19 17
55 75
53 42
100 87
44 71
37 10
55 68
57 81
30 76
41 26
22 57
24 98
70 45
48 35
37 36
92 95
39 1
6 84
65 25
65 47
86 7
58 99
86 81
95 80
19 77
82 62
4 48
33 97
33 12
64 94
38 69
77 44
4 40
70 3
6 76
93 51
50 33
76 38
15 14
35 99
1 4
48 94
4 11
92 90
7 51
78 68
24 86
62 84
69 4
45 25
78 68
86 80
64 55
33 70
59 1
77 48
43 79
25 8
51 2
65 57
15 12
71 36
50 10
42 40
93 31
64 4
2 12
80 17
61 57
20 79
93 49
60 65
15 77
37 12
16 93
66 67
23 43
28 18
24 42
75 21
13 59
61 51
39 1
51 16
81 84
31 61
51 61
53 39
81 55
64 98
29 96
93 23
99 97
76 58
32 53
18 71
41 53
4 95
31 83
49 51
28 58
66 37
31 70
17 83
24 37
46 64
60 44
44 24
10 10
68 18
6 16
21 89
52 70
6 83
52 26
9 89
3 66
99 97
12 33
62 60
19 2
7 9
22 96
88 96
26 45
10 87
39 5
39 25
99 22
54 5
7 84
81 74
79 4
1 99
2 92
26 9
41 49
66 66
21 2
28 58
21 85
69 67
69 93
3 34
78 42
14 97
36 27
66 69
77 22
12 7
16 85
58 53
72 37
45 15
100 88
98 46
65 62
22 90
65 60
95 71
31 31
26 20
38 70
44 29
3 82
7 70
15 49
98 69
22 29
44 38
75 7
77 93
27 34
27 40
21 29
10 42
57 28
35 93
25 75
47 91
33 49
26 82
30 75
16 28
53 86
89 62
38 20
57 89
83 37
94 27
54 16
36 30
41 60
59 60
72 12
93 3
25 49
49 79
39 38
16 7
52 97
21 66
70 82
95 83
52 43
44 100
88 39
97 7
42 47
9 89
15 76
59 48
10 41
73 49
28 30
11 69
61 63
11 75
52 44
43 53
53 43
76 38
14 3
7 99
34 93
32 28
8 1
69 53
44 82
13 14
82 42
59 56
61 23
67 54
19 40
86 68
88 86
6 93
67 74
89 80
50 60
39 38
21 17
38 27
97 22
6 68
26 45
5 61
85 59
52 72
84 52
13 69
64 22
90 30
60 2
3 22
32 93
99 22
86 59
41 45
15 81
18 84
67 86
50 78
18 37
65 90
59 31
73 16
90 66
54 59
92 37
39 93
1 78
55 9
86 37
33 36
26 13
28 81
18 98
64 59
100 52
4 10
69 86
71 35
10 95
15 15
90 71
32 15
19 15
78 17
36 74
89 89
86 54
95 55
7 30
47 42
95 44
88 3
66 53
46 61
60 46
21 35
16 70
83 2
29 94
13 99
96 49
85 75
72 37
50 12
9 41
90 26
79 8
59 100
52 79
63 7
50 76
41 43
27 3
24 85
66 92
3 73
95 5
50 73
78 95
73 64
2 11
28 27
39 17
33 46
32 57
49 27
74 4
70 66
62 77
35 37
6 72
90 34
81 13
51 73
83 60
59 96
28 43
26 23
29 59
17 89
21 27
86 88
28 25
97 26
43 30
21 77
28 70
25 46
8 1
94 83
24 48
97 21
10 35
22 52
12 61
67 81
85 15
89 9
23 79
83 43
80 11
91 18
81 57
30 55
80 96
18 52
58 26
90 28
36 83
51 48
100 92
91 21
2 72
57 60
52 86
84 74
43 36
65 13
26 94
91 36
75 56
92 55
4 11
83 37
22 49
52 37
50 34
7 26
25 51
61 51
8 53
79 45
56 70
14 91
70 88
58 2
65 75
65 76
60 71
30 64
48 95
63 37
82 63
33 64
19 20
14 85
56 95
93 17
89 52
92 35
46 83
46 36
38 34
3 33
30 94
94 1
99 73
57 82
75 100
32 52
98 53
64 28
94 59
66 17
9 53
83 59
93 1
68 41
32 52
64 56
27 84
42 71
43 38
68 97
79 52
90 31
29 39
88 14
100 96
69 40
88 85
61 75
14 53
14 65
45 66
90 50
47 6
59 100
5 99
52 13
21 62
6 4
37 50
47 9
61 57
22 90
10 17
15 37
17 93
88 1
77 57
92 34
3 99
68 43
7 56
58 54
68 47
46 37
43 75
67 59
86 77
3 78
72 33
28 7
54 93
24 35
8 87
22 51
15 42
90 79
37 1
1 97
100 40
30 38
36 66
34 32
55 57
7 8
41 46
74 75
92 37
69 76
29 9
30 55
85 58
25 38
86 17
78 9
19 32
43 59
77 97
70 11
1 50
22 14
77 49
93 38
52 52
89 50
16 18
16 89
32 16
94 71
78 91
34 54
6 75
67 64
15 54
28 32
54 29
83 79
54 98
47 9
68 3
35 22
86 52
40 76
66 33
36 6
64 28
40 75
74 5
32 27
66 75
22 21
8 46
9 25
56 68
34 6
98 75
73 90
58 98
14 25
34 81
50 67
76 42
90 66
32 54
91 11
78 43
67 27
32 86
8 80
13 83
42 79
24 76
6 28
88 33
66 46
78 23
31 4
11 73
63 62
95 99
62 53
84 97
43 58
84 57
75 52
45 38
29 45
74 59
13 92
28 59
89 27
3 62
36 30
55 47
57 55
47 27
98 18
59 27
49 39
51 26
18 81
92 27
39 33
69 46
78 26
78 91
76 64
88 67
65 24
53 6
47 14
21 88
93 67
60 19
17 64
89 69
35 7
66 21
9 42
6 83
51 32
43 95
20 10
13 49
27 39
64 88
84 65
100 57
84 42
55 77
31 37
31 49
29 23
21 95
90 82
71 19
57 98
17 77
71 60
50 39
48 75
77 99
79 45
96 99
87 76
62 21
21 4
57 84
38 23
51 44
12 63
99 88
82 64
85 7
84 1
54 18
45 6
15 28
15 53
6 80
63 9
11 12
23 18
1 74
6 10
4 14
13 62
87 58
68 49
78 73
13 43
57 43
46 50
54 96
7 2
38 42
48 54
14 78
22 3
77 25
87 5
39 73
29 50
88 88
72 42
42 8
90 38
28 30
5 15
93 49
42 45
84 44
43 72
61 24
15 86
23 56
59 24
82 82
35 99
65 34
70 3
86 79
100 85
28 92
85 90
72 27
8 95
50 65
57 15
90 10
86 71
98 8
20 60
31 68
76 12
60 65
81 6
10 35
16 48
27 35
8 67
17 71
38 20
31 92
40 73
27 70
13 35
1 16
56 100
79 39
24 20
87 68
13 86
58 8
9 95
10 65
88 69
56 3
77 84
77 80
99 89
35 75
86 42
2 36
35 92
79 53
40 45
86 91
40 28
70 3
79 56
67 46
83 17
83 28
31 70
8 30
43 71
56 86
33 55
88 38
96 44
81 14
52 14
7 96
31 50
68 15
79 65
95 7
24 27
52 97
47 2
11 89
18 21
34 85
30 98
47 32
66 52
29 34
95 99
54 43
17 16
60 86
53 13
86 90
44 59
84 42
88 58
19 77
66 16
24 34
40 1
47 99
27 69
68 2
91 62
17 78
99 47
7 63
5 98
20 49
6 52
96 82
86 14
38 80
17 42
63 88
58 29
45 92
8 85
91 39
81 96
11 57
76 19
9 21
62 17
13 71
59 1
32 14
98 57
76 95
45 41
54 5
14 40
19 71
91 97
62 3
62 29
44 97
4 30
22 1
85 93
30 100
69 56
96 98
7 49
67 22
53 57
48 18
56 12
61 74
43 8
68 12
8 76
57 100
29 65
46 15
45 80
16 100
62 63
100 75
14 21
58 88
75 81
29 66
60 14
9 81
40 61
34 27
75 28
14 26
74 67
14 28
6 47
41 97
89 23
76 13
82 33
60 16
91 49
87 18
95 90
36 96
7 65
32 31
34 72
82 13
98 20
57 34
45 48
66 86
47 2
71 67
10 47
1 76
56 19
13 85
65 61
48 97
13 57
15 8
83 14
98 85
26 44
20 6
7 34
40 90
1 29
49 36
62 100
35 83
25 24
91 66
95 9
59 95
95 67
88 44
22 74
87 66
76 22
28 19
5 65
35 45
100 91
39 72
80 28
11 92
7 16
45 54
9 44
32 30
66 81
74 16
45 57
40 84
59 20
45 41
68 47
71 18
4 42
17 56
37 54
16 64
88 92
54 39
86 42
64 77
12 7
3 93
95 82
57 45
20 39
72 22
5 24
67 53
15 64
47 26
84 11
1 58
9 93
96 61
62 24
18 64
63 90
23 6
20 77
90 26
39 68
64 52
59 32
86 26
84 95
51 21
82 75
81 41
14 80
27 63
82 49
31 4
74 100
64 8
39 39
19 37
17 96
54 98
86 46
84 35
58 61
20 82
90 94
28 80
47 4
23 23
35 90
38 20
72 98
68 5
10 56
2 77
18 61
19 79
25 34
88 48
39 84
78 75
41 92
8 29
25 100
79 50
44 91
26 40
90 64
42 36
59 72
56 28
91 42
84 49
54 66
29 73
42 91
50 88
20 39
8 59
85 22
35 37
53 18
85 93
21 100
97 76
52 14
8 1
2 78
3 20
36 79
73 14
81 91
12 29
43 90
41 54
13 36
43 37
36 96
77 86
34 68
61 89
39 83
77 65
12 16
44 35
15 52
14 2
27 5
62 83
49 68
18 33
90 51
17 29
60 93
97 31
86 52
53 6
49 69
87 5
74 53
58 16
63 93
51 49
87 46
16 57
23 22
57 35
51 42
49 17
3 15
91 53
60 33
77 23
75 51
87 8
33 65
60 90
17 74
29 36
99 88
91 75
59 48
57 16
92 80
18 4
57 3
25 36
19 74
29 84
39 31
23 54
48 59
57 76
72 18
61 85
95 41
52 72
26 39
95 51
93 96
37 11
15 28
48 16
