1000
2978 6357
6383 3428
5129 7628
1773 7266
6692 3447
5731 4615
7121 9285
39 342
5615 9294
8386 3122
187 4452
4574 1078
2727 5692
4840 1096
6320 9565
7099 1751
5940 3028
8644 7879
2487 1228
8640 2613
5118 4756
9469 787
3054 4197
9923 3352
2724 7214
4013 709
1296 3078
8740 260
9411 438
3473 7747
1035 3552
2820 1471
6059 9430
9191 2761
8548 8461
1896 8165
2137 295
9185 7361
1068 6835
4808 768
3453 9498
2494 2409
2314 761
3959 8363
9122 7796
1228 774
4476 3323
6548 9514
3416 577
4099 1369
172 3082
2711 2576
8684 909
1942 2982
3712 2263
6249 4864
334 6288
9145 3402
6621 6425
1260 6166
4208 5830
1854 4235
8896 4300
5195 3106
345 5763
3316 890
3766 6181
662 7805
9393 1324
906 3015
5275 7223
5665 8529
3898 2121
9993 9596
2972 3447
9243 3964
2865 4201
6927 158
3570 8071
1130 8152
6362 4701
9161 7284
2736 8999
2547 5783
7028 3451
1339 8542
3936 9056
2479 8461
6831 4976
2140 3371
5893 6087
2992 9993
8765 3722
453 7487
1704 252
8484 3743
8676 8477
3726 7967
5515 9281
4656 5081
209 9194
8727 9235
6707 3425
4060 1941
4190 7913
191 8414
2416 4316
4570 9273
3818 3169
3007 6739
7813 6261
8027 9648
8292 5576
5119 5701
5993 1461
7126 3292
6761 8425
5352 1965
9136 9508
4891 3020
8607 117
6999 8489
9524 3246
1850 6554
1314 2948
959 3736
8069 4294
2747 518
3655 271
867 4805
9988 6103
5901 4154
4227 7096
1559 1636
4434 2249
3835 2306
5229 3486
5552 6031
4689 3093
9192 3
3159 8385
6208 1742
5058 8304
6359 9992
4898 1051
51 3891
5410 2470
2164 5786
7692 7544
7944 4125
9509 1806
254 694
8828 9495
748 2642
2211 5649
5066 6149
609 2573
8510 3868
6729 6865
7025 533
1898 3404
9355 1414
3704 4134
9806 3268
252 1892
5132 9154
5683 6544
7151 4772
4521 6098
4139 4139
1378 3384
609 3586
1170 1838
258 3518
918 2326
9340 3014
8611 2829
9044 7114
1983 7885
9377 7823
1101 2206
6187 6032
5526 4733
7201 8255
3850 3205
5226 9401
4412 7423
4457 6433
8776 6072
3185 2056
7253 2247
6278 3707
5343 7626
6473 2196
3147 4181
1434 782
3093 6784
3201 3104
8344 7078
5798 3752
4640 2965
1382 2713
8403 1917
6949 2248
6067 3844
4318 1046
6325 5316
4251 1839
8548 2074
3108 1038
2792 746
7158 7103
4378 7941
3557 7046
5107 3209
5314 2384
6141 2791
7411 3171
3709 9403
8912 9711
4052 310
5829 7192
1302 6269
9454 6156
3719 3387
4313 2484
8834 9330
3525 2515
7590 7161
6156 3870
7927 943
7347 3158
5897 1856
8157 6730
7007 4763
6924 9934
9167 3148
1500 6381
2902 8279
3065 6266
8819 6539
1133 1631
1196 3773
9467 6133
6128 5351
9129 3437
3088 1530
3192 3309
7961 9891
9954 4289
4072 9955
7069 6854
6578 9394
7884 7058
817 2358
8499 962
582 4338
7837 5524
262 7046
3048 1873
4702 5449
7939 1307
3741 8001
8111 6619
4248 7034
2154 9404
3706 8327
9148 583
968 6393
3883 395
9612 8755
136 5985
8697 5962
3842 2365
2542 1108
9009 9089
238 7256
3225 6142
6016 6094
9567 9647
8995 5456
7701 972
1670 801
8784 3520
7581 6382
8296 6172
9768 8190
3760 9177
4393 6104
1439 3131
9507 5771
1733 7274
847 1634
491 895
9732 8136
5633 1268
9834 8759
5911 7805
1810 2126
2119 9826
3332 3079
731 9565
2889 4169
8732 4369
7908 658
3549 4081
4657 1686
1878 9908
9450 913
1544 7780
5635 8337
2687 4574
7429 8091
7405 2956
7745 624
5852 7226
2986 8159
3226 3946
925 8313
6031 5699
1000 696
2465 1342
9180 6948
4404 6877
3908 2440
3003 5041
5963 6463
3239 2014
7364 6726
4010 9556
7612 8467
6923 3055
7844 7655
9313 7900
9478 4601
9223 6880
5960 8007
6037 871
6735 7464
7019 3376
9381 5709
4604 8091
2052 4938
555 6850
493 4547
3446 9800
6812 4985
138 2360
613 56
9364 6320
7311 9753
2955 9996
6864 9649
923 3310
1330 5445
5132 7306
8167 6031
3282 5430
4562 3920
7237 6966
2158 3318
8971 100
5055 5678
4387 1157
1918 7233
2073 5503
9632 7705
3905 4669
4344 9518
9526 987
7974 135
8616 4366
2568 7718
6404 4907
2749 9817
2029 9851
624 203
5604 8892
2435 948
6655 3282
1846 5252
7747 8621
2065 8289
3013 4671
4461 9739
3811 978
5118 139
1495 7153
4183 4215
6241 1970
6874 2855
9435 9708
9577 5049
6219 8355
7704 4667
659 4388
370 9182
8427 5393
4852 5314
8661 8963
9825 5150
3290 706
3204 7845
6197 525
6393 1716
3644 1888
5574 9795
1612 8642
7308 6559
8364 7722
182 9126
3229 2768
8358 4804
9729 5699
1172 2810
9764 9129
8163 104
2513 7465
1329 6378
6871 2181
2351 4499
9625 2658
7441 4966
4055 2053
4509 8835
6753 4535
1428 1675
5724 1587
6439 5554
4305 5158
3707 5866
9373 2034
5196 8202
8172 5591
3919 9714
5945 4777
4325 2859
26 6798
8849 9591
1422 3775
950 5593
8151 1864
1049 3895
6501 9631
4869 1783
2640 5036
862 92
2875 2292
9029 7539
6302 3558
9933 5360
8139 1312
8477 2253
5186 2609
711 6391
3489 9615
5519 7184
2240 1554
4415 2807
8416 5462
782 2983
4642 6771
1948 4962
6679 8035
6532 4369
8622 7053
6100 3336
8302 5055
93 9638
5709 8216
3711 7768
9451 1929
3975 4792
9944 6395
5494 2650
9943 5185
3769 2854
9096 9015
4468 4104
2405 5027
4659 4795
2635 9038
7017 7973
2072 3743
8368 1440
1137 1863
4993 2980
9064 4400
1937 2933
7397 9569
1106 5329
7613 3196
2065 7427
4456 4533
3359 9421
6459 1912
6420 6135
9604 4290
703 2648
7371 2477
3762 2369
423 1916
4841 4944
9909 2319
3353 5121
8950 5157
1064 2532
5446 9056
2126 2376
8257 6084
4401 6215
7867 7097
6469 8545
7414 5603
4615 666
8533 2150
6315 4956
6536 4775
4128 7853
809 5824
3201 3666
6899 1350
8445 2999
9864 2963
9291 1667
2807 530
6570 2726
9571 733
7418 2160
6808 9003
3072 7889
2175 4730
9611 8115
3675 1657
6400 8663
4837 2569
2018 8521
2956 8023
8480 5135
2285 3148
1454 4980
3555 2412
2886 7642
4916 1766
486 8633
8767 9679
308 7493
9890 6117
974 382
5045 7370
5530 7988
3823 8829
5842 3415
1388 1637
2247 9982
2474 4494
3494 7642
7993 738
855 355
9522 3589
9611 4748
2665 5406
452 7429
7677 2516
3382 7754
8643 5086
6937 9146
436 9440
741 4280
7056 1261
1245 7438
9321 6903
6642 4265
5933 2007
8529 2804
991 4841
7117 5131
3966 5493
158 8414
4112 6647
6255 434
780 1757
5677 6305
4991 1962
148 1194
1316 8031
6393 6969
2111 1595
3538 4831
9639 1434
5523 9921
49 7077
7457 1261
4507 8372
6681 6671
1185 9331
4721 9172
5694 5938
1749 2670
4348 5678
9951 9905
5667 5842
3521 9429
3736 2382
9914 8110
8325 7056
3121 5202
1236 5146
5270 5725
2246 5423
5685 8095
2054 1167
5611 3981
9696 2015
3522 1535
4604 1947
2171 168
8498 5958
5879 591
9268 3132
7389 4882
1223 4024
2171 1015
3313 7485
9635 6315
8429 8947
1827 8359
8466 4294
2247 7480
6451 1425
3735 8408
4062 9673
5704 41
9023 837
849 3794
1797 7501
9925 1697
6667 7965
4781 7633
4810 3551
5411 6783
6776 7509
1639 2167
7513 9823
5210 9988
4781 5022
2258 1272
8434 4017
3493 4150
9449 5068
1831 3555
2383 8367
6496 8085
234 227
2567 3668
9989 8097
3169 7269
7938 3352
5873 6668
8459 9152
1330 2159
3843 8766
506 5364
7309 7325
4019 3097
6690 7483
6158 3393
4234 6426
5561 8602
9716 8511
4836 8520
4265 7918
437 8695
8626 488
2371 7927
4013 9575
8262 2335
1234 6994
9375 495
5292 7955
6844 9796
9326 9658
6431 5866
6896 3599
5615 1153
4324 9670
6706 7392
3179 989
9492 3733
586 5745
128 8920
9930 539
197 710
4883 6514
8479 6656
5326 2466
8603 5059
4017 484
517 6930
6620 6560
6803 3072
6333 1255
3670 405
3620 3789
4373 7421
9881 1148
6956 6132
2862 1122
4071 4198
1500 124
288 6932
3648 6995
9446 861
9597 2492
398 1920
5949 1010
5895 2482
1673 1911
3910 4042
5551 8224
7238 3190
9759 2743
9751 5078
6462 4100
8148 1798
1783 7661
7883 1051
560 803
4933 5335
8520 3875
2655 570
7574 1225
7155 4381
1266 5394
7866 7831
553 9298
9964 809
7360 9419
5603 2966
8856 6472
2271 3221
4028 5476
2179 8809
150 546
9264 2898
4614 4277
1246 6719
2785 7083
18 1059
124 7530
9226 1048
8801 932
8714 2208
3929 215
6874 9860
8141 1517
4799 6781
2242 4981
1333 2003
5404 559
791 7252
9515 3867
5355 2760
5217 920
2555 2686
5773 1631
8685 6313
5782 3079
8999 8962
105 9037
5470 7419
8381 7579
9988 5231
114 318
8571 5950
5790 9993
4584 1995
7432 8457
4528 1162
3827 9409
995 7313
5600 1949
7897 8246
31 410
551 4419
93 4235
9438 7050
5809 2912
3071 6960
4792 494
20 5877
216 7708
3688 4055
3659 3849
8383 8151
5365 467
5651 9489
5386 7668
9898 7497
3734 3470
4132 1464
9751 3991
5244 9069
1783 845
1026 9761
4184 8923
9928 841
5146 5445
7150 1129
4361 5342
1337 3364
9295 84
6573 3878
1779 323
663 2727
3324 4302
5093 3087
4798 7114
9246 1380
8499 6667
5159 9215
2922 6534
9513 3091
4259 2175
2663 8795
5284 4121
8840 2900
4913 4191
5539 5785
1321 7772
3264 1721
968 7777
1161 2713
5773 423
3689 1250
5624 8943
602 1320
9536 9472
3647 3715
1270 9188
8286 5742
2208 6913
2884 7479
3544 3590
2140 4060
7337 2758
1540 5252
2010 6739
450 6657
8793 8398
8098 9420
372 1716
2883 6977
4151 6077
3296 2053
5920 3161
3436 314
9676 7127
9998 557
4556 9312
1946 7038
2942 9346
330 3301
5222 1118
3508 6377
6608 7773
4972 1143
1623 625
5570 4955
3977 1867
8285 40
881 9895
8249 9495
4747 3160
136 8683
3904 7508
5149 1035
3022 2846
1986 4663
7778 3817
8144 2793
3931 8738
8233 6206
3252 921
7838 723
986 8445
6581 4436
7779 2101
957 9177
2185 1781
4888 5305
3616 3744
5494 1835
8512 4365
488 6511
6105 5911
950 3904
5571 4014
3947 9154
8805 3577
8989 3649
9637 215
6239 8594
4780 4764
3947 8540
4789 3053
9820 9795
9782 7366
7225 8288
6535 3590
694 2645
2904 1256
7509 5742
6845 5482
1321 6295
4891 9910
8031 3081
4162 3443
6354 5507
5530 4815
682 7155
1620 2096
9585 2208
1287 7237
2125 2435
1751 7807
3160 3929
2805 1859
6227 1736
7018 9365
7851 2589
1263 4030
2846 6793
7091 6357
6971 2438
1324 7045
9455 5294
6684 1125
3981 2953
8548 1798
7675 2682
4519 6197
6781 2033
323 9285
2549 3202
3979 6284
1030 7797
3463 6322
5685 6427
5744 4829
2219 8928
8980 3941
9008 3201
755 6869
7745 5885
2791 2408
1550 4791
7725 2709
8507 1818
6684 3999
9713 4889
4529 8853
5524 4795
9837 5143
470 3504
3809 4299
7704 1011
3923 5578
3794 7573
1582 8722
106 9069
9674 5905
3114 5231
1525 3817
3278 331
649 7236
806 3732
6229 5027
5460 1237
8372 5313
4259 7278
5932 8538
7145 2291
9232 8252
2360 2102
1734 7600
5804 4094
8330 9500
2432 6390
904 2147
1433 9719
9050 2242
2739 4208
5152 4491
3228 7366
8123 6614
8805 2572
4355 2354
6411 1223
2195 8654
2000
95 59
24 45
5 3
86 48
99 52
70 8
21 28
42 98
96 84
89 46
50 5
63 47
72 4
91 56
34 6
98 49
83 30
90 38
75 86
74 80
76 5
71 18
41 5
16 42
53 9
70 42
87 57
23 42
33 45
29 38
82 74
53 9
36 13
36 2
4 97
67 88
50 25
34 24
39 92
70 98
69 33
34 21
65 43
35 16
35 72
35 23
74 84
8 75
36 95
55 65
9 97
17 66
42 8
39 24
55 98
14 47
79 8
4 24
90 11
17 23
30 70
63 42
34 33
32 14
64 36
100 20
74 25
60 56
92 16
35 62
7 5
6 7
89 17
19 33
30 52
49 94
76 25
27 30
75 52
18 96
33 60
26 65
76 66
43 73
27 78
29 81
50 4
92 26
82 42
28 96
47 84
16 81
48 16
89 11
91 29
12 91
44 99
18 33
5 81
80 10
19 69
4 16
2 4
80 44
62 87
57 99
4 47
56 67
67 27
64 29
98 69
87 66
43 64
80 56
50 21
24 48
2 7
72 72
89 30
33 88
89 92
58 12
82 10
13 2
84 80
32 21
2 93
4 87
51 18
67 50
14 20
55 50
32 18
29 12
8 92
36 83
39 19
1 81
70 54
95 62
76 92
60 59
16 79
59 23
57 46
66 86
99 95
17 95
99 33
75 83
44 48
50 90
46 62
94 40
50 13
4 22
34 46
72 57
86 28
4 34
40 50
3 38
30 9
67 70
5 26
54 93
46 89
89 65
58 87
27 5
63 32
50 55
80 26
56 92
17 45
9 41
35 9
31 99
87 49
10 35
68 86
71 44
5 1
17 19
13 97
8 17
3 30
92 39
52 6
75 57
1 15
17 52
43 81
60 70
32 15
67 31
23 66
83 76
58 7
75 22
82 14
74 80
35 22
15 79
54 24
4 86
42 8
72 4
28 48
33 89
65 61
11 27
13 83
40 29
55 49
63 4
79 39
29 23
85 15
67 32
74 49
81 93
11 86
95 52
79 44
87 36
61 91
14 59
21 52
37 100
9 89
32 73
92 53
86 29
93 40
9 16
52 53
98 82
72 47
96 88
43 28
44 93
3 74
53 23
56 46
15 79
66 84
84 57
65 62
82 20
80 83
84 71
96 19
72 88
19 95
86 39
80 25
28 7
20 7
3 98
1 49
63 75
11 52
8 8
22 85
59 30
55 23
23 83
59 87
50 42
6 33
44 91
53 13
63 71
88 84
39 72
5 67
4 85
97 24
10 49
90 86
35 4
38 65
31 11
34 74
29 29
18 21
100 71
61 64
36 1
84 33
46 81
65 41
57 39
13 7
97 65
70 60
31 15
5 19
65 57
14 80
6 33
59 55
41 17
41 35
9 23
16 80
68 10
5 88
49 60
83 11
3 70
71 73
7 81
55 22
7 95
50 67
86 45
2 100
88 99
20 63
23 5
99 84
42 9
9 62
38 9
80 81
19 59
29 75
98 65
54 13
34 89
15 8
70 11
65 79
87 25
65 99
97 20
65 68
18 65
54 12
77 98
82 31
75 90
87 57
28 33
29 57
90 45
59 91
32 31
8 15
71 95
66 91
99 68
43 73
42 1
6 7
5 19
78 1
36 30
63 55
87 5
60 39
68 94
65 28
78 65
93 42
100 56
43 57
53 64
18 8
43 91
93 77
69 5
24 33
10 33
51 31
83 97
100 95
12 17
66 5
92 16
86 4
21 45
37 68
82 24
91 3
51 44
80 28
67 34
9 18
5 72
64 30
96 61
95 90
74 82
91 46
50 88
53 42
94 61
57 32
71 64
64 78
45 55
100 94
94 1
31 14
57 36
75 31
32 51
15 82
88 84
99 43
47 16
20 21
83 29
71 92
81 25
92 69
1 16
45 72
82 92
46 78
32 3
96 16
75 95
45 48
40 76
37 72
1 34
9 77
11 43
76 63
62 20
60 25
47 75
94 93
11 78
74 38
39 25
81 55
93 50
7 80
24 59
59 63
93 2
81 2
49 36
80 73
80 39
83 54
5 68
84 18
20 5
50 16
34 36
16 11
99 16
11 89
70 84
84 61
7 94
78 88
75 64
17 79
70 69
18 44
70 24
26 44
53 13
62 27
55 15
57 36
26 95
8 3
69 51
27 20
97 26
91 58
74 60
29 19
62 50
29 50
38 23
85 46
1 80
22 40
63 48
97 80
18 84
48 47
56 47
99 62
98 46
38 98
100 23
22 76
71 18
82 11
35 50
7 10
32 92
18 6
9 93
32 10
78 20
60 74
80 97
89 42
78 95
33 85
19 81
69 80
94 26
28 8
45 52
54 63
100 93
15 97
17 70
62 74
22 87
52 19
97 89
22 14
37 7
56 45
74 90
8 54
72 64
88 81
19 64
70 39
81 75
82 27
96 31
15 33
6 84
26 27
5 58
48 85
51 16
100 99
58 62
82 41
60 58
19 82
31 59
73 81
40 93
23 100
16 96
19 6
15 72
99 65
77 11
85 23
70 33
6 6
56 39
85 44
69 30
20 27
78 77
30 7
54 63
63 64
58 48
62 5
14 64
39 95
48 73
26 54
92 94
47 41
71 24
77 52
36 51
95 90
70 66
11 86
15 8
40 38
82 28
60 72
34 73
13 48
37 18
64 40
54 18
45 38
89 37
18 84
77 16
81 14
32 65
3 87
3 69
18 67
1 74
12 45
54 59
52 12
75 77
28 8
45 82
55 96
68 74
70 19
32 83
42 50
42 17
87 43
82 52
3 51
99 26
87 59
48 4
3 68
29 67
82 54
53 86
6 55
85 20
8 72
40 57
79 88
59 96
7 81
18 21
26 43
68 98
21 45
74 81
76 13
9 89
54 13
63 57
78 94
22 97
61 54
94 77
64 12
72 88
54 47
30 84
95 82
31 46
83 78
20 2
53 17
94 87
76 91
83 68
49 54
70 13
58 65
3 15
29 89
19 69
24 85
52 24
66 51
19 23
10 12
90 68
74 98
95 67
2 84
65 81
79 90
41 34
10 59
91 18
77 10
30 87
95 95
57 82
67 35
88 55
88 46
82 81
84 43
98 55
66 70
97 93
37 75
43 33
69 33
85 23
36 64
49 2
56 55
42 52
56 87
19 53
24 69
98 49
73 68
41 30
97 14
5 65
61 20
21 96
87 46
31 74
29 94
84 56
94 45
17 85
46 76
69 54
82 77
11 46
62 92
93 19
73 37
82 10
61 57
98 42
72 37
16 58
49 49
59 32
87 47
58 73
48 4
54 78
22 3
7 11
62 25
77 21
55 87
12 99
90 17
71 43
65 37
35 3
42 30
56 13
73 80
59 79
34 76
58 75
50 51
99 67
61 13
88 65
66 64
72 77
8 15
54 67
93 23
75 29
48 97
90 64
88 40
83 37
16 58
77 39
13 46
81 33
95 7
76 83
82 37
10 64
15 93
18 39
100 59
85 3
17 96
38 98
62 52
66 76
58 78
40 44
22 79
11 19
32 26
58 61
80 40
1 63
78 67
7 2
45 11
54 50
64 27
1 25
43 91
57 2
75 72
63 59
31 68
13 91
42 22
22 30
12 30
72 51
46 1
97 35
20 50
85 100
90 94
67 56
20 45
91 92
23 9
18 82
34 42
11 92
88 41
23 91
74 42
60 58
98 53
9 92
95 75
93 40
28 20
51 80
82 100
79 10
84 35
12 83
51 44
1 78
95 33
73 22
60 14
80 10
79 84
5 39
13 3
69 96
13 70
78 71
15 80
31 92
59 70
6 68
28 59
96 10
98 90
1 7
72 57
13 3
24 4
26 39
77 49
97 82
75 76
52 63
73 6
9 55
51 16
55 30
61 95
39 86
5 54
25 15
2 73
86 20
69 86
13 99
26 10
16 2
89 37
1 39
76 73
28 79
67 18
68 87
61 88
75 59
24 37
32 79
37 80
86 88
87 94
2 52
54 59
5 100
85 51
69 54
68 95
17 57
68 4
37 95
99 76
83 68
33 9
70 95
85 17
41 81
37 54
64 12
66 31
97 11
49 69
73 25
68 17
29 73
22 86
65 22
90 26
20 40
64 86
60 74
39 46
96 16
48 86
11 20
61 81
51 78
50 91
4 65
73 45
57 25
68 41
43 71
56 16
84 91
59 28
71 96
6 91
47 39
9 19
22 62
23 38
81 9
86 55
78 56
66 88
61 98
19 45
30 55
91 59
31 1
12 63
72 67
59 86
6 15
75 78
92 88
78 1
67 90
8 20
54 76
17 5
72 25
75 53
14 42
65 58
49 65
22 33
25 82
80 71
95 2
85 56
59 29
24 29
64 71
88 55
69 54
85 69
79 87
15 16
76 73
66 66
54 30
12 7
31 25
54 37
96 70
100 91
13 40
79 31
82 3
27 90
28 24
4 94
27 93
68 27
56 58
23 79
1 26
4 88
45 91
54 10
3 25
12 70
54 69
4 96
4 24
35 71
56 81
25 19
36 85
31 6
73 41
31 5
17 41
91 43
31 22
86 44
22 65
69 25
65 68
72 57
97 86
73 53
45 73
68 36
80 13
93 19
26 8
83 96
70 60
44 80
54 56
47 84
5 55
42 64
29 97
71 31
12 18
28 82
75 65
5 79
86 48
76 29
51 35
36 63
46 65
79 81
13 89
68 7
100 32
69 21
39 29
8 57
56 17
2 72
14 60
2 48
60 92
40 43
22 8
31 41
68 54
28 99
84 14
78 88
99 94
53 96
62 59
31 72
75 56
29 95
74 80
55 47
58 44
41 23
16 53
60 87
97 71
14 42
38 95
22 13
15 95
21 96
44 50
17 17
91 86
46 55
20 24
99 23
11 5
35 17
55 51
84 100
48 30
57 8
50 77
21 11
55 4
11 33
79 73
87 41
22 21
5 46
19 52
87 47
80 21
56 32
11 30
18 67
82 67
15 78
23 95
49 53
100 92
91 20
24 85
78 32
2 7
55 44
53 3
62 76
29 66
36 79
96 98
99 36
23 48
23 70
77 22
22 45
75 13
57 36
35 38
55 21
69 19
89 17
94 73
84 93
75 15
68 12
13 96
27 21
35 96
51 76
33 95
79 81
67 90
25 56
24 88
6 3
94 81
81 18
69 99
59 83
11 22
96 35
18 61
37 51
96 83
74 48
10 75
97 82
51 89
26 69
27 95
100 73
61 60
22 92
6 51
37 25
50 24
89 15
4 17
9 44
34 31
84 41
60 57
94 95
52 76
87 55
51 72
97 17
57 91
97 38
50 34
88 79
65 53
89 85
40 67
32 90
77 95
91 60
64 53
60 42
13 43
41 80
11 54
74 51
3 87
59 76
50 56
45 1
2 35
91 93
44 19
63 39
27 52
22 22
72 26
81 2
4 66
6 1
44 33
7 89
5 15
88 38
52 16
69 2
27 43
31 62
86 82
63 32
25 95
44 90
92 91
72 42
68 6
60 70
77 31
47 36
47 52
48 37
74 19
53 29
97 69
78 91
25 89
22 67
68 29
69 66
50 61
3 48
66 26
58 46
33 25
24 76
69 82
11 97
4 93
59 25
63 3
93 40
28 38
79 93
35 57
87 6
72 49
5 19
31 11
10 49
96 17
27 38
89 90
96 35
4 34
48 6
15 26
60 95
17 88
73 67
68 61
38 58
50 15
54 62
82 90
59 94
86 2
49 31
33 56
32 99
5 21
93 33
58 71
46 31
60 30
72 86
55 92
52 90
38 84
9 95
30 57
97 18
68 60
69 22
55 26
64 28
98 1
6 35
95 47
17 78
90 77
82 63
15 64
48 94
57 4
48 54
96 57
99 53
97 35
62 23
47 4
21 79
4 87
45 60
56 26
55 51
77 30
64 1
18 95
77 94
94 6
80 90
80 19
95 34
72 95
8 8
10 95
25 2
52 21
32 12
25 74
59 73
14 55
89 72
78 32
54 89
93 7
71 49
91 2
73 12
7 90
23 35
84 87
90 21
46 84
100 80
38 13
44 89
7 15
6 62
69 70
71 42
82 25
89 30
52 100
48 6
81 12
93 69
39 57
49 68
27 44
67 42
51 1
36 42
57 3
27 60
1 88
59 71
32 9
96 61
54 31
52 30
71 9
87 56
31 69
94 66
66 21
9 68
60 57
91 17
99 26
59 93
97 85
45 93
70 74
77 88
1 69
26 98
12 79
94 45
33 59
13 14
78 30
97 94
55 57
75 66
59 14
23 20
78 7
73 62
72 98
72 41
42 98
23 83
24 100
49 47
57 75
10 13
43 43
97 42
68 37
41 99
95 99
65 68
45 91
1 50
71 17
58 54
53 98
51 22
59 91
95 25
55 85
58 63
5 67
49 30
53 80
32 54
95 10
39 50
75 52
33 15
73 36
11 52
94 68
66 30
99 61
11 3
48 38
47 15
74 83
18 87
89 99
35 46
98 33
32 18
71 84
50 51
9 31
4 41
98 23
28 16
85 91
47 80
100 15
97 99
70 62
9 77
23 53
49 100
78 43
54 57
48 42
42 26
42 95
99 99
43 39
79 83
48 40
2 83
95 86
12 16
13 39
20 82
64 76
58 38
6 58
47 64
33 56
2 45
64 15
76 71
68 99
23 74
96 35
80 4
54 8
59 85
50 10
2 87
85 52
56 11
14 33
20 63
82 33
31 20
97 15
28 29
90 75
52 3
71 40
66 55
35 70
88 27
99 98
7 44
76 13
85 71
41 21
94 21
38 26
87 5
3 68
47 96
33 45
63 56
91 59
61 71
94 34
61 78
86 16
9 3
67 70
10 1
34 19
82 42
33 93
24 28
38 92
36 6
68 44
50 81
16 39
10 67
10 83
81 77
10 94
44 69
99 82
19 12
17 8
14 66
30 57
54 39
51 29
18 18
8 33
79 48
71 42
53 72
81 2
13 54
89 95
77 37
94 31
91 66
80 32
44 90
52 38
86 84
54 88
39 60
15 19
56 49
72 75
16 71
46 100
73 68
61 79
81 65
20 80
35 24
25 16
90 5
32 9
44 40
4 75
58 58
47 30
40 57
46 92
81 2
93 53
15 73
89 9
55 55
37 81
38 17
1 24
56 33
82 55
58 91
85 32
18 20
71 100
66 5
36 49
23 43
79 46
31 62
9 36
5 81
100 93
43 37
19 70
99 28
44 56
95 24
75 16
45 83
53 44
54 35
21 90
41 53
36 8
56 68
45 52
89 77
7 34
34 36
77 11
31 10
55 56
47 99
99 67
25 6
90 64
57 61
16 52
1 57
94 3
72 20
25 82
41 8
30 14
79 37
59 17
80 82
63 58
34 40
3 13
64 27
59 17
10 88
74 96
52 4
24 95
75 15
21 10
54 72
39 73
80 6
54 43
66 23
35 17
40 4
23 1
76 3
61 16
67 5
2 44
19 27
72 15
5 91
52 45
57 22
80 99
83 97
2 97
69 60
43 9
28 99
33 54
62 98
82 93
83 45
75 74
58 74
53 82
69 46
26 16
53 60
43 48
10 5
89 7
45 74
67 24
17 64
45 14
79 83
16 18
1 80
6 79
55 67
29 28
100 45
62 11
3 59
5 75
34 19
95 18
55 88
63 92
2 56
82 40
66 46
77 12
24 99
6 44
84 96
66 87
34 35
64 46
9 71
96 86
66 87
16 35
46 55
100 67
12 73
12 87
78 23
19 85
40 13
12 89
59 92
42 18
40 39
65 50
34 31
37 35
19 88
45 16
15 29
64 84
9 3
85 55
63 53
79 87
10 84
96 75
61 15
58 87
88 7
51 90
6 37
95 11
79 46
75 85
58 92
37 6
95 95
89 90
26 15
61 56
35 1
93 46
51 6
39 42
68 64
90 69
81 31
15 52
43 14
18 79
59 50
58 29
89 19
79 12
80 31
19 79
62 57
77 19
23 42
12 17
59 77
8 58
10 97
56 27
61 73
39 43
54 20
15 23
7 59
47 23
67 50
38 11
39 10
17 58
56 99
49 33
20 56
17 32
100 4
79 60
82 85
83 67
4 98
19 77
12 8
30 15
1 65
68 79
17 72
91 34
71 15
7 78
8 52
70 49
53 4
60 27
69 88
48 42
14 11
15 18
34 64
95 82
98 21
51 87
85 88
3 97
74 41
73 81
94 99
85 21
5 79
63 86
66 50
91 7
64 18
60 36
3 1
10 58
47 32
22 28
24 89
16 16
30 70
72 5
73 30
56 53
100 59
53 2
10 73
73 4
3 55
5 54
63 72
36 46
1 47
55 95
49 43
81 20
52 8
57 76
19 86
77 92
56 39
76 44
94 39
5 50
40 65
94 71
92 67
79 64
30 95
22 67
7 61
76 63
18 49
56 81
97 16
52 85
23 26
41 82
9 4
36 7
1 23
50 88
51 3
72 3
63 89
57 38
53 72
47 70
95 59
23 31
33 43
26 23
15 15
49 60
18 84
22 24
81 81
95 13
16 57
12 38
85 83
77 10
82 57
49 10
32 93
100 83
87 48
60 43
71 93
26 72
89 81
61 18
87 86
38 58
51 58
3 85
78 80
30 33
39 61
65 100
34 38
51 3
52 62
90 64
34 25
44 92
92 59
41 36
65 71
99 2
25 24
56 13
9 78
89 92
26 41
41 6
73 32
28 35
83 89
52 38
80 21
90 68
53 3
11 91
62 36
33 9
19 30
48 41
75 22
91 9
12 3
68 76
78 82
60 91
79 10
53 92
10 97
74 99
62 26
53 5
78 32
82 10
87 7
77 89
45 24
92 76
24 38
83 3
60 72
33 63
85 11
90 62
82 13
97 16
39 28
82 75
2 38
32 3
8 59
38 31
16 95
85 1
43 5
12 62
8 45
95 84
71 12
54 32
99 1
28 59
58 53
78 76
65 21
60 75
83 27
68 93
40 80
10 17
77 62
43 24
74 70
46 41
8 24
24 8
13 55
85 68
23 66
43 10
14 71
99 40
99 100
13 40
83 31
68 21
92 12
26 15
