1000
3210 2968
1062 3821
6024 71
7595 4837
5990 4526
4534 7930
434 1172
8238 4126
3576 7713
1540 3227
7348 1572
9076 4922
9131 9696
3183 3018
4281 8670
9083 3529
2444 9694
4171 1104
234 8332
4513 3508
2025 85
7791 7029
6739 2145
5881 7007
3372 9298
9728 9179
3060 7928
5747 4927
3749 1894
6122 5680
6016 4668
9430 5244
7150 6751
7043 9551
2482 2076
9769 7759
3083 9063
2232 668
4641 3802
5590 7466
9566 4320
2026 4396
2147 4790
4580 7748
8758 3979
1008 8263
3890 5329
8101 7859
8769 4006
4099 419
9154 993
2151 5653
138 4002
6230 2045
9733 9634
4763 9021
9673 677
2373 2796
948 2205
2994 7108
4726 7748
5465 3945
7355 8401
3755 4934
5156 5414
4332 4067
8844 112
9388 8227
9938 7684
866 3979
839 3192
6411 741
3513 9640
6996 320
6747 556
5923 4319
7275 4356
4230 8211
7615 705
7714 1682
3780 5569
771 4980
2219 5568
5984 9936
3619 9260
780 2369
6204 6613
1203 6580
1176 5570
13 5351
7402 6830
7911 2632
27 2596
3041 4531
2077 4127
7769 3160
4155 8796
9396 7481
9817 3712
3171 7526
554 3121
6350 8021
8182 2867
6692 1378
703 7552
9416 3954
9304 6460
766 6555
7592 5261
2888 2718
1145 3645
6112 5361
3180 5307
6445 113
5736 6858
7412 2663
7877 4084
6110 821
8142 8244
3305 8848
3767 2987
2378 3194
6906 543
473 6359
2845 4362
9620 9857
1053 6489
1232 1365
3329 5883
132 5099
8690 7848
4580 516
9132 1983
1129 8765
5169 9521
4723 9477
5959 1079
7601 5159
480 8760
3232 180
3639 1942
967 4174
9665 1333
3401 8195
3860 3476
8519 9633
2711 3258
6214 2005
4586 2054
1952 3977
8528 7641
6692 8150
1068 423
9304 9608
6444 5637
7043 1481
4605 4177
7619 3826
591 3748
2589 9717
6824 7071
8133 3781
4345 9451
9230 8210
6327 1543
5834 5609
7297 4638
4738 6158
3975 1970
487 5815
7514 236
3961 3220
5109 4687
2009 5296
1 1764
1341 8641
4217 2349
8803 6113
2941 589
3258 4250
7649 3979
7444 9420
3912 8841
4865 7320
9656 7616
3702 6008
3655 3680
5800 9283
5043 6642
3769 8516
7874 8583
2060 3849
7738 9682
1729 1478
9772 6015
5516 2551
7028 9901
932 9721
3457 5923
4409 9612
5443 9133
1307 3504
2697 1402
4577 7530
5802 8500
4253 5545
7244 1247
7814 4257
2444 2499
1961 8463
6995 3570
7513 774
6244 5597
1976 1743
1551 545
5564 5167
176 7863
5492 5446
1292 1268
6000 4519
4761 5199
6237 6261
1178 8236
3046 4807
134 50
3468 3799
2270 7836
8347 7154
2330 3078
177 901
5812 767
8731 6405
5940 7837
9150 652
9180 2863
2929 118
6870 1229
1185 9291
6367 4272
7582 3756
6243 340
7832 5447
3872 2030
7775 443
2365 6390
4606 5359
161 6361
2691 5870
9503 7635
8879 6649
9882 348
5873 7723
8987 9496
2612 8725
8062 1162
9955 5172
409 9369
6336 2231
9929 7027
4164 3880
9482 2508
2586 9976
9257 7179
8109 4014
4784 6229
6558 4832
4744 5108
5468 2479
9093 8831
5456 2483
9707 1326
3238 8807
3299 5767
5767 1821
9970 2663
3321 8257
5278 6001
1280 6416
2025 4427
6639 2243
6663 1373
5360 6506
9890 8401
6500 3719
6129 3895
4635 9024
9788 2734
6697 341
2127 254
7411 5311
934 3607
6285 8746
6099 3002
9223 3780
8056 6673
2615 7920
8759 2262
3300 8107
446 9995
3519 7796
5000 4673
569 3451
7878 6348
2693 9526
3219 8111
8725 3790
2987 3135
4802 2008
4428 820
224 7767
1580 1098
1306 7180
210 4356
7057 7196
7342 1720
3193 3070
772 3143
5540 5809
4462 6671
6314 8381
6819 894
2893 8720
5765 385
197 392
8880 8351
4317 9664
5771 549
3693 4216
5829 5271
296 5405
2890 4951
6322 660
2942 6114
9210 5746
157 6141
2272 2008
1994 7325
1471 1801
9606 3666
8182 5121
4202 1597
8738 6726
9823 6129
9772 3876
8982 3546
5034 9065
2927 1337
4371 6878
5051 4050
5216 2880
9992 1888
8904 2126
8692 6982
5866 7039
6636 4053
5451 3136
1655 8861
1195 1877
692 4867
5334 5512
4754 222
8971 2965
6064 643
7904 9244
3084 2258
6536 1425
8272 3758
5726 9090
5251 6685
3412 1827
5257 6174
359 3035
8811 5161
6937 9496
9032 3284
306 8963
140 8174
8606 3160
4252 6847
1525 8776
339 524
1887 4887
7306 8647
3715 4608
247 5232
5824 3790
9078 5579
4375 443
9346 8435
2871 8683
4729 153
7904 6525
6790 710
1750 7718
7652 4445
7722 6376
8437 6687
8823 7210
6411 2425
8311 9597
1826 40
1268 6413
1276 2853
9061 4792
2724 3701
474 2683
4585 3410
6237 9516
378 333
9639 6497
6477 6238
3533 5783
945 1850
1884 9001
5962 1547
4270 8041
8240 1940
4634 6118
942 9652
5784 9253
1873 6475
6575 4516
3276 6867
2576 7272
7372 397
899 7840
9650 641
8175 452
9710 5660
6961 2069
4893 7101
1542 7156
9953 7209
6804 2040
9467 2579
8880 1012
5858 5827
9108 3242
4491 8283
3073 5678
5760 7304
3115 1964
1062 5790
6990 3611
9810 2802
8222 1259
8400 5553
3826 9205
7599 2422
5616 2868
6846 3438
3787 8099
3392 8013
7180 1502
1056 6045
1576 8735
3871 4687
9173 4733
9630 7040
1458 6286
5825 7523
6490 7730
8501 621
6972 6486
7805 4522
4682 2707
930 8547
1339 7095
6088 8523
2369 6155
9389 71
2683 9088
8716 8522
4798 1650
2148 4403
309 762
4846 3991
4927 2225
2806 5747
5102 2629
2662 460
2060 723
110 6431
6084 1601
5152 9855
8853 2
5108 1963
1446 9126
554 8403
7200 477
5427 1324
8729 4578
3880 4823
1371 4246
118 773
262 7582
5048 1725
7698 1771
1850 961
7252 7615
7643 3267
4302 8825
8511 5768
5918 266
6693 9958
4996 5454
7381 4473
6294 8114
2818 8713
1563 5643
1776 2846
4876 5689
3937 5758
7019 2610
172 6772
6107 8871
5555 9222
444 2766
5463 4251
7736 660
620 9636
1955 1245
5550 4049
9472 303
2894 5363
6682 8623
1963 2492
4135 5500
8396 1970
6207 1202
3219 4733
8682 6348
6712 9110
9555 1847
8559 2494
8065 4829
8624 8315
5265 6606
855 610
9881 7087
8724 9757
6532 2933
4451 3116
1859 8787
8081 9725
3853 5880
4112 8830
77 5088
4600 70
2149 4332
842 7508
3763 2478
1212 318
3493 715
120 9016
3284 5736
9117 3458
5163 9971
6218 2118
8707 8349
6023 6
9223 928
4676 4912
9313 6428
6036 898
920 587
877 4330
7407 7266
1955 9342
8617 6442
7089 9290
2674 1458
7178 8975
3124 7024
2474 2970
9755 7108
7379 5877
7980 9230
2072 9196
4836 9902
4701 7856
5021 3282
5396 4160
5290 8213
4351 4761
6853 33
2457 1999
2666 3067
7045 6632
79 7012
1753 1481
2386 8077
8455 9690
2847 8348
4769 1772
9267 8541
1262 117
4823 3052
8055 6234
7538 6640
2568 7991
1956 8366
9468 9649
3684 730
9017 8546
5992 6225
2622 4337
1336 6479
6292 6594
8178 6812
5605 6499
2994 6540
391 4365
7536 1437
8044 7988
5479 5921
6069 3645
6021 5686
4646 8771
6620 9654
6272 9047
3678 386
3059 1598
8835 212
6047 4715
5137 9253
8173 3145
8674 6144
8242 9444
552 7286
2402 5444
1068 9592
8393 4536
2303 1333
6971 319
7421 1526
3265 2767
9025 3932
8596 9341
8172 7619
1812 2071
782 6166
9069 3879
1553 5773
4312 614
1964 4311
294 6332
5528 5816
2290 1661
1321 3945
5086 4223
5539 4166
6479 2419
974 4887
8160 9678
7406 7128
9085 7763
1206 6132
2752 8856
8659 2726
6020 1
1543 1096
5398 1724
4562 628
1959 6809
9734 6355
1303 7388
7870 3092
5579 2349
5254 5414
6251 568
5019 6738
1404 71
4102 9028
4134 2213
783 6383
7788 3211
8806 7348
7269 2989
7535 5502
3438 9838
9944 1021
2021 2530
3392 6547
8321 6111
2325 9582
4110 3423
7057 2506
4149 1442
6327 1646
3386 2003
8296 4057
3229 413
6205 4209
2377 819
2102 8386
4039 4827
4283 1104
7897 979
8134 5426
5837 898
9775 5860
4993 9225
2732 7162
3561 772
2269 8621
6216 409
8554 3882
7308 6656
7451 9721
8414 8101
3541 7266
5114 1976
8681 6623
7079 9450
2086 296
5121 9857
281 3934
2713 154
919 5341
6234 6719
5263 3850
8455 1309
2681 5079
862 4413
324 5934
5514 8896
912 4630
707 4532
3039 4642
5015 1566
661 3647
3198 2224
8897 9785
939 9854
8130 9353
7214 4063
5785 4260
8790 1757
7734 7386
1444 7135
6665 8149
1357 5015
9637 584
2180 4589
7335 9290
1810 7446
4980 5906
541 8543
4222 5344
2109 9545
2010 8995
8911 9
5690 7767
4150 8260
4538 4512
4803 3905
1818 5523
4660 6523
2878 6528
3389 5132
1152 6864
6845 5155
6414 76
4799 6792
9011 3753
1381 9254
2661 8853
6978 2319
7380 8600
3153 1195
1655 4849
6492 2935
7013 5891
7334 7842
2857 4429
4278 337
8160 6567
9785 292
5870 4535
5293 2843
6457 9484
4858 6672
9321 8128
5472 6991
4946 9870
3618 8471
6920 1133
1432 7037
2261 1937
2538 9873
544 5045
6774 4061
567 6501
7720 6049
1163 1904
8731 5898
5438 9225
3048 117
7787 4762
7576 2921
3601 6944
5109 4470
8165 4
4780 5220
2847 2195
8721 4543
3154 6305
4640 69
7955 8582
8205 8700
9656 6348
7327 1189
4438 7159
1684 5426
4058 6165
3392 8063
2497 2484
3941 3155
4958 6120
1631 2058
4704 5080
4965 9594
1755 9709
484 3221
7507 3510
7698 7389
7528 6099
1174 4317
9921 89
4466 5601
8874 276
5770 1748
1667 6512
533 4315
5412 7505
7450 1094
8856 6754
9564 1982
1346 9064
2115 7283
1980 226
8233 2697
491 6708
2563 9238
6298 1566
5638 333
556 9748
5787 1122
7640 962
5732 6558
5542 3110
3036 5276
9536 7132
3529 8384
6830 5456
3355 84
6074 2423
2279 8494
5901 9273
6017 8952
6465 3894
6240 4469
9543 8818
6864 1293
1553 5972
2224 1517
6540 170
6159 3481
5976 8995
6800 3410
804 7714
7467 2402
980 1814
2841 1167
1149 7201
9803 5258
7699 1906
1454 3185
7208 6801
1041 4324
6840 8907
6987 5886
865 944
4631 2654
4070 1425
1179 1125
970 2636
1351 6286
9944 2164
3624 7762
251 9722
9723 2385
5615 3364
1500 8725
9879 2186
4956 3404
6030 8175
5014 5865
8279 4022
6283 3345
5781 9719
7905 4218
7341 9429
2865 186
379 8370
610 1791
1942 251
5725 9187
9311 1936
1195 9119
4948 692
2728 979
438 2956
4068 359
3217 9317
8726 4302
2192 8106
4727 3910
7029 6475
7987 411
5644 5935
5783 4009
6930 7109
5312 5060
4271 9184
826 8486
7576 2070
609 9583
3391 5537
1441 8336
7562 7446
288 4748
6002 274
9649 4086
9287 875
4291 3771
127 3143
3081 3484
4300 702
9318 2975
8928 2830
3981 5687
1988 5104
2265 2316
3406 1595
2598 6094
7408 4903
9186 5497
927 2476
4655 6745
5800 3509
8724 7344
5546 6826
3683 3104
7984 1127
8352 3831
2556 4479
5624 3497
8612 8127
4377 77
3536 2797
4471 9999
8440 3431
3971 829
7292 7582
4115 6145
584 6995
6400 5680
4487 4799
1961 4079
6682 6104
6016 4653
5531 3285
2118 9975
2390 1248
6512 3730
2725 3233
3601 2230
8491 1327
1428 4558
5926 6664
1832 1211
9319 2469
8173 9806
6048 4369
6666 9736
5626 6894
3280 3584
9751 298
5455 5849
1256 5718
384 6888
1183 4712
2741 2675
7427 2771
8343 1929
2844 1206
4135 3808
5882 4607
2000
41 99
19 28
55 25
50 53
62 64
48 19
33 9
74 97
90 90
22 62
69 36
92 52
84 81
51 16
69 6
60 50
27 8
21 67
68 39
84 32
14 17
38 11
81 23
11 67
77 15
62 5
96 52
52 5
24 32
68 23
99 1
81 80
57 69
100 87
59 23
75 43
46 22
66 71
97 20
38 61
63 42
8 66
16 67
98 28
33 94
61 71
85 18
9 64
97 63
37 45
91 80
45 19
86 46
24 89
48 55
58 96
1 68
9 87
76 83
4 65
49 6
64 89
15 5
19 22
48 78
45 40
92 51
52 57
59 25
55 79
5 91
76 71
15 19
96 91
93 75
48 100
74 71
67 51
65 11
44 95
34 30
75 46
44 19
92 70
10 12
55 14
97 70
50 13
74 73
40 69
5 73
50 63
74 94
26 91
42 92
37 63
14 45
56 99
96 94
62 11
81 19
56 65
7 70
62 94
67 86
68 18
68 46
95 19
85 38
14 76
97 24
17 61
63 20
58 80
88 65
68 37
42 84
84 10
30 63
52 98
1 28
82 7
25 43
39 36
10 97
39 99
64 35
60 32
4 98
54 9
53 4
77 49
57 64
78 88
61 92
30 82
11 15
60 54
45 26
32 40
14 62
29 97
87 21
99 70
3 65
19 87
99 47
73 8
65 4
45 42
79 69
96 67
80 65
18 60
54 85
84 39
95 49
78 95
54 96
68 51
81 87
71 87
77 51
81 64
71 93
60 56
22 28
24 83
60 12
58 92
73 44
10 51
97 63
58 72
56 9
62 65
27 63
87 62
76 42
25 36
47 70
84 13
68 25
87 58
9 47
97 25
97 64
52 10
89 87
10 53
22 39
18 56
89 12
2 27
6 37
90 92
86 22
15 29
26 6
99 69
92 93
89 50
60 31
67 81
33 50
57 97
45 70
4 37
4 41
92 72
57 11
68 40
65 16
70 54
86 2
17 48
20 83
29 93
70 75
38 46
94 58
40 4
49 81
70 8
61 32
79 29
2 48
74 76
64 79
28 45
33 79
89 12
63 25
6 37
71 76
94 22
97 24
90 71
7 19
92 7
70 37
75 61
28 45
58 14
39 19
26 37
37 32
44 77
83 1
21 7
4 99
63 51
55 53
7 93
14 21
94 24
24 52
40 85
36 8
81 74
16 31
94 52
57 22
1 57
56 55
19 93
5 10
64 68
52 66
65 11
75 98
43 48
23 50
78 49
43 50
62 22
88 9
81 91
23 60
38 49
79 35
22 64
5 64
3 30
94 13
71 67
78 4
58 36
21 100
33 78
7 89
2 36
48 9
3 60
4 10
63 91
43 17
95 11
83 2
89 29
72 45
71 44
6 32
94 81
25 68
51 37
93 9
70 63
44 98
42 74
100 57
51 78
47 80
99 99
90 20
20 50
83 72
48 73
21 27
95 61
38 38
58 35
61 68
81 19
63 84
76 24
78 28
32 43
15 57
65 78
16 85
92 97
49 72
40 25
26 67
93 55
67 75
79 16
1 66
65 75
47 99
25 79
66 78
99 82
59 91
77 44
60 79
98 30
92 1
82 39
65 60
32 27
12 68
91 33
24 75
30 91
74 10
51 13
14 94
29 1
91 98
86 88
62 75
100 72
12 29
64 62
14 14
34 96
36 63
75 54
77 66
97 28
53 92
4 65
90 66
61 52
9 25
57 43
14 15
83 8
95 50
19 27
52 71
82 19
82 28
48 57
64 76
90 56
75 66
82 24
12 99
24 58
96 82
69 84
89 38
85 2
15 31
90 25
86 35
94 48
3 9
24 11
58 22
39 43
45 67
100 43
12 13
65 32
60 73
32 72
2 13
15 21
71 25
51 50
88 47
85 22
13 36
32 66
26 44
59 39
66 44
62 46
28 99
49 96
81 61
28 83
16 29
96 62
75 41
36 50
20 72
57 83
57 66
21 34
78 98
13 42
25 68
48 18
99 31
72 51
42 67
17 20
6 65
27 55
73 64
59 1
38 7
27 65
97 90
73 59
56 58
97 13
87 24
81 64
78 94
2 62
81 86
66 17
50 68
39 66
97 79
2 87
83 60
69 74
78 94
66 42
24 75
37 68
60 77
13 47
31 76
24 100
3 7
54 36
1 83
24 100
16 2
96 5
8 34
54 10
62 71
29 100
53 33
96 20
49 10
26 93
43 22
13 29
82 43
53 81
66 42
83 3
5 53
32 84
95 85
54 53
30 93
77 25
41 5
53 72
37 33
12 63
68 5
6 37
74 25
68 68
38 88
78 70
14 30
51 11
69 27
50 34
43 53
92 93
88 17
71 32
76 92
37 57
32 47
5 69
58 76
23 89
9 56
14 50
36 65
49 47
56 42
74 62
4 63
100 22
89 25
92 35
12 90
92 62
10 31
37 83
45 59
99 53
4 81
90 15
58 27
34 80
34 10
48 99
76 3
48 2
31 11
58 71
20 27
39 81
42 10
31 87
44 97
15 9
100 81
94 55
44 64
13 62
9 58
26 11
84 39
73 97
28 31
7 51
100 97
73 79
61 71
1 77
20 10
35 41
15 12
77 26
30 100
40 67
13 76
74 61
69 89
37 70
47 53
60 61
76 42
29 8
62 80
41 78
73 89
31 58
50 56
56 77
1 94
70 73
93 49
33 51
86 4
52 64
47 57
20 73
57 29
17 69
73 53
92 56
16 13
14 37
90 63
99 41
85 59
19 8
55 87
60 45
25 51
81 77
15 54
29 67
12 52
86 37
42 54
19 7
72 59
15 28
41 82
27 27
82 82
53 84
32 12
66 24
57 88
16 37
4 84
3 67
32 47
86 86
63 25
52 4
82 81
86 3
15 53
82 49
62 76
18 26
19 47
89 43
27 96
80 46
9 64
63 74
88 97
58 94
30 31
29 57
88 77
90 34
59 69
51 71
32 73
88 100
16 86
71 18
18 45
32 20
62 65
60 29
38 29
38 18
96 4
14 15
17 90
56 29
98 68
43 23
67 35
3 19
20 50
32 88
29 97
22 88
38 30
69 26
49 2
70 51
35 41
40 42
40 77
15 80
36 57
96 87
59 76
11 98
23 27
2 62
66 22
65 7
83 18
85 4
5 37
29 49
42 45
78 50
84 45
18 85
100 71
77 43
29 1
50 84
20 1
48 87
83 65
9 65
79 20
69 5
69 71
26 100
8 59
35 48
70 24
28 23
63 40
48 9
1 94
97 49
75 57
43 34
5 18
14 33
15 13
52 25
11 80
68 21
68 35
5 58
84 82
1 21
58 79
18 95
53 57
1 66
36 72
100 6
42 79
73 46
7 70
59 32
10 24
12 6
10 44
34 92
29 91
52 43
33 65
63 60
50 10
67 82
89 96
97 59
12 95
65 18
100 51
35 50
49 96
88 40
23 35
16 84
62 79
99 6
46 40
30 29
86 15
61 6
5 58
56 80
44 98
99 1
97 31
88 40
72 64
1 45
93 38
43 96
78 46
77 3
2 95
34 91
97 77
61 77
93 84
26 47
62 13
33 79
29 70
40 23
14 68
73 45
99 9
70 18
16 84
76 79
75 68
70 23
58 32
69 64
98 63
58 62
17 81
53 28
81 39
64 54
97 33
30 81
29 21
81 37
40 42
65 66
76 32
74 90
71 10
51 4
65 93
79 82
79 1
42 93
41 33
71 70
41 51
81 87
44 20
76 60
32 98
11 90
50 89
64 30
23 19
47 39
69 61
54 94
40 33
55 42
80 34
25 55
28 21
21 46
94 81
22 36
77 37
27 94
91 93
31 7
31 66
46 8
27 20
88 76
32 43
66 5
65 86
55 14
29 82
31 80
81 31
72 11
23 54
24 67
47 19
45 56
99 41
66 23
58 94
21 58
50 1
78 24
54 33
93 73
93 80
58 30
36 59
72 28
83 8
92 15
76 95
22 43
14 60
24 28
8 4
63 28
50 45
43 27
71 63
20 71
67 69
2 12
7 54
55 76
20 28
82 51
95 72
49 56
16 15
38 82
16 60
44 73
61 79
61 4
67 21
72 40
29 46
57 12
49 81
34 55
75 63
95 33
13 78
16 26
53 11
5 21
36 54
74 55
10 10
89 95
1 93
99 3
51 34
23 7
17 17
48 2
63 86
30 72
27 58
86 60
71 19
35 97
65 63
30 95
73 75
62 9
76 59
45 66
79 47
68 58
25 1
48 72
19 98
91 57
76 57
4 68
21 42
99 92
60 55
55 88
47 13
23 81
85 22
59 42
57 87
23 1
7 74
78 46
48 79
74 45
58 93
35 87
65 86
88 21
32 79
88 30
53 28
69 89
19 39
33 98
59 37
85 67
95 85
68 78
69 96
78 23
80 72
68 28
37 61
3 8
21 19
73 3
97 21
56 46
7 66
4 60
99 65
12 50
3 42
95 18
88 34
88 11
13 19
79 86
63 16
3 73
31 24
68 27
85 61
88 26
85 18
11 6
59 33
1 20
61 99
48 36
61 46
85 83
1 77
33 39
64 49
84 59
17 15
36 59
28 99
63 93
93 51
71 95
82 32
4 66
26 25
7 46
94 12
72 41
24 52
68 23
15 86
5 36
20 67
13 33
52 12
77 63
73 60
29 28
30 96
63 4
51 80
67 72
45 91
37 40
92 44
93 16
9 77
28 42
69 32
59 84
51 29
51 36
90 11
29 65
49 30
79 64
29 38
49 100
9 87
63 9
55 28
100 14
19 65
15 47
11 1
34 34
97 96
84 86
23 95
35 11
56 10
1 93
24 36
56 78
28 10
9 55
28 76
88 41
87 86
85 63
95 28
96 8
84 74
35 90
48 78
14 4
57 77
75 93
16 94
34 15
98 54
26 64
2 86
86 14
43 45
29 13
17 23
19 96
42 61
10 5
99 86
98 5
7 74
14 67
7 99
7 16
33 24
99 79
42 94
56 86
60 76
81 31
50 87
54 41
57 65
81 21
70 75
81 54
67 25
50 70
11 92
20 32
32 24
80 77
69 63
34 28
89 96
33 39
82 72
9 23
50 22
53 35
28 46
3 67
63 32
33 66
69 86
9 24
46 43
10 29
84 92
18 92
68 31
44 30
1 91
81 54
22 49
69 53
91 95
62 58
48 60
34 89
99 48
83 80
48 52
82 80
38 58
34 79
43 4
73 38
38 83
7 92
21 72
33 3
22 76
88 38
34 35
20 51
63 17
80 75
88 15
83 94
56 77
83 44
66 47
24 15
44 95
82 30
15 38
89 95
12 62
60 34
19 94
3 44
20 65
95 85
45 39
28 50
72 91
50 8
83 19
68 48
19 82
86 17
60 94
59 76
13 91
71 10
75 13
21 69
59 26
52 17
14 79
29 24
12 56
29 9
37 37
35 77
60 78
22 72
24 80
32 23
26 85
5 84
51 25
32 45
27 56
30 21
83 30
6 81
17 19
69 8
39 26
97 50
55 34
67 83
19 50
80 31
77 74
90 17
73 86
54 58
33 98
23 89
60 61
9 93
23 18
25 57
95 38
99 24
43 92
91 2
27 85
20 51
38 97
54 62
26 88
23 12
98 75
57 46
34 58
69 13
43 8
50 82
54 19
65 15
70 39
82 51
99 18
77 77
43 40
82 4
67 14
95 25
77 22
31 89
45 57
6 36
90 95
22 12
41 33
16 12
11 24
2 30
61 27
69 30
64 8
53 56
40 77
37 19
85 71
97 32
98 8
56 22
27 69
83 95
5 40
6 20
1 96
89 94
23 61
72 45
17 32
20 40
23 79
94 51
1 38
14 35
92 85
20 86
60 58
12 36
44 67
42 67
5 71
96 13
42 31
52 23
87 71
12 69
90 14
13 57
3 26
95 29
23 88
88 69
100 50
98 44
18 43
45 11
100 8
57 66
34 18
44 65
53 63
65 71
69 28
95 65
76 24
61 95
83 90
75 97
46 95
28 81
78 19
52 18
73 43
78 13
55 53
85 64
60 83
3 93
44 40
3 75
29 86
26 60
85 98
73 60
86 22
48 91
93 49
28 6
29 28
78 61
38 14
34 37
5 95
42 27
27 14
77 6
95 3
74 71
73 79
26 27
4 93
82 99
28 78
95 20
78 68
30 60
53 16
76 82
60 29
57 78
7 100
35 31
10 46
23 34
38 8
87 63
95 60
91 23
72 29
75 99
97 52
82 3
6 33
26 21
13 10
60 87
43 88
47 50
59 59
39 3
16 10
55 81
83 93
19 89
18 79
35 5
39 17
38 45
28 15
35 88
72 11
82 10
63 51
59 30
6 73
87 27
75 16
3 21
57 24
52 49
61 75
83 79
35 24
96 85
65 9
53 94
99 23
73 14
36 62
23 96
2 45
18 92
69 76
24 20
29 20
17 43
33 15
32 7
52 95
17 9
8 5
55 88
42 74
18 41
33 79
91 35
38 65
98 43
7 83
25 16
8 86
75 65
16 9
61 48
8 61
73 12
82 26
13 88
39 18
57 46
39 70
48 1
22 58
75 70
86 1
42 81
43 65
32 63
66 82
43 96
14 40
49 14
36 5
27 8
85 40
31 16
24 98
18 14
93 49
78 68
85 17
95 95
13 44
96 74
27 60
42 47
65 75
83 69
24 94
19 79
44 59
56 100
14 14
76 70
62 45
13 88
100 79
91 82
10 76
13 42
43 80
59 5
57 98
2 65
90 46
76 44
40 54
74 25
88 45
97 34
74 61
9 80
57 52
48 42
58 30
39 80
76 89
24 98
89 11
78 54
31 95
47 89
52 88
80 55
6 54
91 52
18 81
61 7
54 34
99 46
26 72
48 59
78 80
9 62
68 43
54 21
36 72
33 53
41 90
3 79
94 20
64 74
66 32
6 22
14 77
100 97
82 85
8 39
95 43
4 66
55 42
96 70
37 25
50 18
48 99
26 3
80 93
99 72
98 9
79 73
47 27
79 12
84 70
67 3
9 26
31 75
43 37
86 77
39 44
27 2
86 27
50 25
88 40
44 7
43 23
80 61
67 37
19 21
91 24
25 77
44 40
72 16
29 66
100 35
67 62
71 59
3 5
63 19
100 49
67 85
43 87
64 89
94 82
76 93
43 79
85 21
17 40
63 46
20 64
86 54
75 80
45 33
94 68
79 57
89 77
73 39
56 57
99 65
54 53
97 91
24 69
26 22
46 87
93 57
79 37
52 44
37 90
25 43
13 37
79 61
95 29
75 20
26 2
89 2
91 15
58 77
13 60
35 80
84 3
24 96
29 94
76 26
67 16
54 86
43 90
95 52
36 94
100 15
88 13
52 97
54 97
16 26
52 71
90 34
94 3
77 45
24 34
40 87
27 55
10 43
87 21
38 100
29 73
55 20
28 34
1 81
65 8
91 9
2 76
13 81
58 35
75 35
56 21
35 11
40 86
24 35
48 67
64 1
32 51
79 36
84 38
20 58
38 28
73 97
85 95
26 27
36 41
26 18
54 56
6 37
83 100
26 91
9 99
22 84
23 60
48 52
68 46
96 73
32 13
5 4
60 81
31 28
95 71
77 32
2 87
85 50
55 33
69 34
3 85
1 82
10 48
86 7
67 44
24 49
1 89
55 9
67 52
66 27
33 39
79 56
69 34
36 57
82 71
67 18
11 33
37 44
66 24
28 97
68 48
30 75
98 71
91 38
40 27
21 81
90 38
37 74
86 17
56 76
6 10
86 37
32 47
38 55
60 77
23 47
97 52
61 43
27 61
74 16
22 93
63 52
24 83
22 14
16 26
26 90
74 59
42 14
97 32
78 67
62 19
98 20
26 5
56 28
41 90
76 94
7 11
23 6
40 33
14 1
13 67
23 48
25 59
20 48
75 89
78 67
11 17
78 43
44 10
96 12
41 39
38 99
62 63
39 29
25 41
54 55
43 21
98 7
99 69
36 67
3 57
89 72
11 54
35 2
72 97
49 49
88 77
60 28
56 59
82 55
55 63
17 42
99 49
11 46
72 6
95 10
15 9
57 75
30 38
74 80
89 56
95 52
100 34
85 41
21 34
66 38
39 36
48 16
45 70
57 75
46 9
73 41
52 54
89 33
80 96
24 74
50 57
85 40
96 2
86 55
36 89
44 67
90 43
9 66
74 14
70 48
45 3
14 30
96 52
83 65
33 64
11 50
97 7
71 74
36 26
61 74
44 78
41 51
48 56
91 75
88 66
23 90
3 1
71 38
90 43
15 27
4 67
6 39
11 94
83 45
89 60
99 90
86 38
99 47
69 60
58 72
21 13
25 54
75 70
74 88
75 52
25 83
18 48
62 74
82 73
61 81
47 63
98 22
88 38
51 73
59 71
76 79
67 57
10 43
25 77
95 97
88 19
50 42
45 71
89 62
63 93
14 21
49 47
75 15
3 37
32 92
28 19
48 38
83 65
21 70
50 67
62 20
20 5
61 47
19 85
69 70
62 30
74 74
83 88
97 78
33 70
66 13
64 16
80 70
36 59
29 18
3 26
3 78
13 70
68 82
99 33
45 29
8 25
32 5
47 4
34 28
74 24
100 43
59 92
22 83
83 12
36 28
48 71
34 43
30 17
4 61
49 3
4 90
5 25
37 55
77 44
84 82
86 44
63 62
15 3
21 21
2 59
24 52
17 99
53 64
45 95
36 77
96 46
82 32
59 28
32 93
59 5
57 81
73 34
1 37
46 3
50 1
48 41
20 76
45 53
33 1
68 73
84 21
82 82
51 50
45 11
70 78
29 71
39 60
33 67
50 5
23 59
92 44
5 20
14 32
31 48
18 73
1 22
69 30
46 24
66 1
22 41
36 36
29 92
80 46
3 46
24 36
76 62
42 75
32 33
74 17
27 77
47 1
68 72
29 43
5 71
23 45
57 11
34 32
92 89
68 56
25 91
5 89
85 67
4 19
74 73
65 20
20 27
45 77
60 33
59 62
27 72
75 81
2 60
54 99
23 61
6 42
53 66
84 27
56 23
31 30
56 82
86 71
