1000
9244 4983
2568 3067
3249 1993
6978 5824
6377 6748
304 6738
1664 1451
566 7315
8964 8177
4577 9814
6549 7518
626 7077
7140 2343
436 2515
2213 9180
8251 8641
3719 8830
7256 6182
8558 69
1653 2735
3394 8052
798 5769
5109 454
4909 1086
7167 1897
2311 1255
710 8476
3853 7241
3226 7546
7142 3115
6025 8013
9362 4296
9486 5140
752 6125
1712 2291
2966 8609
1634 6434
2247 7390
9963 8731
4654 821
4421 1424
2489 1130
259 2557
3121 2434
827 2252
8784 1441
4366 8471
6788 3890
3820 7344
8934 1652
1030 1721
6007 9650
8514 283
1983 7106
1793 8503
3129 8258
3646 5285
8658 8344
4326 5338
5504 6425
219 336
8727 1893
6497 580
4532 5082
8968 1785
7387 9420
6170 7008
6658 2755
5269 5240
3942 6680
5249 4882
8625 8508
6882 9859
3930 3753
3489 4512
1420 4002
2501 242
8035 4848
9402 6290
239 7467
5840 8596
6522 5553
1839 1987
8178 5608
6297 1777
8078 6863
818 1479
9593 8313
8176 1001
5948 3738
3434 6398
6904 868
5934 3962
6394 9984
2581 519
7590 8593
7152 8401
5258 248
7247 5248
3847 3326
5679 1330
9771 1286
291 9804
4391 8395
9506 4254
28 8048
7590 6140
406 800
7249 8842
4609 7424
6477 4019
6975 3382
6706 5226
7103 7798
1773 5862
5358 6142
6152 418
2627 7517
1567 8615
3116 2514
6869 551
7354 1234
1873 8276
5374 7152
6424 2536
5392 7080
7165 6505
4720 7369
9879 2582
246 3631
9113 7535
7420 8925
4252 676
253 4442
1686 2756
1162 6079
8419 1590
3933 1533
4524 9027
2979 5791
1843 7441
4149 7001
889 13
9241 8726
3851 331
8697 7978
501 4526
3640 2999
9163 7917
9097 1707
9263 5356
5109 7522
8712 5995
9635 8905
2757 334
2236 2209
5531 6860
7783 6256
9249 8044
1578 7071
9770 8165
7564 4175
4683 4001
852 6916
593 7720
1889 2699
1190 1593
2559 1619
2796 2221
5086 1604
8219 5615
2404 6666
2064 2050
1224 1448
3041 5830
234 181
9127 5575
3877 8300
826 826
1414 3436
6715 6918
4401 9613
3152 7490
1767 8608
9700 9425
1037 2026
3002 9204
7360 6475
7287 7440
108 5376
235 2244
1208 5046
5495 1817
960 693
3370 5930
5830 7311
9532 9216
3477 9642
289 9605
7495 9754
6964 5822
8199 8074
1356 2097
8943 7503
3836 5845
2399 6744
278 5182
5862 5966
6151 9299
1267 3685
585 5379
3839 2511
8589 5109
4257 6600
7973 5700
3562 7415
5856 6350
4450 695
5818 3826
5577 2950
9880 566
9739 6989
668 2711
9248 8304
7518 4244
2910 7067
692 7400
4744 9783
1415 4144
8774 8144
7222 5945
7300 1519
989 7269
1662 7587
2755 1779
2819 1679
4702 9605
4071 1801
8721 6001
5184 1736
5509 911
8273 4104
6015 6701
1093 51
7495 7587
2888 2276
9878 8199
6478 3560
6391 816
3148 1558
6469 6761
3386 4958
2359 1459
62 4648
6265 7369
3774 6097
2079 5379
6495 9568
4874 9738
7576 4884
7160 6279
9891 5846
1170 8228
809 4448
4694 6218
6527 6491
7841 1019
1999 3486
3404 6860
704 9965
9587 7636
1201 5071
3443 3305
6714 4035
4922 697
9387 484
7488 4406
8474 8178
397 6686
4584 957
745 5215
6613 5171
8592 9537
1088 3766
4193 2738
970 505
9985 7412
1584 552
4450 8931
6286 7555
8904 6906
3220 475
3504 7308
588 6305
8356 1573
4543 9452
872 9936
9818 8154
6062 9832
8261 9867
3364 1741
4774 1900
3847 1857
8169 3291
8725 6452
5113 6798
7104 6113
3961 2507
2620 1677
7095 1000
9461 8777
2212 2467
7446 4553
3756 5810
3523 6115
6034 1744
7937 3152
4185 2586
1644 7821
4540 4182
9886 1459
6877 8401
5004 4298
5227 4690
65 3368
4619 2974
44 8658
1628 8694
4922 9366
2372 2599
8656 8366
6125 9728
4373 6842
9403 4912
608 7990
72 9106
1931 8934
3122 3694
3294 8270
9090 7337
7998 4625
3393 480
8169 3701
6956 2163
3070 1152
3836 4923
7229 5732
5644 2866
2074 5896
7744 7567
8938 1123
9792 3106
1311 2100
110 5875
1602 8980
9290 7026
6633 1438
6537 8960
4775 4684
8668 9434
3776 6176
2172 6770
9040 6417
486 7583
613 262
2369 8053
3968 885
1569 4005
9099 5922
4419 7042
5640 4963
2101 6134
8960 3659
7930 5342
7036 1108
7979 7335
9787 313
6236 7794
8202 9346
8403 8269
7398 7735
2469 6647
2424 9217
296 2944
5743 3443
468 1752
5836 2214
1137 2972
8994 189
7066 9498
6195 7583
4225 7401
93 7603
4924 465
7501 5681
8135 4588
2106 8761
8252 6146
8570 9873
9698 6519
9196 6672
101 8883
869 8143
7081 208
9669 7987
9491 7255
3590 2999
3730 1485
8681 2814
8404 2857
6525 6096
3217 1870
8469 9600
1319 327
8632 837
9550 5910
8697 5640
1013 7682
7293 8911
2755 3863
9879 3432
4087 8149
7049 7641
271 4797
8115 5156
4809 6337
3832 8567
7446 7979
7279 4629
770 8750
1978 7620
8972 1065
389 1945
3046 2774
8041 8514
6087 8396
8396 1261
8962 9154
6631 2753
8465 4106
5089 7344
1713 9372
4528 369
485 1374
629 3841
1942 8365
9851 1417
9478 619
6493 6581
2631 5427
7848 5013
1943 1113
8515 2538
243 7738
1215 8108
4095 827
4594 6271
7577 7866
316 2241
354 6737
859 7589
3829 9539
3816 8595
2431 6520
4453 3730
9207 7682
7610 1868
8987 3104
6419 9215
2779 8328
4415 203
3070 2271
7107 1648
4923 3534
7321 6532
1826 6859
7278 7175
3925 7682
7760 5044
7383 7302
1135 8263
7820 1359
1723 660
753 9574
781 5187
8397 9514
4296 6590
2170 1885
9359 8186
1723 7475
913 3799
7257 6117
9900 2856
676 7738
9658 3923
4629 1630
724 7274
6354 4362
9446 3472
5283 2462
7377 5597
2705 4294
3280 6961
3349 7739
2261 5555
573 910
5413 6531
1772 5383
1588 9565
3845 2919
2511 9417
9994 1032
9951 7028
2541 6438
1849 2274
3478 8168
6290 6532
5342 9478
47 9246
6223 5257
8610 901
6615 4128
2215 3924
540 6202
7174 4936
7816 3497
7639 1321
3410 1239
290 8036
9618 8745
7625 3965
9367 344
8972 6930
7308 9239
1209 3296
9105 3544
5888 4946
5524 6097
9734 3403
7016 4071
8891 9516
9977 1113
7307 9662
468 6318
1441 9790
3164 5686
8991 4591
8113 1237
998 8597
9879 1531
7667 2775
3357 4934
4021 1956
8955 7804
7037 1924
6949 7649
2298 2947
3442 239
6110 5147
8832 9604
8336 1178
281 4589
4823 9547
27 9958
3690 6910
3132 5374
1975 7410
2001 1246
4291 3537
6515 4255
5903 7141
9609 6702
5390 6363
3888 3333
3054 1211
3192 4156
7522 2456
4788 8735
644 900
5002 1353
5706 2726
1966 1291
735 906
4696 7495
6143 8495
2709 942
1679 2864
2324 5591
1495 3294
9752 8799
9548 7380
8397 7421
3157 2802
7872 708
1000 502
6972 393
8206 6797
6626 4515
4846 115
7331 2799
3563 8777
2870 8603
3994 3160
386 3575
1944 7177
698 1662
2938 2625
9348 285
4760 1792
5473 5750
5418 3938
8536 5208
8612 6409
59 2359
5558 4858
7931 5715
8929 5517
6907 1611
3169 4693
5820 7537
5625 2203
2877 8862
7983 3954
7049 9907
1741 1706
990 107
8457 805
3741 240
3143 9601
3549 2914
7652 2442
5994 6554
3914 9906
6061 3654
7490 565
3050 3337
9147 1057
8138 6119
6897 7209
571 9011
1564 5894
8010 7537
3695 2571
6993 1214
2213 2486
4803 674
1244 286
8895 2968
7144 7842
6938 7968
306 9180
9420 2894
7157 8654
35 2184
7390 8417
6127 9542
7895 4860
4299 9022
96 7478
8339 9633
198 6188
4281 6117
1979 4499
1494 5350
2395 453
3934 549
9951 4224
5560 9978
9968 9439
5274 1083
6668 5782
4783 1467
6953 8094
4617 6955
310 3349
1058 4572
6318 7046
701 2623
7073 4375
1792 6238
6356 9013
3427 5019
405 4453
3457 1727
7390 510
3868 5929
508 485
1300 5554
8142 572
8576 8100
4824 4513
5174 2034
5661 9302
6112 4354
2286 1618
2977 6848
3520 9993
3955 9154
7733 356
9625 5506
7966 9262
1387 1392
3353 9564
9512 3989
3181 8067
1414 1139
1750 5082
5203 7437
1313 5558
4158 9611
7749 9895
6009 3246
1022 6926
7058 1386
3512 5264
2984 3633
6814 8466
5158 3108
5701 7206
9943 9505
5118 3610
6709 8678
2743 978
6128 8015
3186 6106
7396 7495
8484 1543
3600 236
6201 8932
1252 7594
7536 3772
9306 2658
8034 8578
3836 7108
8822 7929
1716 7874
97 4629
4461 7612
8494 7025
2713 6648
6484 8821
4851 4282
3835 7734
4066 7244
3922 920
8913 2918
2958 658
3764 5866
6791 8232
5183 8388
1872 5362
9693 4611
4656 9662
2049 2558
1341 4501
2787 1916
5318 6273
5115 8466
60 2927
7722 1557
3989 7200
4662 9603
8993 9334
8856 8095
3518 1626
5127 3965
6760 2386
4026 5815
2620 2377
8959 5345
5253 8749
8679 4321
9385 2400
3245 8514
714 4568
6533 12
2738 1805
6205 4806
4504 2553
1613 5487
4107 8456
4479 6580
1973 1496
3413 2003
4110 9553
922 4959
1087 1205
6550 4121
4446 8379
8555 4858
4652 1599
676 5552
3086 7359
9045 2143
8393 1107
420 8523
4166 1001
3459 8572
3518 1519
8808 5969
7409 4089
8469 3011
359 7951
5582 9296
3899 2680
1684 7908
6522 738
1045 4041
4670 1187
9925 9141
9196 611
6862 2893
242 3544
5473 9787
7687 9053
2174 666
4813 8622
5904 1149
6940 6398
291 3367
3058 2491
9117 1200
7848 2355
9106 3803
1569 7603
1313 6628
2825 4080
6327 5998
9755 6666
2444 1899
2670 9831
1528 7489
8038 2426
5633 6671
4176 5805
3763 8464
993 9045
8255 1917
9743 548
4218 1784
8320 1139
3116 5666
2917 1262
5565 736
3857 8433
8449 4320
8254 4933
8298 8235
7175 6202
689 7936
1399 9255
5615 9199
4158 1940
2348 5296
8062 6163
4786 8978
6180 3487
8333 7656
7552 2463
3164 5860
7724 9253
5768 5715
7720 9199
6897 5361
8058 8846
5665 7547
2708 4090
1906 1840
2900 658
9809 4027
4232 7425
933 1224
9558 7749
3803 8050
7956 9577
5316 1707
2914 6982
6629 4636
9753 3545
9047 4687
1480 8058
8419 5240
8005 4467
714 1769
1457 3385
2195 5882
9276 3027
7966 9590
4236 3825
7938 4590
8400 9244
3940 4720
7208 714
4075 428
1558 9100
4922 4818
8143 5837
8508 8430
2734 621
6464 56
8308 7977
8734 2894
1345 5226
9666 8724
6822 7435
4119 9246
2608 2112
2555 9106
2509 3598
1695 2711
7634 8878
1154 5419
5495 4704
6766 3243
3885 5318
2401 8621
7646 8921
6105 2876
9001 2800
6366 3477
8940 2212
6759 9120
7294 7769
6662 4919
723 7808
9203 8342
3634 1948
9963 3400
1505 4775
641 2736
4991 8780
3707 3222
444 1931
5961 8778
2053 5028
82 9570
5216 8453
6163 8302
6269 6572
2748 5568
5199 2928
1906 1199
2687 1111
3925 7386
9410 2343
7308 2991
941 8704
1930 8301
6333 644
4814 6107
6250 446
9026 7665
7418 2318
7203 8319
2485 3852
6668 2638
9549 4006
2170 1682
3418 5765
6708 1706
8227 7070
7441 7472
8337 4710
6511 7927
4450 5048
301 5508
4131 3270
7036 2700
2910 5555
6448 8952
1154 8273
1322 3736
975 6508
9233 3972
723 2522
7444 1963
7309 7031
1690 978
9630 5810
7693 3201
1496 9974
5534 2578
8907 8216
4004 9251
3429 9207
2109 5942
7299 7902
6057 7654
2328 6795
6480 3985
6665 8764
9152 5688
4281 4220
2714 8364
350 8693
5248 4529
3179 7077
7546 2757
9363 2417
9539 4750
2000
22 29
12 62
95 98
54 88
7 33
73 88
90 27
48 81
94 16
6 57
77 52
52 76
43 6
47 89
74 5
55 45
47 97
30 51
61 33
25 96
16 17
22 79
25 33
73 27
1 23
53 26
55 15
58 5
64 4
81 81
33 74
63 54
99 46
87 23
48 66
27 38
9 33
76 16
67 88
71 11
30 33
64 95
98 42
93 51
47 88
62 66
18 24
55 24
16 22
7 50
60 6
75 18
60 81
71 64
4 30
42 22
22 70
60 1
78 83
8 66
99 77
58 34
51 46
90 90
57 4
41 5
49 37
23 68
70 28
64 81
36 97
34 60
31 82
11 17
47 12
68 97
62 74
87 95
50 11
81 69
70 19
96 36
72 9
84 5
72 96
79 1
68 56
34 15
29 41
80 67
24 66
58 56
94 22
78 63
62 36
83 60
67 45
6 86
15 21
20 67
11 27
33 68
73 39
51 43
8 33
68 67
99 2
36 67
46 45
69 83
41 50
63 76
85 31
82 50
81 26
44 4
91 4
99 93
77 76
42 32
49 88
20 59
37 66
96 3
54 80
65 95
30 6
84 47
80 34
12 33
3 28
50 19
78 47
74 51
8 29
42 53
42 39
25 78
42 42
85 36
35 4
92 19
43 40
88 20
27 12
52 60
27 85
58 80
98 84
38 19
24 36
11 91
13 64
88 5
12 34
22 18
87 18
76 40
7 3
69 3
84 83
60 15
55 42
39 54
52 30
20 93
87 34
74 48
94 45
53 42
39 29
55 84
1 71
17 51
21 65
65 47
54 12
3 9
6 35
30 43
70 93
59 8
20 70
11 17
51 73
37 85
94 41
39 53
75 25
11 77
42 62
25 17
9 49
46 70
1 28
65 17
66 81
25 4
29 94
31 14
39 10
79 44
93 5
65 74
49 78
86 91
31 1
85 72
35 67
81 4
66 81
68 20
36 5
80 65
55 70
88 74
21 52
90 23
93 24
82 83
11 93
16 6
51 53
66 82
58 43
95 40
67 80
3 24
58 2
53 83
10 31
38 20
59 96
28 36
51 26
80 71
72 33
18 100
92 93
84 36
7 74
22 25
1 79
42 82
74 81
48 65
67 19
99 30
8 29
69 11
59 84
93 84
37 34
5 19
76 67
19 86
68 3
54 56
77 97
97 28
74 15
81 88
3 36
13 81
92 9
7 8
71 57
57 68
62 19
55 84
70 55
3 36
33 51
6 98
98 88
15 13
31 15
96 51
35 54
95 94
66 78
71 4
13 71
72 11
10 14
71 13
80 47
18 26
51 62
93 61
86 31
8 51
73 68
63 71
10 3
78 11
86 26
45 37
78 98
63 69
2 20
30 67
58 60
53 21
18 91
95 9
52 30
3 62
94 8
24 72
22 8
8 69
47 22
64 18
18 41
35 54
69 48
61 75
37 28
16 57
88 15
56 25
42 26
16 72
87 93
10 94
19 77
82 13
73 85
6 43
22 10
69 93
26 31
23 67
25 10
40 8
32 6
20 12
9 83
52 65
97 93
30 17
77 7
78 7
47 25
71 43
79 60
35 8
69 70
84 24
16 70
26 8
74 43
60 37
43 82
78 78
62 9
22 56
94 33
76 44
73 40
3 54
12 87
16 4
49 51
87 95
24 20
83 89
78 52
4 79
61 76
15 26
11 85
81 99
96 3
17 41
8 24
69 14
8 17
16 46
42 45
25 36
17 31
33 76
63 91
69 62
87 82
36 44
67 64
15 14
59 38
22 54
88 14
93 13
19 70
47 65
55 58
23 52
29 10
30 25
31 19
59 11
61 43
49 72
78 28
13 89
2 70
89 17
98 31
2 77
19 41
40 88
91 57
79 80
25 12
8 99
93 27
95 53
45 83
82 18
30 74
38 40
3 38
15 12
1 15
52 40
16 78
25 86
86 27
19 69
91 93
40 45
17 42
95 97
75 73
65 31
55 73
67 67
97 42
63 15
32 94
45 47
62 74
73 38
69 26
64 69
45 35
33 86
87 60
70 35
80 59
78 91
19 93
78 41
83 31
21 73
65 25
48 99
98 48
95 35
13 60
97 26
43 51
70 71
33 83
49 19
31 44
36 17
98 65
25 93
14 76
7 17
73 83
28 84
17 84
7 87
52 41
91 77
90 3
94 41
49 70
90 67
54 4
20 10
17 76
16 9
60 52
60 65
56 68
30 75
81 93
77 41
96 22
88 37
40 35
52 11
92 95
3 37
50 16
87 56
20 80
76 21
41 29
30 42
41 41
43 63
87 28
50 84
92 53
75 36
62 73
44 3
75 73
35 84
39 38
6 47
18 11
89 23
37 12
21 79
72 70
20 17
61 3
97 94
61 1
66 44
35 9
90 63
16 10
43 31
64 27
38 71
83 19
6 56
83 31
65 77
19 93
10 32
63 15
80 18
29 50
65 95
8 74
89 82
97 50
93 98
47 5
82 13
87 23
28 55
37 49
82 75
15 1
52 76
94 24
96 70
75 29
7 4
80 43
64 40
13 5
4 52
92 80
71 28
2 28
49 41
29 17
82 18
77 77
24 15
36 85
26 41
2 34
44 61
67 1
22 37
28 70
91 17
70 84
57 4
65 25
46 83
35 72
28 31
93 39
62 75
56 51
48 72
55 100
18 61
11 23
10 4
12 22
90 81
41 52
75 67
12 46
42 31
31 4
2 62
6 92
11 99
33 76
60 71
73 76
37 4
32 58
50 88
99 47
89 21
90 28
45 84
64 33
58 3
20 28
66 78
10 34
81 54
17 13
26 70
15 95
34 72
67 66
39 73
14 4
70 35
6 95
89 10
41 50
74 62
51 68
69 76
70 33
45 85
17 60
73 96
78 33
34 26
71 92
36 25
6 43
5 38
78 21
84 51
54 18
51 32
80 31
51 2
50 54
85 91
34 24
48 49
77 58
88 41
14 90
37 3
57 94
50 47
16 79
91 88
49 49
80 99
11 36
54 62
17 100
37 71
68 23
33 23
53 35
37 65
35 77
52 47
99 33
23 70
45 3
54 69
56 47
64 42
56 59
22 27
96 68
16 75
53 90
8 32
40 56
7 15
39 12
89 90
73 58
45 25
21 28
2 77
65 7
88 97
16 69
21 6
24 61
47 20
2 38
44 79
41 64
72 24
27 48
39 11
66 68
77 52
85 80
72 60
51 19
12 8
85 55
97 27
97 50
70 50
66 94
29 60
5 29
32 74
100 14
21 74
22 25
56 54
50 86
40 4
52 59
65 97
3 77
74 48
56 17
27 70
7 64
43 71
25 64
32 49
91 34
52 63
41 61
1 6
8 6
24 50
22 37
68 65
6 50
41 83
40 90
72 20
50 6
37 16
100 92
85 49
14 56
28 90
51 61
91 41
62 8
64 57
5 21
32 97
67 17
59 31
15 67
63 70
12 96
51 80
9 100
48 58
66 43
79 57
54 93
30 7
48 95
88 88
83 84
46 84
11 67
12 23
75 2
80 10
31 50
100 69
45 79
95 38
19 25
70 27
72 16
29 84
62 7
16 43
23 97
70 10
1 36
28 82
42 25
95 37
85 62
91 54
23 66
43 6
36 70
22 21
91 76
23 85
13 52
24 84
28 10
91 39
94 68
27 77
9 80
26 26
53 91
27 16
38 65
80 77
19 29
80 13
20 40
72 92
66 94
37 35
47 16
49 9
74 21
75 67
80 77
44 92
84 22
27 33
23 83
90 80
94 8
35 29
79 16
92 26
98 68
40 79
71 18
99 6
63 30
38 36
97 12
30 17
42 83
26 20
10 41
28 30
53 69
14 79
28 41
54 3
25 21
70 34
85 77
19 42
52 62
71 86
54 80
96 77
38 88
36 88
88 73
27 57
14 55
38 82
55 56
64 23
87 7
67 72
9 89
82 59
52 19
33 42
24 11
28 85
16 61
98 37
36 86
46 55
69 8
30 73
67 22
2 74
80 1
53 88
76 29
62 5
19 67
42 6
70 7
68 87
33 31
47 68
95 95
58 92
52 22
2 78
43 94
28 91
15 91
42 100
79 28
36 14
98 84
24 99
77 31
77 41
54 43
30 10
77 13
25 93
95 25
33 41
85 34
98 75
29 67
3 63
20 94
75 79
4 60
93 32
10 36
34 92
74 65
29 12
16 14
91 59
30 21
81 92
75 6
56 10
72 34
94 88
24 91
75 69
25 12
17 68
58 97
59 25
41 12
78 38
82 78
10 36
26 84
89 47
40 66
38 48
63 33
30 92
39 59
57 64
61 95
89 36
87 29
65 73
95 2
70 79
1 56
32 25
40 14
83 34
89 12
32 65
53 21
45 42
11 93
87 48
4 37
20 24
9 57
38 3
5 11
55 54
10 91
34 6
50 34
84 80
54 10
10 46
67 83
29 30
24 49
93 54
24 11
9 61
97 4
16 100
15 6
43 18
86 29
65 10
50 46
46 46
61 61
59 63
39 3
96 90
6 20
35 51
41 63
90 71
35 51
49 67
8 6
52 58
29 17
96 14
61 13
58 23
30 13
18 34
11 66
59 66
61 17
83 29
96 42
18 47
31 99
36 98
48 24
89 32
5 13
60 53
28 60
87 28
25 21
34 61
52 41
23 10
60 45
1 45
32 72
76 80
44 96
19 96
33 12
47 88
69 81
26 23
15 46
68 20
12 30
14 82
20 95
67 58
30 25
68 34
7 41
59 92
76 62
8 48
100 28
15 37
85 64
61 22
82 62
5 15
80 5
4 37
99 59
36 95
10 73
81 53
32 8
36 90
87 23
80 49
10 99
43 73
79 29
48 81
61 13
93 21
74 58
85 13
65 14
56 67
42 30
89 65
26 39
70 35
52 45
63 81
67 41
34 71
11 10
42 10
95 60
57 6
4 68
53 42
19 69
27 75
31 42
31 90
60 31
54 6
45 65
22 100
55 68
78 5
72 53
4 60
69 87
13 82
3 68
57 50
6 71
60 14
22 60
35 99
23 67
97 23
54 65
96 88
38 1
47 37
8 71
89 84
28 78
17 62
66 25
95 78
99 88
98 72
60 70
76 69
1 64
31 90
91 82
38 35
27 28
95 38
53 77
3 66
42 83
54 100
46 50
1 45
29 78
20 22
93 68
55 2
86 18
82 35
91 89
36 76
66 86
24 48
2 53
37 98
85 45
52 74
63 42
41 17
14 32
84 94
62 100
75 70
69 89
38 92
51 100
16 85
15 97
33 46
75 55
33 84
60 25
98 93
14 64
24 81
35 89
54 44
40 31
33 24
72 38
81 45
83 86
7 64
93 47
89 8
47 72
23 13
25 83
49 29
23 70
98 93
30 57
27 18
88 42
48 2
78 75
4 86
22 8
36 33
9 42
44 79
71 50
65 100
66 80
80 52
44 75
63 46
15 95
39 12
88 72
95 96
24 19
87 24
86 12
78 9
44 31
12 73
81 15
13 45
51 57
37 56
47 6
7 100
61 68
28 19
37 22
98 16
53 68
49 96
5 36
18 45
74 97
90 72
9 84
17 39
25 49
34 9
84 6
78 49
100 73
84 21
3 8
95 38
11 27
15 19
60 73
34 95
71 80
18 21
30 88
99 8
73 38
65 17
91 13
34 67
6 99
19 42
67 78
76 75
84 66
71 95
20 61
34 75
29 52
35 19
72 23
96 94
48 28
74 81
82 1
93 86
94 32
1 25
93 64
84 90
52 16
9 12
55 52
47 96
90 81
60 98
38 51
61 60
27 82
3 83
22 96
40 25
55 68
92 58
32 13
73 14
62 78
33 46
75 9
44 43
88 63
19 89
16 90
49 42
26 1
60 84
63 73
61 81
98 31
27 56
33 17
91 11
54 85
39 2
46 38
42 11
85 54
46 53
32 80
99 15
33 17
48 16
38 48
83 44
1 57
73 5
69 21
1 37
66 23
63 46
86 58
54 99
34 80
71 78
41 45
26 18
5 47
85 10
18 95
85 84
98 26
54 41
54 86
75 94
6 55
35 84
54 60
41 94
65 61
26 30
27 28
96 31
73 70
63 88
63 17
35 13
9 40
40 37
13 57
45 62
27 28
27 34
96 35
19 7
2 71
89 66
86 21
86 21
44 16
1 66
15 95
93 48
23 45
31 97
21 37
99 61
61 83
75 79
64 99
28 65
82 27
16 10
87 14
53 95
77 9
5 65
71 74
88 22
11 9
31 86
54 2
29 100
1 80
65 36
66 4
48 3
91 83
68 46
33 92
82 53
31 79
79 74
43 13
30 91
2 78
30 64
18 82
52 76
32 57
42 45
85 87
10 29
89 71
49 25
75 47
28 21
25 36
84 38
89 50
74 32
81 93
84 18
85 4
18 49
87 45
32 68
48 74
51 6
55 91
24 69
21 73
14 55
23 58
54 84
5 78
79 24
17 27
33 36
87 74
24 21
84 48
26 20
58 41
28 18
7 7
58 60
45 89
18 11
63 2
47 4
63 96
98 37
81 63
46 88
18 33
94 17
31 83
39 82
26 24
17 74
70 48
18 42
87 31
71 77
5 1
76 74
88 47
42 64
32 67
25 47
13 44
75 48
63 57
77 39
23 42
35 30
26 55
29 82
15 38
30 7
62 69
92 77
87 79
59 55
42 62
31 83
66 26
36 100
51 4
34 17
17 29
50 82
49 100
78 62
53 33
43 50
79 91
47 48
73 42
8 60
34 70
37 67
67 97
44 46
47 55
82 64
88 98
62 71
75 5
13 19
48 62
8 83
80 66
44 46
51 13
69 49
16 46
88 56
21 24
90 92
30 45
49 85
93 51
1 66
89 91
96 62
16 9
71 8
75 91
1 79
48 8
16 92
77 35
36 27
79 43
30 49
46 11
38 46
4 32
42 1
44 42
34 32
33 67
13 49
22 52
83 42
15 83
15 79
15 34
6 71
43 55
97 73
47 89
5 40
85 74
51 98
61 55
95 4
11 17
63 90
33 30
11 88
12 30
91 9
98 66
75 71
61 22
62 10
39 56
89 49
7 79
61 24
43 8
21 25
78 36
61 12
28 86
65 84
86 22
94 39
15 11
10 44
50 43
12 63
88 91
65 37
13 38
6 86
41 65
97 74
93 64
46 81
40 51
11 46
33 41
74 54
48 26
91 40
98 74
20 22
65 12
51 36
28 38
56 20
74 21
93 2
8 46
51 93
43 24
84 56
57 35
1 2
29 54
27 67
39 69
92 70
80 27
12 35
89 60
76 53
54 15
28 18
20 16
78 69
10 28
94 19
46 84
60 30
90 100
69 12
55 51
1 73
60 83
46 68
62 6
26 68
32 99
47 24
100 50
58 49
99 99
56 80
59 11
78 4
78 9
28 62
89 97
100 75
69 49
38 3
82 98
93 54
5 10
6 72
67 90
24 80
89 65
62 78
40 7
39 65
100 60
54 64
32 6
93 55
55 96
30 20
8 15
21 88
7 17
92 74
90 19
6 44
67 54
51 41
78 21
84 41
5 29
34 62
73 87
96 62
29 52
43 38
75 16
1 41
3 55
80 5
77 68
73 40
79 38
89 40
86 93
90 59
27 35
55 40
50 21
62 1
64 37
92 9
39 23
63 87
20 31
41 57
65 17
6 62
7 26
97 33
45 28
60 8
28 88
88 86
6 26
8 73
57 59
68 30
72 27
59 47
2 22
50 26
97 72
29 62
83 87
69 28
99 11
72 62
61 85
12 6
13 78
3 38
50 99
76 25
99 90
66 69
13 25
61 36
68 6
50 72
40 80
6 45
15 12
3 53
61 56
74 86
86 66
11 64
43 17
30 85
80 20
20 54
25 25
64 51
44 56
53 20
20 59
86 47
83 72
11 2
1 12
5 71
86 14
18 1
93 17
98 11
7 54
19 87
92 24
72 32
84 65
3 38
57 47
31 3
20 75
21 44
77 5
98 78
87 9
60 41
30 88
3 70
60 72
88 99
30 60
47 30
23 18
86 11
11 73
40 24
84 20
12 7
35 4
4 52
72 86
27 95
31 18
19 55
13 81
35 7
26 85
42 4
40 14
51 65
61 35
12 96
40 54
38 39
26 12
78 58
28 93
46 96
9 30
55 45
6 92
55 1
5 26
37 16
28 21
16 67
56 38
44 28
2 26
74 66
21 24
57 55
75 72
43 30
41 89
50 2
17 7
66 15
48 87
94 38
93 83
94 52
14 8
35 90
76 93
93 44
98 37
66 18
23 54
81 43
96 19
76 81
61 72
51 87
29 98
8 36
42 24
50 98
58 8
46 83
11 86
69 28
50 58
49 37
31 39
19 82
28 49
43 60
4 58
61 67
67 61
89 97
78 14
88 20
58 85
74 31
79 65
100 20
53 82
44 79
48 8
73 92
9 9
63 14
26 63
47 59
36 98
58 10
81 21
25 56
41 38
8 34
69 3
54 33
59 79
50 40
70 65
9 44
71 22
45 7
21 54
79 12
57 52
58 71
36 62
73 57
31 71
26 6
52 86
26 86
48 80
53 36
44 28
38 80
57 61
2 31
66 34
47 33
64 40
21 58
66 51
17 47
37 77
66 29
46 99
14 63
95 42
57 11
57 49
51 38
97 5
4 72
17 95
91 44
76 11
56 4
7 45
40 92
7 82
61 75
79 79
78 64
66 16
89 88
33 84
3 2
41 25
98 75
66 91
35 35
25 90
12 91
74 87
26 28
46 94
10 89
56 1
7 39
39 86
84 65
94 52
84 61
92 51
2 7
70 41
84 96
83 59
86 4
93 70
18 70
89 12
22 26
86 80
6 4
89 71
94 8
97 30
14 91
26 29
24 87
94 45
28 30
71 93
20 56
72 6
75 8
81 46
81 60
20 45
22 71
66 65
40 97
64 39
2 71
85 20
94 18
75 41
7 51
2 62
53 65
84 99
18 99
77 89
73 66
57 46
69 1
82 18
45 42
74 48
47 54
11 37
71 86
38 49
20 75
59 79
46 62
81 34
47 49
13 45
75 22
