1000
7541 3153
7164 8193
1693 7246
3592 9054
6247 5292
2622 5847
2951 768
3061 5103
2602 3949
1814 2193
8128 6492
3910 2552
8980 8882
1547 8191
246 9870
6058 7883
8726 2815
1328 9192
6711 9529
4472 9678
8087 4467
3765 9698
3809 7229
2312 6028
437 9263
4981 4525
7984 9912
3824 620
2375 9632
7428 7289
4547 2124
1279 7377
1796 5427
5078 6236
6320 9279
9262 2272
2010 2862
7850 4445
8714 2617
2874 9593
2154 6764
1151 1615
7574 1230
8091 30
387 7177
4976 2815
6012 1195
2643 6311
4391 4302
2609 9856
6734 2489
465 3708
249 7427
5106 9948
5770 1335
26 8278
9926 7748
4382 5104
9672 2438
6126 923
1057 2095
82 471
8787 3200
90 2533
6149 6156
9365 5244
7926 9898
6773 1868
7779 14
3791 3756
6273 5002
7282 6172
5070 3756
6211 5809
5138 9034
1918 9300
2468 8991
2382 4207
9181 4530
8230 9601
5464 6969
5200 3531
6546 3970
5963 8284
5564 3255
237 8414
1593 3701
8662 1979
2542 8336
9511 1691
1987 8080
5173 5200
8859 2063
9254 4843
2033 5425
7658 6152
9382 8055
1696 7850
2649 9770
7311 2936
245 1818
7924 5821
2050 8280
8985 850
3018 4082
6823 7886
7433 9992
1074 7858
1064 9417
2900 4358
3681 8388
8996 2475
4764 4866
5241 6522
5660 6862
2705 8980
200 9840
2310 6828
3908 7548
7331 7266
5590 1816
6665 313
4027 5298
5447 3380
5102 3009
6545 3073
456 2555
9777 762
1467 342
3428 551
5014 4958
381 1595
777 6060
8019 4924
6951 4114
1077 7507
8610 2949
1156 6702
3097 9916
4979 1822
8674 4111
5313 4655
3129 5426
4804 5800
322 8449
8088 1759
1941 5516
6625 3606
9165 7055
9838 4735
4101 7567
8399 6148
3045 3106
4347 5720
305 1861
8868 8974
9287 940
4254 9288
4833 3638
5254 8196
1394 3939
2454 101
1291 5879
2382 230
8010 6434
67 1168
5936 2123
2382 4053
150 1600
7264 291
1479 7513
6023 1136
8855 6441
6441 8228
5788 7304
3749 3010
4567 5773
7517 7139
6229 9016
7375 5138
652 5125
4040 7798
1032 9565
5943 2136
4131 5570
8638 7410
2542 3062
5238 6624
8 6838
4019 7947
8777 3789
8921 6953
9003 579
9090 9211
6618 4246
8588 732
3973 7171
6782 564
8114 9140
7060 1116
5823 3995
2630 8489
302 2909
3006 7387
7796 3761
7675 4877
4869 8185
5595 8583
3666 3513
8159 1114
2034 8115
1525 7231
6154 8113
6676 8370
9329 6254
5729 7334
6403 5860
4390 6086
7835 6894
9919 2644
6261 466
8425 4203
2847 7059
632 7048
176 3720
956 1006
7748 4874
437 7933
5767 6866
703 2805
2149 3518
1152 5718
518 2954
7432 9687
5272 7367
3185 3834
5886 741
9979 7428
4566 3512
7823 8978
6308 9833
4863 8924
4327 2790
3002 5955
3847 3930
1725 1409
29 9780
666 4984
8669 4212
4939 7028
7700 8978
8979 8279
7348 6576
3914 1215
5120 8611
7538 5920
7440 1617
6047 526
3879 183
9854 5748
8915 2939
8242 1762
5488 2417
9763 2118
7026 4859
9081 399
9868 6485
532 5072
6600 7068
5928 8612
1665 6972
1708 8262
3649 1578
535 8610
2820 6190
2578 6175
4241 276
6948 4454
5751 729
2756 4322
1004 3943
1063 9153
9900 440
8894 3375
1383 7062
4138 9655
5033 9616
4633 4496
446 2075
2769 5834
6307 7902
5244 9766
4908 1402
3552 5569
7907 8807
4879 8482
6497 6348
639 4615
2494 3870
8088 6992
5192 363
6332 4592
8398 852
3044 9731
4502 1045
8209 5523
4055 5089
7301 9853
5361 8347
1490 8297
9982 1570
5993 9541
4712 3206
5035 5668
837 657
2595 3369
79 1383
8645 2898
2655 9614
689 778
3398 3699
4004 8913
7053 6973
5472 2385
5516 9715
5497 3359
2097 8966
2630 9539
8406 7608
7760 8749
7829 5947
386 8956
4126 6376
5832 3165
3344 9670
1389 4670
6980 264
3269 3992
6657 7839
542 6684
3004 7651
5345 4952
9931 2271
6629 8274
4183 6243
5679 6774
3279 5585
3279 9893
7536 6610
1301 8747
1950 6565
7329 8981
5304 5577
4010 3972
3848 3156
3514 9339
8408 1656
9149 4446
1333 8143
3604 5997
2629 461
5608 4433
7042 4349
8961 1289
1237 4873
4522 1384
687 1554
3887 7044
8590 6542
5936 2657
1678 9358
909 6000
5338 1094
6074 7259
201 5353
8902 1661
3509 6748
8478 1121
4080 7760
5137 8664
3154 7888
2072 2103
8167 3162
9368 4828
3409 8340
1101 8089
4981 5286
2068 8406
4107 905
3525 9452
1679 849
6016 6230
3917 8666
4557 7221
627 6886
7811 1558
3920 2576
9595 890
4438 3758
5649 8801
5224 695
4608 5624
9773 5191
2027 9282
8525 9503
5176 6841
5612 2828
6483 604
3492 8965
3340 9209
3125 2465
1096 871
9585 1524
239 5811
3218 6677
3559 6262
171 5678
8864 1516
5152 5923
8063 32
6967 9998
306 7939
897 5001
8049 5749
7178 1613
7987 2943
980 2507
5713 4073
6032 4757
9532 1558
9777 1852
7279 2172
9772 5387
4621 3557
2214 900
7347 2371
5298 6869
5426 6877
5184 3896
9109 4088
3166 1846
6315 519
111 6202
6779 1053
5209 258
6516 2874
1858 9965
8016 8709
9045 8465
2295 3226
9750 271
2318 4048
8079 5068
1112 1835
1436 7486
4655 5536
2932 7614
1676 2818
3673 1170
3315 741
1228 5484
933 6250
8251 5939
7487 2664
7306 613
6519 3682
4674 1778
5566 3506
3293 4555
4050 9450
2464 4593
3610 1548
9489 3656
9611 4415
6145 8933
3940 849
436 728
8073 5
342 2409
5065 9134
9790 9883
4116 4027
3935 5737
4987 4295
2641 7732
2614 4002
5522 4208
9343 3135
5704 8923
4790 4117
6968 4428
8150 6301
3019 6484
9655 6729
9078 2713
6805 132
9719 6557
6116 791
6000 2890
3383 3741
9856 6232
5430 3382
8449 9716
3191 9331
3098 615
1685 7950
2978 2730
1383 9119
6092 6220
7316 6496
4625 6980
4813 3539
6539 2891
6075 7386
9192 4967
1587 258
7079 5681
5114 8849
6554 9527
8948 635
8536 6273
3869 5809
1141 9178
4500 5116
1332 7325
5685 1193
6849 1762
7882 5890
4882 9628
1630 293
7871 2084
9955 4784
1574 4768
6527 5219
653 1481
7833 3319
7884 8272
8828 4562
6855 6556
7245 2742
9618 357
5415 3749
4177 8613
7913 2439
8977 4082
8649 4875
7552 8013
4619 7813
5744 4256
8236 7704
6465 3745
3553 6718
4010 6451
8248 5989
5735 4458
6872 2014
3692 5527
579 450
9564 4971
5000 236
894 4817
572 8206
5575 2689
855 950
9603 7110
6699 1460
4761 9491
6586 3132
7411 6909
886 4189
6678 6652
350 47
4826 2849
6073 5437
3375 622
8397 1664
1453 7703
7319 5357
4754 609
8612 5851
2644 6777
9631 4864
7525 477
57 2962
9851 8068
6567 1201
8378 7166
5411 6311
5104 9926
7991 8201
4293 2490
4143 8242
3421 1530
8251 1915
1891 9304
9129 1247
5238 5957
3070 1559
7913 5784
1020 1747
5947 3871
8624 6064
4789 607
7476 2023
8378 4858
770 9185
1994 4305
2293 7315
4234 6182
757 9863
5129 6459
6940 5858
2922 4164
3296 624
4727 6379
7666 9041
8862 5043
7934 1743
7314 882
2477 398
1982 5132
219 5516
742 6064
7641 4915
9982 9110
4843 6824
270 1056
1030 4813
8202 5790
5267 8165
3492 2157
8644 2741
2645 6081
84 8705
3095 644
8994 2985
3129 5770
2722 6455
235 6532
5425 3887
1324 2547
2239 1457
490 1026
9982 7142
7648 3735
2820 6067
9104 967
3336 9405
4423 2260
2654 6088
2463 1695
343 7849
1040 8329
123 3414
7568 3832
5938 5476
5736 8642
7884 2484
9790 8469
6906 4996
2504 8767
7550 7637
9193 744
8542 6831
5915 2856
9956 9506
1063 1428
3334 601
4709 1340
8268 9546
618 4507
8493 9295
862 5318
4086 2963
9750 1852
5484 1395
5372 3834
7272 6098
2584 7639
5314 5294
3673 7512
6667 9172
2757 8255
692 5615
5600 9832
9018 9816
1415 6818
61 5682
9524 4870
763 6414
8477 7696
222 3916
3701 9169
7896 8654
3773 4467
6226 9358
2116 7019
2810 5462
2992 5246
5072 2142
7717 4184
4448 9040
6453 1019
8877 6486
9759 7427
6362 7265
9211 3302
8914 4566
965 4095
9904 9473
1044 7565
3959 3487
6477 5814
8179 8374
6697 5237
8944 9948
5283 2279
6848 4391
4549 407
9916 405
186 1218
7570 4246
3947 8139
2363 2643
4747 4508
3934 912
4362 3945
2508 2306
4670 9261
229 8050
2313 13
1616 5358
7812 2270
7338 2136
4743 5005
4139 2733
980 4895
7337 4839
1013 1271
4218 4212
7326 4576
9880 993
1771 6796
248 7916
7078 802
2766 8483
934 4092
4531 5262
4878 1674
5825 6203
5038 9831
5909 8013
6275 3915
2746 8277
4787 7788
2107 4490
3427 6572
8751 4783
7860 7418
1703 2108
7475 5607
4560 5496
7836 1842
8131 4872
3566 9777
4978 6151
2991 4197
9155 4553
2977 8262
5693 8914
1449 7547
2297 6096
9123 7409
3596 4731
6745 5322
5582 3508
6105 6990
4025 2636
5813 8453
4842 1549
6593 440
2337 7470
9454 1030
6456 8578
9305 656
2554 189
7364 374
6890 4377
1951 620
2731 393
3209 4074
5257 9588
5894 9386
2893 8590
3136 6049
4256 8062
5275 476
8812 7804
9098 1170
5800 4622
7579 987
9521 1325
8340 18
140 8450
3538 5015
8462 8405
2850 1793
5303 6614
5986 9952
8396 7532
6382 4920
307 483
3447 761
9231 7289
7898 9486
7016 884
8593 3638
7441 7653
9952 4574
5651 2047
2616 8649
2619 2376
4093 6818
7883 7701
1972 5676
6906 7171
6728 6126
4510 4419
8145 4189
5133 9019
6221 9233
8945 8884
8092 8717
5921 5478
7780 5272
9747 5909
9873 1358
5541 7819
4489 4635
6048 9929
7052 1279
6626 9605
2555 5711
3664 2841
44 130
3148 560
3396 7978
4641 8320
8636 7387
7395 1607
3283 3102
8523 6678
4506 5573
2032 979
26 8257
3709 1772
4774 3090
923 6709
9570 1247
159 4444
7494 7288
6397 7125
7893 228
5688 9507
3664 5180
7672 7774
9614 5547
6909 3776
8069 5363
1268 3840
5316 3057
4867 3934
2295 1248
3979 5576
8169 3906
8199 6394
5801 2839
7539 2606
7510 2526
1064 693
5531 2114
1093 4368
9589 9113
5552 9941
4895 21
1318 6629
8723 8794
2626 1525
4461 7752
7423 721
684 4460
2260 4931
5300 5078
4800 5862
1564 436
8767 3342
3621 5158
512 3044
2547 1370
9995 9278
8822 9400
8487 2852
2974 4265
7200 2683
5861 1798
9704 946
4591 9683
8293 8033
4628 5657
9012 1518
8901 3019
6333 9371
705 825
9680 7913
1875 6800
8985 1147
2188 5386
1362 3539
99 6671
6163 7683
4217 204
7000 7313
3442 1706
6359 2126
139 9085
560 7097
6359 8684
4782 5938
3372 1212
5283 6235
9056 5639
2870 287
4873 8734
5650 7349
548 9481
7405 4342
9739 4368
8890 6664
4287 7286
5729 6668
1930 8710
9691 1260
5028 8924
6341 9109
7091 2708
5213 5086
7307 8057
2742 1612
1609 1917
4498 226
6497 8895
6791 5
195 4501
7243 2448
9778 9112
1735 2098
2760 4364
6681 1008
4202 9010
4348 8675
497 8668
3140 6529
7344 1985
2598 7984
4819 7322
9993 8031
758 5738
5420 1777
2708 6955
6570 1239
5222 9245
1342 4582
2008 4955
3714 7178
6623 2237
2701 8189
3790 5705
7755 1096
3833 4029
3425 773
2611 6060
4540 3777
3664 3948
8880 4706
6825 9075
1777 3136
545 9066
799 6016
2663 7793
1966 685
6012 3030
1283 8933
562 2840
5165 9759
2171 9347
5165 2318
7193 1890
6045 8244
9848 6026
465 8997
2000
86 84
99 28
33 8
77 76
93 76
29 17
29 87
24 34
13 92
4 73
35 88
9 20
22 24
28 11
76 48
94 15
98 8
57 53
18 83
10 61
93 61
55 26
37 46
4 35
60 20
35 20
90 20
25 75
97 51
56 34
84 67
44 12
95 11
80 11
18 89
21 19
25 2
26 68
99 5
19 50
81 60
5 74
4 49
44 79
36 46
62 77
49 41
16 52
65 98
24 41
63 66
72 73
68 4
84 72
42 21
38 94
80 40
41 99
46 26
26 29
70 10
74 10
3 2
75 41
88 24
38 19
59 70
12 79
37 95
27 79
74 12
47 2
69 32
55 44
32 77
100 70
71 36
92 42
67 90
84 32
95 60
1 4
91 64
45 98
46 6
42 45
35 16
73 84
35 93
82 65
37 30
26 96
4 36
7 61
14 20
26 84
82 92
12 84
16 7
69 85
8 26
51 26
74 6
9 60
83 4
2 35
31 66
26 36
15 75
95 22
45 31
89 35
18 85
46 98
27 93
86 18
65 24
89 54
7 36
31 63
77 43
99 42
56 70
97 12
38 31
66 4
22 81
13 98
25 31
52 30
85 61
8 39
100 37
27 67
70 84
14 99
48 60
66 62
75 93
44 94
6 33
99 50
25 12
92 7
20 51
12 69
94 88
26 21
22 57
34 21
56 83
39 64
83 45
94 44
43 29
42 91
46 24
45 44
32 39
20 51
48 34
67 1
79 21
25 26
85 14
92 17
86 65
90 9
91 99
26 17
48 3
82 44
58 54
46 76
100 5
96 59
28 5
92 50
70 1
74 60
55 92
27 15
76 66
90 81
68 86
2 91
84 18
43 38
71 35
33 17
85 79
45 95
65 22
50 39
45 27
37 69
9 50
5 63
45 20
40 28
48 97
96 62
77 37
55 92
71 15
37 43
11 88
3 55
27 88
2 42
25 84
37 60
58 41
96 54
73 76
98 54
80 13
22 50
5 29
40 43
98 14
53 18
39 87
73 54
64 26
39 80
44 84
42 82
4 57
1 26
50 77
81 77
26 33
11 23
15 37
72 68
2 13
67 23
41 68
98 60
13 60
76 53
17 17
81 30
18 80
17 25
96 42
58 23
100 87
44 39
63 32
64 12
67 22
33 59
31 33
86 95
57 93
9 48
72 71
82 29
99 64
10 88
51 73
90 23
26 78
9 78
29 51
36 29
76 14
76 91
55 81
85 57
25 76
80 59
68 86
59 8
14 58
11 15
94 14
50 87
4 9
15 10
78 27
4 3
8 62
39 14
93 23
100 36
31 80
95 45
8 22
92 100
87 70
53 27
6 69
66 7
100 86
64 3
54 47
63 34
47 33
76 57
51 68
96 38
47 76
95 21
29 71
62 32
51 43
11 48
31 86
42 93
59 70
62 56
90 43
59 35
37 19
12 71
67 69
42 34
64 65
77 87
65 44
61 22
59 46
49 71
38 74
71 9
64 80
30 52
8 55
59 85
28 72
15 67
58 24
93 27
52 35
94 38
76 78
19 13
8 96
20 53
80 1
43 74
67 77
64 8
66 67
96 57
59 85
46 32
90 74
7 58
40 70
61 11
81 36
28 72
94 35
59 92
6 100
77 13
88 22
65 61
1 85
51 81
1 74
14 95
17 100
28 41
44 79
52 11
13 18
27 83
46 72
91 87
10 8
20 83
28 53
41 97
73 14
14 33
94 79
72 89
73 57
52 98
70 41
59 95
63 70
2 37
13 89
98 41
85 4
89 92
20 78
15 2
36 98
45 98
18 56
21 35
11 83
44 62
90 74
92 97
2 66
10 51
17 55
78 69
40 79
23 62
71 43
8 56
43 82
51 49
57 91
62 83
97 10
72 38
36 53
90 34
84 65
80 42
53 30
37 25
65 34
76 41
2 47
46 41
25 83
14 66
22 52
46 43
32 15
87 11
61 15
93 8
47 96
79 46
4 9
32 15
50 17
62 75
95 69
70 71
74 51
15 11
35 36
49 91
55 35
43 35
78 81
21 15
89 91
40 90
29 67
68 3
83 72
22 52
10 43
43 34
7 33
12 98
83 100
44 24
57 74
16 44
46 22
52 8
38 66
27 21
83 45
91 17
51 52
62 35
41 93
96 49
11 36
16 10
24 43
85 89
70 84
5 49
77 7
52 37
76 50
95 85
83 73
32 48
21 86
22 7
15 15
2 48
81 21
57 43
18 37
3 45
18 54
24 34
88 85
55 67
79 19
83 48
52 96
59 92
28 22
15 61
12 17
4 83
56 30
9 39
77 12
38 74
74 59
32 86
100 78
19 59
82 37
97 36
97 25
99 59
18 12
31 50
60 81
62 14
34 14
78 56
5 21
82 40
7 29
33 45
7 28
73 53
37 28
32 79
49 16
49 78
44 67
44 84
1 20
54 69
39 45
79 63
63 79
58 61
95 94
85 45
98 71
45 88
13 8
71 1
32 74
34 81
23 52
82 68
99 88
34 31
9 82
54 32
22 97
8 73
39 33
92 96
23 23
45 53
23 71
92 87
59 48
11 49
61 43
22 100
29 47
5 30
93 37
88 39
5 9
35 57
38 53
47 72
9 22
59 57
32 60
14 51
13 9
96 1
53 3
29 75
55 44
60 67
10 95
99 82
39 88
57 31
51 45
80 79
51 25
58 14
22 93
77 41
96 29
54 95
17 5
13 66
11 21
87 88
49 55
17 61
88 95
60 31
72 93
77 66
28 70
31 41
9 11
97 75
31 59
86 95
17 16
77 10
82 59
67 84
83 17
39 61
71 6
61 93
65 100
96 69
23 25
96 69
56 48
70 73
14 88
64 48
28 46
14 41
80 73
34 63
43 35
43 78
46 96
47 65
43 31
53 58
70 5
29 71
100 50
90 34
52 21
94 76
21 52
26 54
55 44
42 15
25 67
61 99
16 92
18 98
94 92
90 70
65 6
80 52
95 68
59 27
88 57
46 70
58 33
25 80
68 94
52 53
100 18
91 8
52 62
98 35
83 41
14 32
3 43
8 16
30 17
19 89
36 7
78 57
56 83
100 69
78 99
25 92
6 8
42 6
29 19
33 93
49 32
17 8
62 38
74 85
2 28
83 22
14 63
38 19
34 13
60 89
79 72
43 71
1 25
99 62
35 63
89 23
79 89
79 18
44 42
100 52
58 7
56 50
86 37
51 24
65 72
10 48
25 93
38 33
78 81
5 72
49 68
30 46
11 82
96 69
87 5
97 56
20 48
2 62
12 46
23 56
30 25
30 32
53 18
51 32
97 71
65 3
87 58
27 94
66 16
52 43
3 16
50 5
8 95
41 91
1 42
80 17
34 56
88 93
71 17
64 13
25 79
92 87
60 3
57 83
6 67
33 84
56 100
31 5
20 39
57 55
31 43
69 17
78 38
56 32
69 90
60 32
13 68
93 37
85 9
30 89
73 31
21 64
14 67
82 49
26 2
69 82
55 56
50 71
86 91
69 73
21 41
78 34
20 51
22 95
12 88
22 55
97 10
53 53
4 77
58 4
25 80
50 40
67 87
87 52
79 35
71 87
81 42
71 63
72 32
57 17
83 98
53 93
91 52
69 23
14 32
51 42
25 11
4 24
50 100
42 51
58 63
48 50
72 84
51 39
60 90
22 20
84 21
49 42
97 52
45 19
6 28
15 7
15 30
50 3
88 65
58 48
33 34
53 64
65 14
10 79
30 66
66 63
75 94
39 64
58 59
58 14
65 15
7 52
48 1
19 89
53 1
47 5
48 4
51 84
88 57
68 32
58 17
48 80
38 21
80 22
93 86
49 81
51 94
36 72
70 57
21 88
7 43
38 9
84 59
98 72
22 80
85 51
69 69
97 19
31 1
50 71
51 87
51 6
98 94
45 93
14 80
44 49
36 51
97 22
83 92
39 70
14 50
79 11
62 6
84 58
89 94
21 97
89 13
12 22
91 76
20 93
49 65
77 1
5 9
9 44
74 56
10 61
5 86
76 25
24 32
81 39
18 24
37 1
47 68
18 45
77 88
10 47
46 18
37 5
15 5
24 84
25 91
96 13
93 85
57 88
94 22
10 26
24 95
97 53
59 30
2 54
13 6
68 54
90 16
67 54
13 41
30 64
11 18
28 41
99 78
45 8
23 30
36 84
11 75
83 2
72 25
57 61
71 49
29 53
72 83
38 45
30 65
43 44
29 87
7 61
92 97
4 56
62 76
97 63
72 1
14 98
18 43
63 86
8 98
3 11
50 95
98 31
26 77
86 18
12 95
7 36
48 83
66 35
96 97
47 90
2 38
46 9
16 30
90 39
88 90
98 32
14 74
56 49
13 28
42 73
79 84
100 51
70 28
14 79
70 71
35 66
34 89
3 72
47 37
62 55
18 95
57 44
94 5
2 51
83 6
51 12
34 5
100 72
17 2
16 63
72 95
83 68
100 16
90 15
43 78
95 99
7 29
9 5
12 38
40 82
87 40
23 29
34 91
34 41
72 88
74 22
49 96
97 8
53 97
95 9
46 98
94 63
91 95
40 86
53 59
74 48
41 23
89 2
59 41
82 96
71 30
46 16
72 83
61 96
96 75
46 71
58 75
92 99
30 65
8 19
89 93
33 22
21 14
83 8
20 24
27 52
22 30
35 42
62 25
97 23
18 44
55 53
80 23
87 72
72 88
2 20
81 50
78 60
91 56
9 8
13 93
27 3
10 23
74 93
73 21
66 28
86 66
78 52
36 86
9 8
98 17
24 12
13 47
6 42
48 16
64 91
84 2
30 47
79 96
51 8
97 68
37 60
55 4
72 70
71 76
17 92
64 92
64 30
61 97
51 24
71 75
54 11
25 83
39 95
21 75
87 8
72 92
15 39
65 23
8 28
74 89
25 49
60 14
73 25
38 28
92 12
91 49
52 49
12 21
82 100
5 33
41 63
14 55
10 27
81 72
81 29
98 44
35 59
25 26
84 76
5 21
48 49
85 98
67 97
25 89
61 40
39 62
7 83
54 82
31 98
89 15
64 27
71 15
71 5
10 30
44 15
3 97
44 82
60 8
50 29
12 38
25 11
62 58
56 90
70 6
53 99
86 52
88 65
81 68
83 56
51 41
78 82
37 81
25 13
46 23
100 84
6 61
56 94
30 8
56 45
85 56
69 40
22 93
93 24
35 43
91 71
64 10
2 26
61 13
72 75
75 36
99 39
68 20
78 32
68 15
24 60
51 80
30 18
18 62
77 45
10 17
26 77
55 89
44 46
32 64
12 31
64 18
85 43
75 26
22 7
52 31
86 72
63 85
75 51
8 78
50 56
77 18
15 95
13 95
32 60
46 68
100 30
20 25
60 79
42 94
19 20
71 45
69 61
19 34
75 61
9 73
1 15
28 40
82 91
59 72
79 12
29 56
13 72
50 19
32 98
49 99
82 46
45 24
14 13
28 78
70 71
94 3
71 35
18 11
85 34
98 4
57 9
28 52
80 47
23 59
18 62
56 48
45 7
38 1
58 76
64 81
26 98
50 99
21 23
45 50
71 80
75 96
3 12
71 45
14 87
6 86
88 6
79 71
62 15
82 25
95 11
92 90
34 34
13 50
56 41
65 9
32 80
91 2
59 8
6 82
43 65
63 95
16 20
60 9
54 95
45 75
93 68
57 47
93 43
71 7
32 98
19 61
25 72
26 69
83 93
67 21
85 6
26 31
75 14
49 86
19 87
35 91
66 52
80 82
12 97
62 88
27 22
35 26
40 18
89 40
19 74
49 13
83 78
77 67
57 49
17 53
75 65
93 44
33 55
12 85
17 14
11 4
19 60
57 43
88 85
6 58
47 45
63 28
97 62
28 77
36 23
9 49
27 51
85 77
38 77
3 86
96 67
91 67
27 84
30 73
16 58
32 26
3 29
16 69
34 3
23 62
25 26
39 29
48 96
7 80
46 38
60 22
62 15
2 90
38 21
39 100
79 57
42 81
46 64
68 21
35 65
17 6
57 67
45 75
19 39
35 20
17 38
38 29
89 54
84 17
16 20
35 18
84 40
30 95
96 6
91 91
26 49
72 74
49 93
69 51
46 43
24 98
23 90
23 34
54 43
49 70
8 36
62 80
27 8
28 50
67 98
42 37
64 84
21 91
36 39
44 30
98 4
54 80
15 40
91 66
47 36
3 4
3 50
58 42
63 32
62 66
9 34
35 57
8 93
56 12
17 95
83 70
99 74
85 93
48 92
91 52
91 83
11 99
86 73
43 45
85 93
97 81
75 82
41 35
44 28
95 79
40 1
71 94
81 2
78 24
15 33
1 91
59 83
71 43
7 34
32 16
55 97
17 24
84 45
13 70
59 43
28 43
66 61
94 31
38 98
19 6
74 97
5 72
66 25
41 42
21 36
4 65
14 93
51 22
61 28
37 61
44 84
84 97
59 91
96 30
64 63
33 12
57 2
78 76
14 42
21 2
48 17
84 40
3 82
25 11
34 79
32 38
25 8
50 84
90 99
15 85
55 56
75 12
2 22
85 61
29 67
98 38
87 82
92 45
81 83
79 81
65 56
2 50
70 43
51 21
49 83
85 58
15 8
22 52
58 73
99 4
45 83
96 67
43 93
73 85
82 27
16 64
76 86
59 48
54 25
18 28
86 89
71 39
61 78
7 28
25 95
14 21
79 91
6 42
99 29
97 8
47 6
9 14
39 39
26 33
79 10
80 81
78 97
51 79
52 54
71 9
3 3
93 9
82 12
48 6
12 45
74 10
10 98
4 44
27 79
83 39
39 7
73 56
26 55
5 27
1 17
40 32
18 5
36 69
7 82
10 15
76 64
26 20
36 88
18 90
61 59
21 99
97 96
72 29
27 30
63 7
82 28
4 43
95 33
28 43
30 58
50 43
76 62
60 43
19 15
97 58
9 13
31 2
99 75
39 27
18 33
90 81
16 65
66 40
68 65
82 15
80 45
83 19
76 1
13 14
67 99
36 52
10 58
41 36
27 81
53 24
81 50
23 26
44 55
46 61
23 15
100 35
63 20
40 2
15 46
50 32
32 6
16 77
56 96
81 6
61 20
35 6
45 34
26 5
40 29
84 77
31 13
50 19
80 69
99 14
28 43
33 60
89 92
36 84
84 62
77 71
26 26
13 76
46 88
19 46
10 66
9 97
56 66
39 17
14 8
78 73
47 20
74 38
49 90
31 33
43 35
28 14
49 100
70 93
51 94
48 7
65 99
64 43
66 1
19 24
65 4
11 88
1 13
60 60
82 30
95 6
49 58
88 92
88 54
8 94
35 10
43 65
94 28
76 15
43 5
29 61
38 25
76 44
65 72
84 26
33 26
70 36
9 80
80 77
22 76
33 94
13 72
12 59
8 91
20 41
43 69
44 51
29 78
70 35
86 55
26 45
91 70
77 24
57 91
7 48
47 7
52 7
55 34
95 93
85 6
45 23
100 48
100 7
88 14
72 38
15 25
29 13
15 36
48 46
96 28
18 27
39 94
80 31
100 55
17 54
42 24
73 62
37 92
59 1
30 16
37 65
16 78
47 4
22 70
95 71
14 21
52 99
84 43
59 6
90 50
40 74
81 91
16 17
96 68
65 62
56 10
39 64
83 94
61 16
28 31
41 8
4 86
86 65
2 7
11 37
93 60
31 73
93 42
77 30
8 66
93 51
83 25
94 84
94 9
73 89
95 23
95 41
9 57
74 2
90 38
82 9
95 73
67 5
52 39
100 56
7 85
77 43
100 54
90 31
100 56
57 87
18 89
90 93
89 49
87 20
98 99
92 95
39 54
24 95
14 70
66 35
15 42
92 43
46 29
90 9
82 89
83 97
63 53
29 65
51 91
84 18
43 10
69 6
34 8
48 43
31 54
42 62
17 87
27 83
66 1
92 94
100 62
7 25
20 14
27 98
61 85
12 25
58 71
2 22
4 26
53 62
52 15
65 37
91 27
23 81
40 96
61 72
70 48
13 40
28 56
96 75
43 55
27 66
7 50
9 55
9 82
73 92
61 45
62 22
87 34
22 2
32 32
2 67
79 62
95 15
39 25
90 46
86 51
91 31
55 37
52 92
80 56
71 36
48 36
42 39
89 91
36 42
46 31
31 37
67 17
17 16
86 27
74 23
46 92
15 100
18 74
68 36
100 70
10 40
38 92
31 3
86 57
86 78
95 64
10 83
51 43
11 54
91 10
60 56
1 52
23 15
51 17
67 27
5 21
92 18
29 35
80 84
99 50
21 35
78 23
32 68
89 92
67 54
43 61
100 18
48 21
85 49
19 50
36 21
25 51
69 13
21 75
69 16
58 31
38 53
63 23
61 61
8 95
78 31
48 48
9 92
58 59
65 33
63 32
31 30
6 65
31 73
18 15
35 35
78 32
26 3
68 70
82 10
20 8
77 61
6 83
50 100
97 44
37 81
44 24
41 98
33 19
85 36
44 86
20 48
33 26
99 27
51 56
71 34
32 1
3 80
38 9
40 55
89 28
95 43
6 35
71 37
77 60
58 99
76 78
16 33
8 57
60 76
73 5
52 15
7 76
45 75
48 15
48 78
80 25
80 60
62 22
84 52
57 92
29 1
38 15
57 24
5 70
38 2
21 2
15 67
34 40
99 79
48 82
95 40
57 4
98 35
1 31
15 11
41 47
59 94
95 93
27 47
88 82
5 84
59 1
7 56
8 8
30 53
21 13
32 82
1 46
7 68
27 29
82 2
32 40
35 53
76 96
80 44
50 7
92 50
77 50
73 23
98 41
76 4
80 36
28 16
28 67
72 85
46 94
71 67
52 46
65 70
87 4
34 46
74 53
7 50
3 100
65 33
39 27
100 45
37 25
23 72
50 61
62 37
23 8
30 25
57 61
36 85
79 12
25 32
22 43
95 22
17 64
2 85
68 1
23 71
55 57
77 18
16 67
7 10
47 40
30 76
8 40
66 80
59 49
43 32
16 65
55 1
66 63
7 39
19 62
64 43
3 69
