1000
1537 6481
8176 3192
7140 633
3705 8468
3161 9523
2294 8235
2763 7238
6279 9311
3231 2756
8714 9202
7376 1586
7470 6343
4229 57
2818 2675
159 1333
5893 2528
8910 9734
653 4479
1212 9442
7946 3904
3456 7104
3000 9292
2090 4871
1885 2033
4832 7005
4225 1656
8297 387
8097 6057
7434 6903
6140 4863
4303 1753
4041 100
2579 4276
3054 4028
9731 5686
1692 4896
4414 5248
1613 6677
2957 8712
3568 7798
8630 3937
7217 6216
6305 4683
8698 3739
803 2462
546 1105
7004 6467
3362 1216
9756 1490
8473 3262
5613 8276
1143 2309
9419 4677
7262 9275
6589 1807
2201 8104
715 7073
9709 4346
4894 5254
9810 5834
3347 6295
3820 3813
3018 774
1817 9936
6417 6578
6845 1613
1171 9441
4900 8545
2160 6623
2168 9356
4128 6734
5276 4834
2055 9198
3185 3640
2896 532
9060 2324
918 9508
1055 6657
9313 3988
9433 8390
228 1022
5409 4200
9170 5746
9 4567
5386 3207
9785 500
1598 7633
5650 6569
9553 8426
6588 4710
6983 1787
6132 1206
5448 396
3702 3041
7576 7150
9271 7469
3121 8567
7133 8790
6815 1479
4901 3518
2514 6168
3761 8007
4779 3636
9090 9235
9817 8421
33 9853
6576 4240
6822 9232
5608 1379
2928 5854
6484 1811
6932 7468
5598 9271
1388 6560
5461 3792
7510 1942
8439 1778
2305 2309
7552 8868
2075 1880
2234 1334
4534 3201
2805 5404
8713 2569
2913 549
8252 871
6276 7821
9486 8350
706 9041
827 1627
2979 5084
2524 3516
6406 7470
7256 7428
9586 4845
5375 165
9341 5906
2418 7888
1663 3111
9036 7411
3822 3881
1903 5400
3511 8574
1936 3484
7344 4734
9700 1688
3279 2878
4074 2612
5651 2659
1191 9541
1388 8984
2965 7792
6730 3234
322 6128
9400 428
8670 3766
4676 9702
1761 6472
7101 8707
9058 7040
1058 591
8704 4692
8656 4684
6580 1873
6464 2686
4787 7824
2993 3356
3828 8619
9713 3292
8700 7668
2447 366
1113 7312
5231 4288
5045 1710
4662 154
7735 5211
9922 435
3523 899
4698 2061
8502 5584
8896 6782
4723 8534
8100 6449
3164 4280
5662 2567
215 5476
5998 4857
4802 7856
3841 5143
5571 2227
6872 89
3180 7336
6902 6768
9486 6908
4673 4543
8028 4574
7329 1626
3916 8886
9687 4885
3545 162
8343 1491
456 7784
4732 9326
6591 1212
9031 639
5484 3505
5290 6355
1382 4311
5386 8096
665 3341
8051 1709
8070 4357
8398 1617
7317 9064
9376 7817
3138 7864
3912 1744
6689 10
6907 4461
5304 6284
9691 2212
1189 4336
5998 4887
4392 4807
2847 4666
6928 4075
796 6315
8735 1338
4833 9129
3057 2468
3291 1016
8115 5846
7304 5134
7975 190
8072 6690
6680 126
8529 5843
1821 6893
3079 4268
7506 4223
5749 4168
1415 5723
5183 4080
5850 3349
5988 8930
429 2387
2614 3076
3383 1454
2133 3655
2979 4109
1375 6283
7257 1527
3423 2289
8291 6848
8751 4405
3047 2434
3463 6980
1053 5408
1360 1805
2491 3930
4613 3383
6346 4513
7708 4941
641 4642
1401 1510
7068 1215
1872 4111
5826 3999
2434 2023
6283 8181
5119 1075
732 1349
8839 5965
159 3383
8491 9422
8871 6782
894 8386
8680 1304
5498 7919
1519 6747
9038 2861
9180 7916
5398 4440
8158 3182
3472 2414
463 3580
9399 4909
4725 7282
8813 3868
229 9109
8641 8457
1956 5506
8175 2992
7874 1820
4051 7995
4011 4468
1471 977
8367 7455
5071 5425
7535 7022
796 3102
765 9741
7932 9703
5674 2796
1917 7315
2641 6217
7308 2643
5485 2072
3651 821
9762 792
4615 6533
8628 6168
84 1968
1881 6254
817 9924
7635 3921
8871 1658
8227 7394
1301 930
7022 3597
9394 789
8132 9290
7852 7696
9448 4708
8387 7775
6695 8453
4063 1045
8613 1758
7484 856
8545 743
5764 7261
6697 6681
9093 6667
1017 3548
5675 7834
6598 6729
8588 9274
1820 9391
2489 3010
9769 6188
5689 7840
9511 441
6413 1912
9959 398
1104 8148
8477 2175
8142 8424
1138 253
2336 5528
8684 2114
7945 4882
650 9050
5729 2027
5292 1723
9915 8675
4862 1174
4833 6383
6643 9515
8219 2201
1496 1242
3377 537
9514 8568
4919 9828
9391 3284
53 8623
4850 5104
3989 5495
7986 4896
9526 7144
417 6156
1988 8397
7721 2795
6686 6737
7719 1307
3305 7670
1025 617
6365 9851
4741 2373
8279 9208
4370 4695
578 6782
5158 5929
1546 9257
8503 8852
1660 2999
483 2774
888 6469
6472 5325
6859 9421
1360 5404
5403 8376
1501 6261
8389 662
1389 2117
2084 3078
9319 3392
3313 2831
7560 6974
2674 2205
7433 6245
6854 9390
4840 4405
2977 415
3856 7151
1117 1020
5386 8515
1754 3397
1535 1309
6955 1852
1653 1772
8988 2534
6128 7409
2919 3008
9576 9696
9637 2883
903 1950
7333 2585
3373 2040
2263 4410
5490 4786
5713 5097
3265 4763
8105 8075
194 8332
1907 9617
7038 1057
3448 8210
3004 1674
8237 8903
3708 6776
5753 1612
8234 4225
3274 4751
5562 5430
869 6200
4488 1488
1926 3596
8406 617
7908 3839
7209 7902
2008 6754
1917 7456
3565 8109
1372 4952
7219 3019
4916 7214
385 3863
3998 4833
3975 2859
339 6774
7433 8980
2553 8401
764 8360
2783 4243
2917 2879
5966 6496
3280 7764
8257 4666
8815 2532
3850 9953
4311 5867
8259 3683
416 607
1408 9173
5557 1165
3983 8078
4385 541
5545 4908
3499 1046
416 3301
4019 120
7898 2620
924 5968
8593 1646
9318 4834
4992 7019
6713 4496
7041 2071
9296 1221
3655 7342
5493 5404
9710 1172
7735 3949
2591 4490
8328 4914
1803 6684
8036 2221
7408 8740
6874 965
1148 1703
9303 7306
4332 5629
3747 9308
2950 6579
675 7847
4644 2232
4329 6231
4977 4465
9106 7007
9280 6363
5562 3875
1707 5379
3837 7596
3856 3607
5814 9622
3473 4663
126 7807
8116 4254
4185 4933
1123 5276
7918 2531
6572 5418
5750 5424
760 5255
1304 8487
9390 2945
5742 6238
1352 3034
7005 2170
22 3602
6494 1668
8470 9774
7114 8799
4472 264
5096 8933
2609 8899
7762 3087
7964 8744
6561 8817
5660 3911
9400 2063
9459 6562
4417 4182
6042 6235
8211 58
2597 5835
4798 7797
4659 5928
5506 6251
7848 7996
1600 3266
8643 8743
4670 1762
1891 893
3242 8012
8562 7086
1312 482
1998 7855
4708 2207
2633 9008
5341 4193
310 6371
7915 5260
5238 3736
5135 7554
5792 3650
1644 5891
5526 5829
5957 5349
146 1222
9363 830
7102 5385
1387 5435
8457 9165
9613 5261
833 8586
254 553
2742 4616
7850 361
3041 2066
8831 1385
2041 9736
3850 4043
4750 7803
4380 1788
253 8385
1243 8688
6630 1530
8648 4476
7076 5464
1542 4943
2747 7504
2572 8077
7807 4182
5835 1000
5385 4740
930 9454
1898 3638
1973 1818
1276 1164
1144 8733
2415 7045
6758 5607
305 4034
3653 9638
7200 4827
8231 4764
6286 241
2889 3189
4702 12
5279 3903
6141 6580
7 9641
1067 3238
6968 9992
1882 5235
3060 2142
3572 1188
6965 7615
9582 3082
9923 4051
460 7262
9087 491
5984 8921
432 4972
7050 6091
9925 7407
699 6393
425 9401
3976 9692
9236 8598
2017 5290
2961 8464
1129 9900
1597 1953
8468 1445
5032 9254
7123 7472
7469 6722
5418 9034
5418 1522
950 6814
3836 1857
3693 783
7890 2831
7131 8096
5426 8161
3553 5759
5869 352
9335 2048
2421 5095
5433 7886
1490 7720
8341 456
5082 307
8580 207
4584 2735
5845 635
1055 6563
7072 189
2914 7933
8836 5421
7068 1622
9813 598
5129 895
1076 8698
4657 4550
1208 9456
795 5819
2104 8953
4662 5632
5309 1702
8863 6580
6957 1192
3464 1597
233 5873
2858 9618
9341 6954
8858 5599
3256 9355
7269 1769
7314 9203
2467 2485
7448 895
8933 5320
1967 9399
9784 1780
8064 6213
6712 8922
5098 6040
9427 2035
7527 532
4471 7104
6787 2721
5865 2514
7457 6894
2661 2912
8581 5894
6645 800
2215 4578
32 285
7775 5809
1266 7169
6161 2371
8042 6712
6821 3191
6303 978
1467 8788
6706 2396
2341 7026
5616 2834
8922 7017
737 6837
3632 1154
2323 8297
6258 4262
959 1528
4328 3053
9165 1585
692 6920
9488 1803
1145 7757
7159 1838
6344 1219
3601 2298
4431 8923
2258 8317
3839 5606
853 1467
3075 544
1465 1697
4015 9043
7605 9963
698 3542
3306 3576
695 5799
9717 5768
9908 608
1668 7685
2451 5659
6509 6492
5923 9889
8974 924
7105 8509
2081 6452
2908 4976
4886 8714
6057 6748
4544 8626
9115 4325
2738 8032
9497 2628
7053 5515
4199 221
7734 7056
4366 7916
326 2815
2336 3658
3960 1853
5487 2000
1015 5867
4180 4422
8628 8404
7279 3830
1184 6978
2797 3121
1500 5946
720 633
1350 7625
5358 4132
3213 8074
5489 8628
5302 2509
6040 497
3807 7917
4066 2138
9609 8288
5443 7291
9224 3263
5062 1444
3082 8091
2628 8834
2472 5457
3401 9960
7960 9522
5560 2854
3876 6318
6365 3889
3645 7077
3386 5819
5151 3711
752 6280
303 2438
3479 4117
8595 8347
3491 7052
7092 7899
8795 3420
7851 485
3894 4328
7381 7230
7614 6401
4779 7131
4091 5761
7736 1569
5288 8542
7843 6875
7532 209
4866 1820
6063 5386
4730 2640
3858 4894
187 8647
3093 7138
4145 1249
1513 7455
3215 7394
8987 3231
7038 5580
3009 3347
7701 6327
9042 1505
9536 3760
8758 4199
1107 1275
1771 1387
8422 2549
2874 4883
6820 9332
1109 1164
5153 6474
6585 7406
4005 5147
9101 8429
9352 4069
2800 3647
9975 6317
9718 9563
4814 5257
945 4405
3250 8192
3991 8570
5831 8117
5123 2483
3727 1078
8483 7795
7729 4334
4457 713
8848 1823
6216 4063
9876 969
4280 417
5073 1599
6046 6075
4273 5118
4764 4418
7493 8987
996 3520
8698 3596
9071 3810
8795 8323
6332 3111
7146 4179
2556 1812
4753 9902
2063 3632
6507 7315
6743 6629
1413 7114
6844 3226
7043 3189
3791 704
6986 5166
8161 6499
5243 3342
2370 6480
3340 4586
1629 9599
8948 7710
5612 4508
5623 6526
8292 2822
7642 2443
5396 3012
9891 2176
4925 2115
19 9051
7826 8151
1310 2013
3281 5773
6298 5043
9614 2533
8874 6742
2411 8870
7295 3283
2156 4528
9547 6276
239 634
3759 1952
68 2508
5962 9821
4657 9948
1601 7374
615 4457
567 6384
7016 8771
8411 6129
5990 7846
5251 8356
2195 8171
3515 9217
2111 3798
7374 8127
8148 6909
6002 747
7162 5893
5124 415
4777 2297
4478 1139
4829 2692
4821 1358
4361 376
6270 8208
1688 9101
7252 4954
3584 7311
623 8529
4775 1775
5178 2606
6 3249
8373 7782
5334 9065
4575 9011
1904 856
2157 7105
7547 7760
2789 2951
4768 3303
7458 8907
7220 8130
4574 6098
8049 766
2815 2658
9829 8284
1342 1653
8181 5837
8182 678
3463 5311
5417 2253
9104 80
32 7064
3134 755
2165 8578
5880 6110
7812 8538
6108 3720
55 2686
2499 596
982 3584
466 5216
1915 6019
7763 2655
3754 9068
4384 5834
3700 2158
2491 2943
1180 8365
9864 9102
2785 1304
2029 6522
4209 7032
1725 5734
2193 3322
679 9567
1792 7398
2893 5415
7153 3354
6880 6978
7503 5724
4352 9820
4946 3239
4641 6779
7432 8860
3839 2377
8391 9048
1956 2916
5289 998
3586 4390
7619 6167
9964 6577
2207 5989
3058 7780
1322 3439
8227 8083
592 2132
3779 961
7352 1855
2046 6965
4076 399
2385 4388
5247 7023
2112 6072
682 8172
6565 8937
8907 1688
1466 5414
6818 6071
1537 7065
8046 1240
9428 3840
2000
12 13
13 40
12 9
83 91
94 69
97 29
52 87
80 69
57 53
82 90
54 84
95 29
81 72
27 98
83 16
86 50
2 12
47 86
79 14
84 45
5 47
70 87
28 76
54 62
71 52
70 45
90 38
72 36
25 49
31 62
10 31
24 45
73 5
2 73
35 59
92 74
94 23
55 86
50 63
39 63
86 40
68 65
4 38
16 42
6 46
56 54
48 17
15 30
61 82
5 55
60 60
16 81
43 58
6 11
44 21
14 82
53 45
46 23
62 71
72 78
91 23
73 22
49 34
45 96
61 65
97 23
13 6
84 11
19 44
64 99
73 8
23 45
27 45
16 4
77 2
43 93
62 3
32 29
52 90
36 73
95 45
91 47
29 90
17 6
63 65
68 56
88 89
90 96
76 31
39 29
39 70
93 80
81 84
83 51
66 52
5 19
86 10
70 26
44 53
35 35
22 57
31 48
33 94
75 19
97 35
82 44
96 4
23 10
19 85
32 76
6 32
34 30
79 6
56 9
99 90
29 65
65 14
14 3
21 92
91 31
62 29
63 83
30 27
86 61
43 11
27 17
56 46
38 40
89 23
47 39
84 27
73 9
14 24
92 27
21 8
69 85
43 42
67 26
56 15
13 86
49 66
18 59
42 12
47 68
7 50
99 86
51 85
19 56
20 93
92 64
24 42
52 83
25 31
89 26
33 74
81 100
94 84
11 62
49 51
16 77
17 39
18 63
50 54
7 76
31 10
22 27
23 15
95 20
22 37
43 35
83 95
53 60
58 78
16 4
81 23
17 40
42 30
3 79
54 48
5 36
82 80
83 43
84 93
10 33
52 98
94 70
88 54
63 27
24 89
12 3
50 30
14 81
81 51
94 37
40 26
99 50
31 7
11 67
6 14
57 69
45 39
41 63
71 48
76 20
51 98
90 11
12 12
80 3
59 65
15 3
64 30
43 11
71 34
92 65
1 69
62 40
33 59
42 80
22 11
3 40
4 37
62 30
45 29
95 76
92 20
64 60
3 73
50 86
49 81
20 6
71 38
96 18
24 61
52 6
25 100
71 39
76 69
52 37
35 23
71 22
98 19
47 8
98 56
24 16
82 14
94 65
78 44
87 40
95 18
32 59
68 93
26 72
76 92
83 72
63 61
47 2
1 51
50 34
90 65
54 45
45 62
44 35
77 44
96 54
41 33
52 31
20 96
58 36
48 53
66 35
88 75
48 85
28 48
71 92
8 74
35 12
27 3
38 17
58 43
88 65
76 83
12 88
48 100
94 7
25 50
4 43
50 44
4 78
15 87
90 12
58 100
69 89
42 15
80 73
89 89
35 35
53 18
49 63
83 81
41 80
60 38
11 53
17 25
43 56
87 58
83 97
85 85
95 83
30 59
21 60
25 4
18 34
48 20
94 22
89 44
100 31
59 11
24 59
21 99
14 17
82 40
19 8
82 83
36 100
98 77
40 75
91 17
3 72
34 48
67 74
100 17
7 45
95 76
11 66
40 9
75 10
28 51
2 93
66 65
100 42
30 90
11 48
94 31
30 10
41 71
75 47
23 5
82 73
32 63
3 41
43 72
89 59
67 29
20 68
19 50
19 98
70 53
59 11
16 60
67 45
24 23
61 96
59 61
54 35
38 89
50 62
19 84
20 51
26 88
87 36
53 82
27 83
26 59
71 1
55 30
32 68
6 69
3 45
94 55
16 17
24 11
17 60
23 63
91 82
28 1
25 69
55 27
49 77
30 74
10 18
4 30
27 4
64 80
42 32
1 15
53 42
71 27
99 72
96 91
19 6
83 1
21 18
76 18
57 74
4 1
93 99
1 79
34 27
14 21
31 58
7 82
34 35
17 15
37 91
55 20
93 70
20 1
15 21
32 40
92 63
37 91
27 28
80 56
44 12
67 63
11 79
24 25
43 50
42 30
8 21
88 94
75 21
15 80
12 45
50 100
45 96
16 34
10 26
35 18
32 99
67 25
30 64
5 48
40 69
24 58
20 72
95 64
42 71
22 15
6 15
27 29
59 81
3 93
44 57
80 38
37 25
82 90
60 89
85 89
98 21
62 85
97 53
16 98
77 57
11 95
69 66
55 24
63 46
76 52
71 76
52 99
10 31
52 21
64 95
85 19
28 82
33 11
61 12
50 96
10 64
57 29
41 53
42 62
93 63
95 66
41 50
92 92
90 53
97 69
23 68
100 44
20 72
64 39
62 47
59 71
70 70
9 85
8 1
96 57
11 74
35 85
19 23
93 12
35 11
51 17
8 64
58 76
15 65
99 33
48 6
2 52
8 48
28 30
38 33
17 23
42 53
66 65
22 91
49 23
35 25
94 49
11 41
48 81
90 4
36 48
73 35
3 25
33 84
18 50
88 63
69 21
37 26
40 8
60 100
74 15
68 65
28 35
92 67
11 49
70 41
31 62
4 67
57 79
52 38
37 90
42 70
41 41
4 78
88 24
19 88
18 49
84 15
88 41
44 79
31 52
16 30
66 78
40 18
52 63
12 34
2 37
57 89
52 69
28 29
98 47
92 27
3 17
68 64
59 12
44 34
21 81
4 88
72 28
49 92
16 67
17 97
81 80
69 71
32 90
96 91
93 58
34 8
35 36
11 55
67 59
56 63
47 100
4 21
22 11
28 30
75 98
45 20
61 61
34 18
7 17
23 35
74 51
39 84
74 48
28 55
98 23
17 91
53 58
59 43
87 79
47 63
84 62
80 76
82 53
99 37
82 51
43 32
91 49
1 87
44 49
16 2
45 91
11 16
36 34
34 22
73 68
10 11
22 10
79 11
30 6
61 50
62 49
13 53
55 89
30 16
90 50
12 44
79 33
44 24
45 59
91 24
16 29
18 26
51 75
58 58
6 23
38 90
57 91
26 57
35 45
21 40
34 18
18 32
51 75
58 23
61 75
28 61
86 58
77 96
97 87
89 88
1 35
17 60
90 23
70 61
91 4
98 14
27 41
4 56
28 56
26 45
27 25
90 37
36 89
80 97
84 99
7 73
4 11
53 68
94 54
4 27
77 35
40 93
64 44
76 12
59 33
94 21
52 72
97 31
7 71
39 10
47 16
15 30
38 50
35 100
86 26
12 57
54 36
74 28
78 47
12 12
34 54
46 44
76 67
71 40
90 57
41 20
38 28
22 29
78 75
19 20
35 14
12 67
83 98
32 70
57 27
28 1
70 37
82 23
18 61
38 27
12 88
85 41
41 65
78 56
76 60
99 29
2 52
16 69
45 41
28 43
65 6
100 23
95 80
48 55
68 7
23 57
31 51
24 54
80 17
17 62
36 36
83 57
1 17
78 50
15 26
48 25
49 68
5 83
48 15
18 77
17 81
95 53
72 33
32 89
37 40
42 87
45 34
7 24
7 36
45 35
27 13
19 27
51 44
78 52
27 51
79 69
81 72
40 52
11 5
35 12
58 70
16 48
72 75
84 63
38 80
7 74
25 84
62 72
77 9
28 25
78 26
51 65
66 17
99 28
73 74
11 78
62 97
74 96
87 97
40 33
92 5
72 100
20 80
4 67
59 90
16 56
9 49
53 48
29 7
79 64
40 74
49 44
34 100
60 63
31 51
38 69
20 16
20 98
6 11
85 2
31 43
100 44
83 87
44 75
78 40
42 10
71 2
81 4
94 69
6 68
58 86
38 99
56 73
29 18
69 14
24 94
61 16
41 61
36 5
87 65
38 28
14 40
96 71
75 1
54 65
68 8
48 52
50 39
23 10
92 3
34 66
85 2
79 52
32 24
88 31
17 12
51 31
10 73
44 93
28 63
80 13
73 71
48 73
28 86
67 25
28 6
71 1
57 18
36 85
86 57
77 29
33 4
51 49
59 8
68 34
7 7
44 23
56 23
24 77
47 85
37 93
75 76
77 83
92 19
12 69
89 37
34 91
35 100
71 20
42 94
4 65
24 85
48 89
18 89
55 5
48 18
97 31
6 100
83 44
58 86
87 10
2 6
71 94
61 77
2 56
74 4
67 63
53 37
6 65
78 11
6 85
62 45
6 62
67 77
18 21
55 6
32 14
42 27
8 67
46 34
88 92
8 68
18 88
63 88
85 25
49 88
15 55
99 96
37 30
50 40
60 24
39 97
62 2
78 61
11 36
50 62
70 32
63 39
39 96
17 50
40 59
41 87
35 87
52 29
27 36
98 92
15 61
74 8
91 91
42 82
54 80
82 57
70 52
86 34
15 32
77 13
79 67
70 80
34 80
16 56
89 38
77 39
21 72
83 9
44 29
65 49
4 49
3 62
22 33
65 37
50 11
24 18
13 43
17 44
23 18
49 68
93 87
3 20
67 85
1 88
83 17
1 74
2 9
42 2
66 32
78 54
88 41
80 34
50 95
21 73
11 29
99 85
45 47
22 26
58 18
56 34
73 85
58 17
57 39
84 57
87 86
79 37
89 4
71 44
67 11
47 85
93 20
88 12
27 86
15 90
8 81
98 70
32 89
69 5
41 71
61 100
30 41
59 66
18 85
92 14
57 37
64 34
29 91
54 66
31 76
60 88
59 55
12 76
33 68
88 62
77 43
50 86
25 53
86 8
6 21
60 15
91 93
83 98
46 10
48 5
92 64
22 79
34 68
10 91
29 62
36 23
81 89
61 9
12 41
72 92
84 44
56 54
4 10
48 91
28 94
65 67
92 25
9 33
88 73
83 48
69 86
4 99
14 50
63 30
40 16
57 97
80 31
51 95
21 64
100 8
92 75
96 82
27 87
54 56
14 3
78 39
90 12
62 28
11 8
29 25
56 88
100 50
6 13
76 27
71 23
61 35
84 26
92 54
100 67
62 55
67 2
47 74
39 12
32 95
87 75
57 89
93 66
87 14
44 56
55 12
96 94
98 36
58 75
86 73
54 13
39 44
9 90
23 71
60 15
12 30
79 85
55 67
55 22
57 46
50 97
8 90
62 80
22 70
15 13
3 1
48 70
44 66
19 5
62 43
40 36
60 6
89 72
3 37
94 3
45 88
98 75
78 88
25 46
36 79
8 12
92 42
11 55
26 1
57 63
98 6
19 89
3 87
14 37
55 39
50 78
9 81
43 70
6 51
15 26
96 24
46 100
41 57
25 31
23 4
46 78
61 32
67 50
40 40
57 22
14 14
61 68
100 27
24 13
35 7
64 17
20 95
21 72
7 28
14 5
86 89
93 44
84 71
75 75
31 62
26 75
56 93
94 8
54 22
92 38
9 4
4 74
39 88
12 19
73 42
1 83
93 41
55 63
22 8
27 64
98 42
50 86
63 54
70 14
99 13
53 64
33 8
52 3
68 46
63 96
73 39
31 27
38 50
63 55
45 22
43 88
57 35
51 10
55 10
33 7
73 79
53 52
65 69
38 88
8 46
22 11
29 77
86 68
79 92
83 13
75 52
58 98
38 16
42 90
35 72
8 93
61 8
85 18
49 72
4 1
27 84
34 16
82 72
97 92
37 68
36 66
90 13
39 90
27 20
92 86
41 65
43 89
13 7
14 26
40 1
19 3
50 79
13 47
9 96
77 5
87 38
6 46
14 94
9 6
4 89
45 36
100 87
84 70
71 72
79 47
76 35
58 88
51 98
75 64
51 100
91 11
36 53
62 84
87 24
82 42
95 8
63 95
94 17
48 90
25 4
37 61
82 86
100 26
78 28
58 97
20 11
43 70
4 9
64 79
49 100
11 37
40 4
6 64
44 95
53 23
16 39
21 16
10 77
22 33
84 31
8 20
90 63
35 84
80 23
65 30
46 21
44 22
69 92
41 95
49 45
17 1
55 60
9 15
52 35
81 69
85 12
65 51
98 13
33 100
40 85
65 42
99 10
89 77
14 40
17 7
55 36
91 41
21 99
60 60
54 21
53 28
90 35
75 98
44 92
5 50
95 84
58 15
50 88
52 80
29 85
54 53
59 34
40 71
73 70
34 94
15 37
2 21
9 100
87 43
1 8
64 91
53 41
32 13
43 59
46 83
37 12
57 82
60 7
13 61
49 98
60 13
19 18
8 97
98 100
94 22
78 92
28 60
60 89
62 39
18 36
87 56
85 25
94 62
40 11
11 26
76 5
5 67
42 32
85 37
74 78
65 6
70 25
24 1
20 99
48 5
69 85
81 48
80 53
16 5
87 59
31 93
65 93
60 2
28 48
42 53
48 39
10 83
29 74
36 97
95 16
23 27
33 11
83 15
54 81
64 74
73 73
68 59
47 53
96 11
97 6
37 3
40 86
71 48
30 43
77 1
55 52
2 87
55 50
18 68
45 91
68 94
40 19
53 59
45 10
85 2
30 62
22 12
53 32
18 64
54 23
70 92
11 6
89 48
67 99
39 43
97 28
17 65
93 93
3 100
64 84
73 55
45 26
7 16
22 28
27 83
4 28
45 43
58 38
36 14
59 81
57 4
20 15
50 96
72 56
53 39
32 5
77 95
40 64
59 39
78 82
24 74
83 77
71 96
100 74
18 40
46 65
34 39
87 71
91 90
55 65
50 30
47 80
23 11
54 24
40 64
82 47
98 14
64 75
85 90
10 66
60 10
94 18
94 79
53 87
44 13
2 9
63 96
43 53
78 57
31 31
94 79
82 28
50 89
80 11
31 68
92 82
76 42
97 39
14 38
23 27
7 27
28 51
71 97
67 35
24 79
7 96
4 98
52 31
11 76
92 45
11 75
38 70
39 95
70 19
49 86
98 18
28 78
10 51
6 49
25 27
5 75
59 39
73 13
51 25
28 62
32 31
49 20
70 52
52 23
55 21
63 14
35 53
42 31
90 87
92 66
11 38
26 28
32 19
64 47
54 12
61 64
22 98
81 11
99 77
100 57
20 52
60 83
14 74
21 54
12 54
93 54
23 21
60 3
95 13
94 24
87 71
1 54
43 89
3 50
96 60
32 26
3 71
19 88
93 57
74 69
10 47
37 93
23 5
93 37
33 18
66 42
79 92
60 84
23 82
20 33
52 44
94 52
87 92
29 5
72 86
94 48
95 83
38 37
68 45
38 16
73 31
7 35
12 10
38 70
97 43
80 31
64 76
34 36
1 69
30 52
72 83
45 17
6 41
97 30
35 69
81 80
3 14
43 23
98 28
75 8
87 12
45 47
62 21
22 79
13 76
83 31
91 20
1 39
44 85
100 14
15 6
3 17
18 45
57 86
76 2
100 64
5 42
52 8
53 15
39 4
85 91
67 75
32 39
6 43
84 58
79 46
79 9
84 79
89 47
26 61
45 34
37 9
59 12
31 20
57 38
74 81
63 100
47 34
17 67
27 24
20 63
36 98
10 30
78 99
56 54
18 7
12 100
70 19
48 77
30 23
75 95
69 12
95 80
100 13
48 17
96 45
75 97
67 78
94 87
17 3
81 17
37 26
38 39
69 8
51 9
84 4
48 38
99 55
88 13
62 60
31 80
9 40
73 49
40 52
64 46
6 45
75 8
52 53
39 69
47 58
100 82
23 26
79 29
32 86
33 7
86 46
64 26
67 43
26 64
43 39
53 60
57 67
59 39
44 53
87 44
77 97
16 94
72 47
77 4
37 60
10 24
35 62
10 62
26 100
15 48
27 38
73 23
19 12
3 9
55 51
71 90
11 27
53 91
27 81
8 35
45 75
27 20
17 27
7 39
99 24
64 51
55 11
99 13
95 86
92 30
17 67
69 4
26 47
89 95
37 22
64 89
48 77
21 5
59 53
17 93
19 87
27 51
59 6
32 73
14 36
18 18
22 3
99 95
95 41
17 94
77 77
29 39
83 76
29 95
39 86
98 58
29 13
39 44
86 72
64 97
94 33
62 38
11 66
67 97
84 34
1 21
57 40
19 45
65 50
72 75
55 84
87 98
62 52
46 64
6 32
89 22
39 90
19 76
95 72
94 88
47 16
75 48
44 15
9 53
71 48
58 97
58 86
2 21
35 22
60 35
10 89
20 45
44 63
2 92
71 29
55 47
54 91
45 10
20 53
12 53
86 74
59 84
66 70
21 13
5 46
49 59
5 63
79 24
44 32
12 16
50 88
38 7
27 84
48 40
69 87
89 79
44 94
72 98
59 95
57 35
28 42
60 61
75 9
56 88
12 99
87 22
24 6
64 22
61 2
33 6
45 86
86 21
34 53
94 77
30 26
45 35
50 39
4 45
67 14
18 16
76 26
66 52
38 10
34 83
6 47
30 40
19 4
79 15
41 100
27 75
46 34
66 52
78 44
8 25
31 11
71 60
4 56
22 19
83 12
1 4
69 2
18 76
64 28
64 71
46 98
4 88
9 80
89 34
34 54
16 90
52 11
7 49
41 42
86 67
79 69
63 75
11 64
63 20
43 18
77 83
57 1
44 27
92 48
53 15
18 64
77 73
52 3
7 63
38 55
40 19
51 9
67 71
84 29
11 64
95 94
50 11
35 89
94 87
24 57
29 25
52 48
54 62
95 20
4 91
59 43
25 39
10 90
75 15
32 20
52 67
70 85
55 36
97 82
73 29
38 93
4 43
50 4
55 68
49 100
54 55
61 74
56 64
18 89
2 87
56 90
17 52
15 88
41 98
69 53
24 82
52 41
50 12
6 26
1 66
44 54
3 17
69 87
30 83
90 67
56 77
6 2
69 43
60 40
35 77
41 61
48 45
97 95
73 85
88 37
53 12
34 2
61 44
14 27
38 48
29 3
59 33
20 45
86 67
57 42
2 40
73 62
9 61
89 50
10 9
74 58
64 28
26 95
98 57
15 37
26 96
90 40
4 3
48 44
49 77
28 35
49 64
40 39
100 11
96 17
98 59
95 51
95 99
92 83
42 35
74 70
37 1
85 30
70 45
71 5
95 100
38 3
81 65
73 71
52 72
51 56
3 9
24 67
93 25
1 23
38 78
65 14
1 35
52 54
49 62
84 37
23 48
62 83
31 7
46 15
80 3
55 92
14 8
55 91
36 94
98 14
51 9
52 28
33 74
54 83
20 84
