1000
9169 3065
324 6589
7686 6864
3361 634
5828 7019
5778 6847
1434 1194
8046 4793
9483 2575
3014 9969
6006 7640
2713 3111
5608 7683
148 3663
3271 8164
1246 5349
8944 1202
7713 5489
714 6908
3447 6715
7990 86
5478 897
2235 9063
2832 8737
9587 7123
348 3939
2764 3597
3836 4658
2425 9195
9104 9590
3924 7355
6518 295
1332 2265
5363 3567
7334 9362
5141 6476
3317 3738
6093 1087
8497 4859
1515 6554
7794 5804
3477 2442
4868 3203
3478 124
5831 2651
9018 4024
5923 6955
1419 3597
7813 1612
5009 755
8976 9918
9316 4779
6434 4050
8470 6233
4142 9702
7027 1313
4738 9599
5676 673
1636 2608
7622 202
9817 3940
4466 8110
8042 1965
8511 3244
2167 6329
3391 6906
3896 143
5126 2325
1037 7525
6446 7828
1355 6133
6845 9291
7123 9024
5873 1005
339 3196
5340 5051
4058 7987
1114 2839
797 2594
3297 5536
5323 1333
1088 6656
8793 1341
8644 3481
4928 3553
4543 1911
8745 5929
9130 9923
1226 5282
5020 1403
6342 5272
6746 9514
5252 4175
8986 9879
4352 2736
211 2833
5455 5288
2137 6790
7344 2226
112 8051
633 4185
3341 4257
8152 4241
520 2370
5682 9460
5385 1179
6504 3467
518 2455
4602 7228
8916 4462
3682 7952
4570 6617
4564 2111
1286 4451
3551 1997
3230 6547
4679 7943
6571 2118
336 4870
8593 8117
8740 8346
8135 4629
7346 4296
5838 8529
1746 7011
293 5309
2189 3144
5109 2316
5361 4635
9088 9968
6689 4004
3134 7253
5937 7892
4796 4898
9715 5797
3908 4918
1324 756
3971 148
8763 1653
6253 42
7065 9148
8669 3009
6188 4763
9977 9222
2716 8393
9921 9583
7749 1615
1303 3832
1151 4761
6827 3924
2478 5164
2562 9074
6739 784
7205 8840
8854 3746
4186 7941
3813 6827
9983 4793
5984 3300
44 5028
6785 5217
632 6055
5531 181
6753 9929
9035 3438
7141 7348
396 3458
8461 7810
7880 4484
4993 5817
974 8908
4971 1304
8145 6161
3969 3732
5685 2593
773 2230
2104 8619
2202 125
7669 7712
3847 4724
3274 3379
2078 3982
3521 9490
960 6517
3793 1569
7779 8299
1117 8252
5248 1861
9095 4522
2489 7088
1771 1253
3101 8529
2681 6060
3876 1330
5179 4997
4341 7778
15 4934
7951 4449
333 8869
8647 5291
5561 8788
3317 3074
9048 299
707 6206
6637 1976
6864 2107
4254 5141
8408 5291
6417 4927
1547 244
7096 9805
2471 8837
2950 8385
8869 3042
2789 5217
229 9403
4337 3473
914 2718
4784 4800
6572 5398
6220 4469
9750 7760
3311 4170
8088 3582
302 7813
3600 4317
1850 8923
5665 7243
2199 4559
4432 8716
6359 3680
6827 2240
9015 3256
3728 8825
6047 9839
5865 5926
592 3656
5749 1436
6879 590
1160 2258
5626 3854
7284 1507
4649 8440
2333 7166
4157 4525
8941 20
4428 1137
3549 9934
5148 2242
390 9662
6366 4266
9638 9621
3758 3909
8710 8513
3733 3784
4839 4607
7262 1487
6810 9921
2198 7406
2962 7028
4526 544
9945 6135
4202 2804
5722 8545
4651 3562
9689 5021
5280 3362
8352 3634
4337 502
8146 3900
4352 7637
630 6381
9296 7138
5829 4804
7529 210
1360 549
1522 2914
1946 4050
6032 8080
8261 1833
5774 2930
1184 7785
544 8781
1232 2447
523 5812
1247 1664
2727 1583
7240 4881
201 9946
6297 9454
3620 2883
8976 6476
3514 2808
8291 1248
158 6266
4135 4269
7324 8011
31 1882
6739 8152
3110 676
9805 8541
5041 494
2724 2715
7481 5481
8544 8215
9488 2911
8605 1851
3208 4946
3712 8024
3321 2710
9503 6005
4597 7474
4922 8713
6915 7045
8985 7885
4169 7565
7148 6951
7843 571
5601 8752
3261 3549
2562 255
3678 5163
2667 2755
4587 8720
8198 2521
1970 9652
8216 3465
8800 9631
2854 7133
8903 7530
6349 5286
5620 4849
6640 7188
4323 8506
1886 5521
60 9392
4813 3341
3928 8616
198 605
2214 8552
3320 4482
4706 5939
4282 5184
6359 2604
6185 5030
4323 187
8741 9340
9079 9093
5535 6600
7039 7121
1702 8926
4566 1171
3234 8536
4276 3977
3938 9777
4730 7945
8908 3431
2051 5830
7716 1958
3016 4348
7523 9778
2406 2202
8206 5353
4594 4413
7936 6152
6858 163
2762 4774
6219 2721
553 3373
3925 125
8670 1000
4582 2678
722 248
702 8368
8580 8837
400 5454
154 2257
3102 9844
9491 9572
3429 1071
7976 1677
3208 3063
8424 4865
2159 4489
4000 4438
7413 8854
2739 474
6182 3134
9371 6422
3225 7869
2341 5782
1974 5641
2941 205
8575 1152
6962 5211
254 5433
4902 2420
203 4176
3767 4602
5766 2694
5943 212
9977 7998
8920 2921
4764 7268
7331 2862
1960 7887
935 6325
5821 6912
5231 8029
2849 3017
9644 1392
4900 7410
7387 7540
2139 5671
5084 3867
914 6588
283 8721
4094 6996
2956 2081
4568 9617
1473 9821
3356 2841
6696 5371
9238 9269
429 4137
4764 5874
1010 5248
3199 8464
7656 9835
4528 3235
6417 341
3499 2995
1577 9574
1556 5165
2106 868
7926 9708
9705 4751
5705 7040
9787 2021
138 8161
3561 1161
6751 5907
5875 4532
5891 1005
9761 512
7959 2641
5180 2962
6703 3369
697 6416
4347 5101
5196 4657
8040 7195
855 7417
8237 1195
8525 9771
562 492
3911 3186
3474 4061
9976 1811
7650 3962
8311 1030
4916 1518
4159 3394
5243 9323
9965 3626
6352 6767
9511 1072
631 9343
9319 5787
7041 3837
4387 2173
9047 2419
3101 3860
2751 1347
5752 5996
5983 3460
7721 9111
7792 3301
7629 3540
8423 4547
2351 7733
4461 8322
734 6175
8520 8129
3977 826
2584 156
1741 9206
2696 4518
7729 7332
5114 8650
6566 7775
9277 990
1041 3702
6946 2374
8586 778
3552 9057
7068 9113
7752 1485
3691 1128
6918 3724
5961 6745
1467 7724
5410 8570
9729 8529
6172 5740
4389 5332
1791 6666
3124 5050
8797 5349
6151 7668
6808 623
7017 702
6680 6153
4208 8138
1252 1796
8251 4115
9931 8565
7072 5357
5225 3708
4575 714
2411 3083
6253 172
9466 8577
7610 2366
5291 9507
246 2181
8526 9992
3044 3640
2873 4080
39 3146
421 1503
3272 6779
4980 9922
443 4480
7689 751
8880 8409
4353 7659
332 8472
4362 9347
2749 8161
8506 2229
4134 1894
3018 7715
3549 5705
9875 1202
8684 3789
6732 1201
4015 1642
5761 6057
5120 4146
1827 433
3105 2184
4153 1203
4959 3887
3686 2125
7749 4038
2850 163
2356 763
5483 4415
2761 7603
2873 425
9321 8007
3099 3114
6865 9666
5846 3039
5470 5537
4386 707
64 3509
3746 5461
7891 8472
7400 3031
5206 5727
3388 9006
2426 6060
5115 6825
4223 3764
1897 8156
5075 2526
9011 4262
8008 2055
9061 5288
5471 2059
2714 7940
4067 8202
5728 5546
60 4387
8570 129
9054 4985
79 9335
6342 6828
5188 8652
7187 5946
1854 3773
4702 5580
5249 5811
7374 9443
3436 8370
5393 7364
6207 4751
555 9767
7515 3734
5393 7723
4324 9458
5210 8125
152 4820
9383 1596
3216 5135
9074 5093
2671 3537
964 3009
1662 9753
9324 6511
2020 8903
8780 2231
6757 6442
2774 1284
5824 4106
3002 1635
3841 5887
1588 3650
7398 2818
7287 8324
4343 132
7135 1822
6086 772
9451 3133
7753 4050
8778 4382
3222 476
4507 2441
7503 6125
1315 4635
1301 554
2458 1445
7518 196
8968 5634
3122 8436
5259 5857
330 8584
9271 803
8535 3032
8966 1605
5797 2232
9346 6090
6545 7234
5869 9922
5640 6790
2824 2295
3401 7640
8985 6187
2924 2669
5495 681
3377 1768
4433 7052
6742 7246
9121 5202
2809 7921
9968 9579
1143 8041
1826 2581
632 2820
4110 853
9417 1634
6984 3296
4831 9061
9093 6906
7750 6323
2224 5977
265 9201
2148 7489
9592 4060
5786 762
8192 226
2991 1967
8379 4037
110 7861
6576 1604
7064 7767
1035 50
3351 3974
9722 3938
9824 6505
2494 967
3978 6201
9699 6260
4082 7274
2195 5396
8625 8781
1537 8424
3806 7087
4413 4881
467 53
4113 6223
8072 3099
2745 1059
6634 4509
4382 7787
3239 4616
2601 600
6389 2597
1193 1884
432 7685
26 3765
5869 6018
7377 2871
1970 5250
636 6111
1874 6909
22 8478
720 9164
6357 6411
5899 8091
8513 5321
9405 4564
6748 5131
8645 5559
5864 1587
4680 2338
2007 1624
7648 6356
7718 9331
9630 7243
1338 8181
605 7579
3216 7779
7770 6250
4675 6403
3189 4822
9110 4692
5112 2562
8443 1846
7719 4145
7109 6681
6743 9131
1574 1939
7189 4888
9037 5174
7245 2935
7205 4981
7687 3894
9684 3206
9735 1658
7425 1758
5605 2908
8670 6811
2449 797
6791 9398
6432 8174
8053 8675
7358 9445
2997 1589
7858 8365
7389 8322
2219 7645
6389 4427
9930 8417
1538 6972
3513 5990
1325 9634
5089 6505
5394 3556
1354 6413
6439 1455
1601 3267
7281 944
9466 1230
9321 1061
2854 8011
3678 7008
496 7821
2213 3321
6826 9766
2579 6616
4616 7063
7039 2101
7976 7181
9332 7194
2521 3678
670 3644
9917 5912
8427 1325
5413 6134
5506 2350
6803 5607
4718 6139
3872 6413
7747 698
1248 6671
716 7009
4610 8626
8466 6918
8142 8441
5132 8410
1730 5605
6782 5079
342 968
946 7048
3359 2700
5717 8912
225 8759
8679 2191
1532 5162
4910 6651
5780 439
7733 4195
333 8125
5192 4157
1117 5124
8759 1145
9592 3926
7895 4897
9358 622
3251 1735
3956 8051
1471 747
9545 4310
225 8959
1560 3112
8139 6591
3583 5120
9437 524
222 6522
3498 2609
2266 1801
5837 9592
8736 8234
5772 2358
924 8256
7628 1519
7775 6525
9505 633
2159 2759
2566 963
6443 3813
7466 4741
8637 9547
8835 7695
1621 3059
4249 1305
1357 215
2563 2110
2277 1106
6322 2745
9460 6407
9845 643
7059 3158
8116 6918
6935 269
7936 4904
1605 6893
6117 4602
8874 4272
3865 2327
8747 7105
8176 7199
5444 4637
3596 3968
5398 8355
1797 4505
3611 7425
9090 1318
7242 1077
837 2756
2756 7034
2797 1242
3486 4227
952 5291
256 3965
1209 3612
1552 4768
2268 9544
8317 9450
5669 138
2862 7829
3052 2393
4380 169
5619 7268
7197 390
4395 7318
26 4698
8324 5388
6339 8518
4561 3346
1951 8425
7294 1956
1128 7251
6099 1870
8316 6390
9714 685
2261 8019
9705 8496
2622 3658
6436 1342
8419 2876
3431 7987
9394 5249
7081 6602
4595 7739
4105 1872
2627 808
1941 8294
3723 7096
7228 400
2697 4914
7880 5781
4040 3002
6803 8679
9750 7378
3977 8066
3003 1025
5329 5953
4881 1773
9093 9835
5644 2998
3988 3398
5111 7672
4660 639
9161 4141
2242 833
4029 656
4068 8718
8315 2826
1048 6360
7987 2741
1935 5021
6463 8394
6746 2105
675 9030
2806 1598
611 7444
2145 1815
9427 9712
1975 8709
4898 9139
2184 2596
8037 99
1315 3495
8287 3504
5433 777
977 1151
5070 6718
2795 1982
7978 1249
7090 3475
7533 6244
1477 7033
5907 3422
845 227
868 8395
4122 8070
6201 1985
8858 4841
1178 5282
3208 4895
8027 3148
1132 2247
6459 3139
3441 2379
5774 8675
3824 4827
7073 8036
4904 4716
6835 7206
2316 2273
2199 6358
6425 6895
479 5440
3536 9093
9586 7669
9461 1531
5629 7308
6611 792
503 3481
6887 5216
1275 5371
5525 115
8266 3094
1316 1379
2380 2646
7956 4548
1398 3476
7010 1903
218 7474
6183 9972
9673 5770
2515 7037
9370 3256
3490 7804
8864 4485
4648 6910
1606 8184
233 7254
7453 9770
5712 6949
3849 9261
317 7524
9706 6908
9674 67
5089 9727
1577 3313
2000
75 100
39 69
6 2
45 24
33 53
77 21
65 76
96 1
68 60
75 80
23 12
87 91
26 98
72 80
82 14
81 12
99 83
36 84
18 51
32 28
13 57
94 34
63 87
62 89
6 73
90 2
18 73
5 71
68 17
52 41
91 99
44 99
99 1
71 73
41 66
18 35
76 79
84 37
77 34
93 88
80 83
57 34
88 47
31 1
91 26
63 56
66 52
85 9
27 49
58 82
72 64
65 23
7 40
68 75
11 90
83 75
93 74
92 15
54 29
59 77
9 5
56 13
57 85
16 16
54 27
7 48
14 96
29 68
64 18
20 93
43 86
31 64
31 97
34 95
85 31
10 40
86 30
27 25
19 33
97 94
17 41
37 67
16 14
16 1
84 68
38 73
55 65
75 62
20 76
73 22
100 57
99 90
81 39
97 91
83 53
6 39
55 59
81 96
77 92
99 37
11 59
99 60
75 72
34 8
48 56
8 40
36 14
61 9
64 48
72 21
10 43
87 76
2 83
86 67
22 60
84 33
44 83
64 41
47 80
5 61
15 9
89 92
99 15
29 79
23 74
47 56
22 48
90 51
94 17
47 43
81 65
48 21
48 78
89 22
3 10
28 18
92 69
88 57
49 80
3 85
22 29
17 67
17 70
26 51
16 15
59 78
64 74
54 56
21 36
34 3
66 100
55 41
66 86
54 64
53 56
98 87
83 97
47 14
45 88
29 78
3 43
22 58
5 7
57 59
49 37
42 79
49 3
18 6
56 92
59 1
23 79
64 14
77 58
82 82
5 38
44 71
38 95
55 69
2 94
25 19
38 22
91 60
22 30
76 93
78 80
66 94
56 21
66 15
74 82
86 23
56 63
75 64
70 37
5 7
48 31
57 71
64 53
59 100
2 17
38 67
93 48
72 60
56 99
19 15
20 42
95 16
41 95
68 96
27 93
79 92
95 74
31 98
16 28
20 23
30 29
81 9
84 83
45 19
63 17
81 9
71 24
67 85
51 74
96 33
27 67
67 65
21 24
45 64
24 72
12 62
41 8
97 92
41 40
70 66
59 34
11 21
38 45
85 75
14 7
58 70
72 4
29 11
90 93
5 11
20 95
68 33
22 66
62 27
9 77
37 83
73 97
89 62
44 38
49 80
2 5
61 81
51 34
62 79
71 29
44 52
65 67
62 80
4 38
81 18
38 96
65 33
6 45
70 10
83 23
32 35
35 11
29 79
76 82
8 22
16 67
47 34
22 78
39 66
94 60
41 28
81 34
21 86
18 37
25 11
41 46
15 23
36 90
85 15
25 61
18 36
23 2
94 90
66 58
99 49
37 76
54 41
88 99
36 2
62 64
92 6
18 98
41 9
66 30
61 18
79 60
6 17
55 38
27 89
33 1
48 16
64 70
36 48
48 100
48 98
48 91
75 40
51 22
74 87
11 100
83 85
4 41
29 90
73 34
64 33
50 21
96 64
5 37
10 93
82 63
70 45
81 1
55 28
99 41
7 56
2 60
86 30
50 82
75 47
83 69
64 89
30 22
62 92
24 100
91 64
20 37
12 84
68 11
62 19
37 54
4 30
39 38
90 8
15 37
84 71
53 77
88 43
66 24
57 18
79 21
43 99
67 5
37 46
62 73
11 26
39 77
47 62
59 31
1 6
67 43
77 79
16 54
56 43
19 74
20 23
10 56
36 78
29 19
12 74
50 9
8 96
49 15
13 17
73 8
1 47
38 80
83 73
59 43
48 59
71 19
16 49
82 65
8 30
12 68
77 51
77 21
14 49
47 40
6 84
97 13
48 64
38 65
20 52
8 66
19 19
77 74
27 35
78 16
48 63
38 60
26 78
48 9
67 57
6 93
54 31
81 25
44 85
80 74
71 63
10 68
39 1
85 83
11 97
33 3
84 10
94 83
89 41
47 33
85 28
30 65
30 54
74 4
28 41
70 41
35 43
22 13
52 79
42 85
13 76
50 5
59 43
18 8
4 23
60 64
60 59
73 65
53 58
98 82
70 22
56 47
5 73
55 77
12 68
60 7
67 47
78 13
26 100
21 57
40 55
39 48
64 65
27 97
7 48
80 67
86 3
72 36
99 74
53 35
71 19
91 77
43 3
15 89
12 82
5 61
85 51
89 76
43 99
62 26
98 96
15 6
85 91
50 30
17 33
56 12
14 63
41 10
68 49
48 91
97 82
36 56
38 46
16 64
73 61
46 52
21 64
89 71
71 95
77 98
34 51
57 48
48 36
20 49
8 56
63 86
41 27
15 1
8 12
31 38
7 69
35 77
98 56
17 48
66 54
62 21
49 53
23 44
12 20
60 81
39 98
52 53
56 49
10 85
45 2
61 13
48 40
13 22
4 85
27 12
94 41
19 81
11 64
92 7
64 9
35 39
34 37
75 63
80 95
92 48
99 80
40 91
90 37
6 28
15 1
53 96
9 56
31 68
15 49
79 98
45 41
34 35
92 92
97 78
36 29
37 29
37 20
26 68
72 46
52 23
5 4
46 59
69 15
8 82
78 19
31 44
81 8
78 30
77 64
61 23
31 40
84 52
33 3
85 11
3 61
7 99
96 36
12 78
50 76
3 97
91 28
100 43
82 84
22 97
68 82
3 27
31 35
77 10
10 86
89 70
81 61
53 63
69 26
48 97
30 61
53 22
55 39
22 57
69 3
69 44
84 27
67 80
56 100
31 64
81 19
90 96
1 17
48 10
44 92
52 15
20 29
1 65
64 70
76 56
15 52
67 40
48 53
90 41
22 79
22 17
5 68
20 57
67 76
86 58
92 82
5 65
62 100
100 43
11 49
61 6
96 22
59 16
81 22
41 44
23 28
3 74
56 17
84 46
3 59
13 83
73 27
30 79
99 90
91 91
18 4
24 72
97 40
33 45
54 32
85 12
31 94
6 57
1 25
31 67
44 88
32 92
26 58
55 34
99 27
35 32
53 81
45 52
72 32
32 94
72 59
16 53
2 51
49 86
45 91
27 53
48 66
65 15
28 46
64 6
6 47
30 28
28 49
45 29
53 78
88 97
88 91
59 43
53 14
78 9
63 46
73 90
36 80
15 17
95 79
56 67
81 21
86 53
56 49
24 16
18 73
42 5
45 72
35 36
87 11
66 90
56 35
89 31
85 55
48 51
34 22
56 100
80 78
52 11
53 86
23 91
73 42
81 45
17 27
98 3
55 87
30 80
40 76
80 39
30 22
64 16
58 27
76 95
81 35
70 7
70 84
9 29
33 18
5 75
21 21
80 40
65 43
85 86
100 86
93 99
74 3
6 69
96 16
30 55
18 68
37 66
40 70
74 81
37 29
55 2
45 73
19 84
32 44
35 20
77 85
6 22
32 14
22 30
4 51
30 100
63 82
65 64
67 61
66 73
50 57
58 14
68 4
10 72
14 50
34 29
68 78
81 6
2 86
53 78
95 14
35 18
8 10
67 1
81 68
78 86
58 68
2 88
42 65
58 1
24 3
69 95
13 8
55 89
98 92
47 28
98 28
10 50
22 76
40 44
36 21
99 38
42 99
81 18
37 42
92 78
89 56
56 100
19 36
84 35
6 92
65 8
28 9
93 5
48 91
64 78
54 94
61 41
100 30
13 33
68 27
31 88
76 72
79 71
36 4
73 97
46 19
98 25
20 35
75 40
98 27
23 6
59 95
44 29
1 22
45 98
91 65
95 19
6 4
3 46
18 37
98 33
5 16
9 6
24 41
88 12
69 37
67 76
98 81
36 19
12 62
29 87
74 15
94 73
43 20
86 90
70 26
40 56
60 68
42 69
51 34
97 81
66 79
1 34
7 64
98 93
52 91
17 48
34 61
33 20
25 36
92 32
49 68
75 57
84 64
49 18
56 20
47 71
18 7
76 100
2 41
2 25
89 18
25 34
78 92
91 95
79 19
21 62
99 76
23 14
18 50
74 4
63 38
17 35
60 90
10 41
34 87
22 21
45 87
99 82
29 4
10 65
60 63
84 1
2 37
35 82
51 53
17 86
23 7
6 42
71 92
7 81
62 44
57 58
99 36
93 4
20 6
35 97
75 36
17 79
29 21
14 49
72 64
74 6
3 40
66 13
61 66
92 13
43 99
5 65
92 39
27 79
25 26
18 21
66 12
77 54
90 27
68 81
4 12
12 32
85 63
53 84
50 41
62 86
42 48
82 78
60 5
49 70
95 86
45 86
14 51
25 45
52 41
21 38
73 17
20 78
22 18
11 69
79 3
53 26
88 68
47 47
18 26
68 29
51 74
39 93
10 58
68 68
19 29
65 55
44 47
92 59
69 84
5 65
50 55
24 61
21 9
56 27
69 45
8 23
72 52
54 74
67 65
7 47
49 37
88 69
3 17
95 20
88 58
23 88
46 59
83 20
36 76
75 18
97 49
90 20
30 52
45 4
49 61
10 32
29 80
24 17
50 21
95 94
96 2
46 6
56 49
53 68
77 37
74 52
61 21
38 80
59 22
70 56
39 43
21 38
54 80
9 45
73 33
59 66
75 97
78 7
10 83
50 39
46 60
23 63
45 73
85 9
57 52
53 2
50 49
11 3
19 86
72 20
77 22
17 46
80 98
44 75
93 60
12 38
24 25
89 14
32 55
68 3
22 15
99 1
90 23
20 16
62 27
31 65
97 1
57 53
28 72
40 41
24 73
29 92
93 4
86 51
33 99
37 77
100 15
88 2
63 76
64 62
13 17
68 27
53 27
9 63
64 23
75 9
3 72
32 14
19 63
45 32
56 36
22 24
62 25
47 5
69 42
33 35
100 75
70 99
54 48
64 27
84 56
90 21
50 4
7 57
8 21
69 16
25 29
63 79
24 13
95 27
7 89
29 28
21 20
14 9
1 25
20 64
27 70
30 67
40 5
57 65
90 93
8 55
36 40
41 81
97 28
53 17
91 89
95 51
8 13
50 51
57 9
11 11
66 77
86 29
71 58
75 93
40 52
93 3
58 51
91 5
97 45
89 29
42 60
42 80
78 52
54 66
66 32
4 85
1 68
35 59
3 96
5 65
11 13
84 24
60 86
86 90
20 39
77 70
36 91
21 66
88 5
63 83
88 42
32 77
85 38
89 23
58 68
5 39
89 83
58 60
49 6
59 8
10 12
60 5
18 98
100 100
85 26
89 17
7 38
67 60
4 20
23 50
87 72
8 60
8 82
24 71
28 47
77 2
66 10
49 60
14 11
10 8
59 47
99 12
70 45
21 75
57 88
39 98
34 26
64 80
20 13
81 82
89 96
20 67
94 23
12 56
66 64
27 7
62 64
72 30
19 5
27 51
9 33
86 41
21 61
72 76
72 22
55 25
62 47
48 6
51 27
73 87
23 69
49 80
80 43
18 93
91 38
5 42
30 19
2 34
48 48
7 37
29 3
15 36
78 21
32 74
27 39
92 53
87 1
60 37
58 5
20 88
3 57
18 53
38 14
23 59
97 39
79 3
82 71
73 27
88 67
44 65
2 20
88 59
93 78
59 69
11 54
93 77
44 62
45 96
18 45
94 96
57 79
80 70
19 6
24 13
51 72
73 44
57 66
5 3
96 17
26 42
38 43
67 79
10 24
85 11
28 21
68 28
22 60
83 63
9 83
44 75
72 14
58 79
35 62
51 30
17 73
71 78
89 74
13 70
23 35
13 20
13 77
44 24
36 49
17 36
20 14
22 62
91 84
54 24
93 29
66 36
77 63
85 16
53 70
57 11
36 65
12 44
50 48
50 70
68 36
4 35
35 17
74 41
64 41
33 16
84 77
27 48
27 13
80 30
53 25
61 7
30 80
12 58
6 82
10 57
70 64
75 9
15 39
26 33
91 20
64 88
6 25
58 9
93 56
1 82
58 33
26 23
43 74
50 70
17 7
89 4
37 50
10 10
20 10
83 57
76 77
91 91
8 92
32 29
13 48
1 73
75 89
22 49
91 54
92 92
64 73
86 80
6 48
8 63
61 15
26 92
14 78
51 29
67 39
50 99
71 36
54 49
47 47
70 38
19 100
97 76
29 13
20 86
91 78
10 35
33 14
6 87
59 65
50 79
94 64
18 90
46 26
4 87
22 81
75 83
50 55
15 33
42 84
28 26
52 23
3 68
45 92
28 48
38 10
55 4
79 87
52 10
53 43
2 32
13 98
76 52
78 67
11 59
57 60
50 99
2 84
43 94
58 27
84 83
45 55
51 74
29 24
3 12
35 99
37 60
72 73
7 91
7 16
87 65
83 5
8 60
56 80
33 57
81 44
73 49
92 46
49 49
46 4
100 26
79 87
62 94
31 54
53 52
14 4
62 28
64 54
11 3
53 18
100 11
39 83
69 100
71 38
21 25
42 15
29 9
36 33
11 87
13 32
34 10
50 77
99 9
31 31
85 40
100 12
59 65
24 97
97 98
61 3
73 19
96 9
69 46
4 26
56 19
46 19
25 40
18 16
60 82
31 16
42 53
66 80
51 27
62 60
100 67
47 41
88 15
85 98
95 51
41 43
52 22
58 56
72 14
96 57
59 31
7 92
53 9
72 67
53 39
28 100
12 47
91 75
98 85
25 27
26 15
36 10
21 85
47 62
23 6
97 70
21 28
40 61
42 62
31 13
3 48
32 88
100 67
39 61
52 23
45 20
13 10
66 7
67 82
70 46
95 69
98 26
94 29
22 24
14 36
25 71
92 1
59 99
50 86
88 42
98 65
21 88
61 44
88 81
4 4
59 11
16 97
64 31
80 40
20 16
49 5
25 55
77 28
91 57
55 49
9 7
36 78
34 10
26 99
18 12
48 11
14 62
50 85
73 19
73 81
18 31
2 3
55 48
62 88
46 17
26 6
56 94
38 70
26 92
81 52
15 40
68 7
26 9
96 14
21 83
50 70
88 92
10 3
24 63
42 86
2 15
94 32
69 53
3 61
97 14
80 90
54 76
45 81
54 42
36 95
56 73
26 70
43 70
49 74
74 24
46 3
89 68
86 97
16 75
53 6
94 41
93 78
94 25
27 71
45 12
94 18
12 89
83 9
75 50
25 95
78 13
16 96
14 66
34 48
92 80
53 72
76 27
50 85
89 43
86 12
22 23
80 3
76 94
38 67
24 92
23 61
84 42
42 17
19 41
99 84
70 53
92 2
98 47
15 74
40 43
30 18
86 39
22 16
73 49
88 29
37 41
34 68
33 30
96 26
21 50
40 100
79 19
85 23
5 42
2 14
71 8
3 11
23 33
21 35
31 48
60 49
21 72
100 43
64 38
32 20
53 98
98 7
47 53
71 87
5 76
91 39
7 80
93 96
95 2
58 19
37 81
60 29
96 5
87 100
83 72
36 67
82 20
55 4
63 71
85 31
54 88
79 35
80 33
40 35
17 82
97 59
82 46
75 19
19 40
47 93
74 31
29 73
49 38
86 77
40 42
75 4
84 18
59 17
80 2
54 76
79 9
53 89
21 57
98 88
14 46
22 36
42 24
80 12
58 3
2 3
39 2
50 38
95 100
69 33
80 44
30 61
55 30
15 51
68 76
45 20
24 34
92 66
41 34
82 91
99 89
79 20
92 78
91 69
91 29
38 51
98 100
53 83
92 75
5 81
12 46
13 88
20 52
41 63
22 9
55 20
16 56
73 64
32 71
59 81
34 49
4 74
78 67
67 25
45 74
75 98
49 68
16 5
11 26
64 3
81 83
48 76
82 62
82 24
40 98
33 7
22 47
65 35
34 65
49 65
32 20
27 37
86 23
71 6
65 62
92 63
74 67
32 81
10 83
5 85
20 72
48 20
19 23
55 28
85 50
68 19
81 13
5 21
4 97
15 83
16 60
8 73
4 93
20 91
94 7
97 20
17 74
15 51
85 59
48 36
91 70
100 93
60 30
21 96
41 53
99 22
28 71
39 5
61 81
64 22
52 52
23 7
59 54
59 16
25 6
86 21
31 32
28 76
66 27
46 42
93 76
100 20
8 1
41 10
58 20
89 22
65 100
98 36
16 96
95 34
70 75
23 76
47 49
57 84
100 26
63 71
4 51
70 81
97 73
7 90
23 90
54 43
78 69
34 96
65 44
28 25
54 47
26 97
4 79
5 4
37 24
88 35
76 43
65 91
55 63
56 40
88 49
18 79
41 34
48 70
45 95
97 86
86 88
21 33
62 65
38 94
6 37
29 41
21 52
25 56
80 86
23 18
7 100
91 89
33 33
75 27
32 32
23 60
24 81
27 20
70 26
75 17
90 38
7 29
67 87
81 2
16 95
60 48
12 82
34 70
39 29
53 66
98 98
61 60
15 49
87 68
33 3
84 71
54 14
79 24
11 63
14 17
70 59
99 14
54 60
78 47
37 16
50 2
53 66
4 4
62 95
90 98
74 17
80 5
47 50
50 82
29 78
59 9
50 27
79 6
69 81
30 56
2 7
70 5
46 67
75 44
34 97
78 52
30 12
76 91
41 31
61 63
29 15
64 91
11 10
28 49
99 76
26 34
93 94
9 94
69 16
75 42
94 19
52 81
20 63
63 33
99 89
61 16
10 42
63 70
72 56
2 18
55 76
46 76
35 76
54 95
1 100
50 85
35 30
31 32
52 37
47 71
43 16
28 5
48 57
2 9
32 60
77 52
18 87
1 72
1 69
17 41
99 3
14 78
95 40
58 50
32 100
97 55
60 64
13 34
21 11
88 81
26 24
60 62
27 23
79 71
87 78
93 46
43 31
76 84
5 48
40 11
19 60
4 36
86 79
20 96
3 53
93 86
71 2
53 63
8 45
19 16
26 91
26 59
80 36
68 7
11 1
46 98
57 22
24 20
65 54
13 98
63 94
59 9
95 53
31 41
13 52
36 12
37 79
79 51
77 60
7 87
13 63
35 37
70 2
43 59
77 99
23 78
63 48
73 24
98 89
47 15
61 9
53 51
21 53
69 76
26 21
19 65
86 28
66 19
36 95
12 60
27 7
51 23
69 99
42 55
88 88
69 92
82 13
