1000
5429 4168
873 351
5933 1396
7649 4850
333 9416
5632 1355
7300 7730
25 3004
4431 5455
3682 7414
2920 4582
4900 4635
2866 9011
6147 9495
5585 1648
1284 2603
6124 2568
4873 2696
5312 5409
1083 4875
8183 5131
4105 2816
8455 9792
9101 4971
7181 4106
4491 3555
4374 3763
581 1297
2222 324
1796 7618
1301 1143
7490 8707
2493 8909
9238 889
3312 5628
5127 9123
6044 1174
2134 2106
9832 7818
4881 7843
8646 3492
5573 708
5170 3777
535 7737
7639 969
3367 7235
3748 7009
4937 8121
3244 2139
7990 9769
707 4780
421 3246
591 4843
4508 3739
8165 6557
1027 7990
7820 1295
3839 8077
9050 9267
313 4771
1516 2238
1122 4743
6222 6437
4509 2409
9450 5452
7584 5967
3144 1183
1907 9291
1022 5411
4557 114
6473 9849
4709 1179
2166 8804
8658 1156
183 1902
5008 9748
2602 5717
8189 857
2653 3359
6815 9561
4364 4162
4518 2746
2777 1682
8158 7129
3829 7026
3429 9034
8116 246
1922 6634
7945 2935
9965 3541
5767 3565
8747 6326
5026 6529
2453 9700
2668 227
7474 5677
5192 6798
6130 9256
3064 2618
5418 9151
1042 9157
2844 7749
3242 1157
5920 5566
4552 3914
4343 3761
333 6322
6060 9425
4725 2282
1542 7100
6118 6361
2879 3277
5307 4040
912 7227
7131 9487
2166 8444
489 7784
9505 1982
8460 5607
9921 5324
1493 8417
8896 7366
2053 1428
1537 2898
2931 3766
9729 5239
2241 9870
2186 1724
9215 9187
8354 9021
1915 9656
7924 1812
2180 4019
2951 3084
2674 6045
422 1969
1699 9115
3119 9389
4248 3842
3919 3841
7708 1915
7379 8688
3175 8442
9495 153
4241 8482
6549 9500
8929 9123
3246 2224
8990 6516
892 929
4645 3782
3944 6788
4777 5787
3708 4465
3762 3534
5089 2925
8330 1894
9530 306
9649 6038
2769 1125
5657 7870
5248 5545
7107 6925
4334 6947
3404 1907
5924 1263
5483 430
4461 9922
7585 8493
7917 3653
8638 8055
5610 8895
8649 7027
9123 6409
5762 1280
5921 4534
2088 9540
6897 6983
5821 9252
5725 1352
7006 6990
2449 3793
7367 7787
2158 6430
3761 5516
7561 3328
6427 4172
3451 5376
7859 5253
4553 70
3544 6312
362 5834
6812 1907
8515 2827
2332 4852
6868 8639
5146 6234
1359 7876
3910 5679
677 4700
1529 6761
412 8975
5057 1217
7197 1400
3424 1899
946 1891
9812 6097
1792 3232
1647 5597
540 2452
9783 1789
2904 2457
9732 415
3665 797
8291 2945
2287 2606
8550 8501
8123 582
7620 9295
3060 5383
8837 7795
7679 8741
751 683
7465 3160
2219 7080
7483 4635
2051 2985
7958 3526
6739 9596
959 1091
3060 1172
5320 1716
8915 7564
1464 9467
2693 2765
6638 2860
4698 8824
4145 908
5366 3889
6969 2088
755 5055
4290 2903
7425 4738
170 7037
4999 8423
8037 5693
5506 9028
7006 9338
5505 841
703 2083
6283 2445
4896 9912
1006 1224
4439 9114
5659 1787
6535 9222
9883 9726
6096 7532
5572 3896
229 4330
1744 6842
3375 4438
4767 4892
1745 7077
6107 8121
2725 1624
8957 4017
7629 9243
5106 5511
1271 957
5909 4225
6586 2679
1992 6002
9597 6863
6929 1581
9260 8786
5961 3797
4363 6800
1926 4667
176 3186
5767 6214
7617 6813
3595 4166
8773 5126
4028 1280
915 6062
4965 8458
5222 8871
8828 487
1454 7013
2245 9846
4081 5734
950 7094
1658 9213
5286 4234
8483 4024
4866 7118
1344 7282
3666 5990
8878 1603
8900 8840
2263 8078
431 4548
1132 5048
3518 558
9831 3399
3738 1991
2632 7821
4976 604
8383 9190
9528 2381
5100 641
1306 3561
8426 7464
3064 1299
215 1542
853 9222
2634 2519
3776 4615
8433 7680
2822 2215
3205 3382
1813 8745
7101 5776
6661 8037
7377 7512
4178 7947
213 7308
8042 6350
4705 3542
5431 2713
2737 4577
7520 3494
6258 6396
9151 2367
9117 9050
6890 9219
1438 6800
777 2898
4773 6002
9882 500
7135 7974
7477 5468
7582 5732
6490 6724
21 4167
8078 4892
6068 438
7751 5594
7306 8529
1057 609
838 2874
6196 4372
3430 3835
624 2992
7646 9879
537 2422
8242 3774
2868 2042
13 3826
5822 3983
1708 5289
6420 3020
4574 9672
8435 9398
1897 2110
3593 3810
1636 9540
2257 6553
4977 3658
9871 3874
7122 9996
3557 5838
6287 3931
638 8189
4737 7978
3169 5116
6518 4859
7311 812
6792 2223
3783 3513
2124 932
8246 2919
7772 1557
4120 4967
6984 86
8262 198
7113 1021
4301 629
7238 1823
5003 1874
335 5526
2463 5347
2183 5665
1711 8319
3324 9560
2404 1255
1750 5431
1646 6594
8171 3701
7318 4973
6174 5558
9763 646
3528 8513
3585 4006
1850 1023
4941 1263
7507 3404
6481 4792
7834 3896
6005 3600
5203 4278
732 6772
942 146
4978 5334
788 9013
3052 4028
8991 1067
5148 6873
815 230
4439 2455
8341 8053
3460 2234
5999 1627
2515 810
4783 5631
4330 2521
6882 8199
6582 8787
7582 8630
8193 8064
831 7340
9272 2115
8473 6389
7330 9483
5454 2880
5584 77
3973 7329
9444 1572
4067 1032
4594 7815
8059 5079
1880 5476
4484 7953
8258 3519
8466 9288
2635 8724
1893 3608
6910 9630
4924 820
5318 8935
602 618
1695 6517
5493 627
4218 1582
8753 9336
2785 9073
5066 6615
3125 2463
9709 6555
6462 1700
2666 8758
3027 9396
1970 3054
3889 3420
1201 2368
3625 7251
5883 1402
2932 9376
9660 369
6395 7573
1853 4350
8967 4835
2111 8858
1626 1211
2185 6234
6874 2031
2199 3619
4847 1206
4019 8369
4940 9094
7292 1851
3507 5617
2289 2070
8337 3319
3209 2949
2637 8973
6392 1161
4283 3933
6189 5285
7412 3298
5136 9256
7835 742
1758 9648
975 3347
8730 2902
2540 5014
837 6913
5023 9626
609 8090
8913 6127
1140 3099
4982 8704
744 5286
8291 6964
602 7613
2556 5694
1801 5362
4025 8584
1768 870
9036 9177
9147 5662
5534 9349
5045 7504
265 4808
8204 8574
9021 8273
9406 3614
5513 8507
3238 9094
2236 5876
370 2107
5093 4975
1412 9021
8061 8418
7992 2229
1452 8467
1986 8781
901 760
1401 6684
3848 4993
2505 8277
7450 9853
4097 5875
8753 9945
410 7045
6754 834
9728 7512
5042 2058
7081 4231
8697 9029
6663 4021
3784 9528
1728 8273
1691 8813
7766 9427
7768 5091
5737 3417
5940 9929
2776 1408
5870 8069
2543 4003
7744 8743
6047 2489
1483 7418
7783 7158
644 5081
4984 3082
2320 1022
1946 2241
2326 8111
1977 7759
2730 8797
7474 2372
4011 5976
2 3602
2138 8640
4235 8667
267 8917
7928 4030
7021 117
9590 7211
5515 6267
8276 3483
4425 268
7001 9330
9431 3128
8967 6094
9730 2575
8374 5225
257 4793
4301 5972
8332 7993
5243 2678
2542 5842
568 3760
7991 3503
8278 4523
5824 938
9534 3954
1464 9720
8837 6820
4945 3068
4663 7719
1993 6975
9718 3051
6589 5516
8612 1606
165 320
4306 1947
1394 7586
4553 5645
6761 1524
3537 5001
7587 7148
8978 4927
5571 8996
9518 1026
7509 6176
7407 383
4866 4010
8349 2114
4852 9741
5541 6306
3597 2108
3358 2261
9292 480
2483 3477
9015 5835
4963 6235
478 9495
5162 5480
3927 8366
1874 6668
6021 5296
6411 6776
9723 1849
5638 210
3526 7875
8808 3806
7584 743
5186 861
5020 5634
1385 1398
1571 1373
8906 1036
9911 182
9652 5976
1534 3953
3287 6583
7593 6220
4382 2415
1770 7949
5674 9192
8577 239
5170 255
2804 2027
5803 2891
2500 3333
2476 1310
876 6174
8908 3758
4067 8648
2095 3356
7772 519
8747 6245
4434 5216
7944 5789
7998 1247
7733 5606
7419 8426
8625 9689
268 5531
479 5164
688 7441
3729 2027
1702 9209
7216 4063
2749 3249
1153 6272
6797 2809
5574 2427
3813 1752
4942 7978
9276 8896
473 473
2219 5381
1446 1236
4868 2623
3763 5350
294 5620
5000 7511
3958 636
4702 577
1750 8506
5201 2226
6259 3993
675 4863
4257 9265
3296 1813
2120 1541
2033 1510
8206 9412
5544 8382
6825 4676
2749 2913
9494 9981
4557 6635
7351 1284
8370 4401
6790 4873
938 9877
8854 274
6948 623
6401 9346
1614 8470
5951 2938
2200 932
3030 3743
818 5321
5720 5819
4506 7505
7352 3225
8208 5296
4005 3753
8632 2421
7333 2345
813 4549
8283 4099
299 2524
3818 9811
5138 1656
6137 4931
7126 8876
4459 9622
2562 5937
760 1748
6720 1610
6240 1760
7250 7966
166 2197
9166 7873
1914 7572
2593 3413
6279 9908
3979 5988
3681 7438
9529 6890
3769 1658
3320 431
8957 147
8805 4432
3362 8790
2933 5819
7540 8293
399 8389
3461 7299
3339 5283
3285 6341
6065 2271
1323 9788
5502 6176
3994 6903
2081 7545
9113 7609
4567 4345
7032 5365
9077 7296
8818 3831
2347 6203
9999 1877
462 1068
5573 4648
4918 2404
4904 7185
5020 8993
2466 2122
9488 1061
8489 3601
8599 7850
359 9530
9932 4844
5361 2901
9896 4326
7987 2373
2783 8771
2714 9160
1979 7704
3173 358
5706 6899
7899 5520
1628 5221
2826 9419
739 6922
7241 1043
4852 2651
5139 3855
3419 755
2143 5529
889 878
1485 1027
3682 5616
3196 9563
9497 9321
4460 8650
693 8981
8781 4876
6011 1305
1165 2390
6251 7902
4253 5813
3978 1045
4840 8323
8100 5153
2104 2455
3543 8625
6259 6131
4642 1319
5635 6654
7496 2856
2110 4653
3466 127
7434 4342
2751 2242
1351 3441
6321 845
4472 8603
9214 7122
3324 536
7998 373
8708 1081
1492 2450
4714 1211
1214 2576
1098 1051
4284 8447
4617 6511
7730 2102
4390 6819
6872 1696
7057 79
2451 2792
8290 3699
5645 2889
7094 8840
2856 3849
8129 2733
9159 5794
5628 2145
1774 8
2192 6474
4215 9638
4979 441
2490 8794
1746 9007
2531 7681
8899 7228
6060 2212
9030 8204
2450 2691
1412 5114
7251 7397
3845 6713
2281 4052
2321 17
4140 2828
9557 6419
9107 4297
6723 1508
2839 3465
3985 8502
9552 7542
1399 7459
2694 6048
6391 6651
3029 983
18 8576
949 5535
1606 4606
6042 9027
1108 8244
1485 5359
2249 6054
9296 4981
7288 1698
5302 5807
9089 52
2807 6147
5763 6998
1719 1139
3688 2343
8970 5962
5805 1807
1481 6284
3751 6584
8625 2175
8257 4986
2882 6118
5737 3273
2785 5572
2274 1448
1583 2608
6187 8453
3252 5480
3634 3694
5811 7516
1142 21
9610 4665
7339 5449
4377 1996
6577 5594
1574 3413
7208 7868
5370 412
13 9827
1937 9507
696 3915
4114 5563
4478 1939
4772 9328
4561 2903
9818 780
3538 7814
5632 4601
4579 6513
6976 7922
420 6026
6964 7367
49 7867
1270 3294
4329 6529
8679 4365
2283 2190
3811 1940
4351 644
1135 9984
7792 7518
5548 6858
4554 5259
9593 1501
9762 576
2616 1053
3800 6090
3300 3980
8367 7706
4996 6434
8030 9986
339 9605
7646 244
2531 9568
5177 7970
9440 3995
1841 8865
5081 5778
1372 1193
3682 3609
1865 8809
9645 3221
4768 6219
3109 5083
3068 765
8616 8208
6737 9117
8705 6454
5515 6549
8038 5652
282 6842
5533 1992
5739 3408
6899 2994
1121 8635
6763 1282
2907 6620
388 2608
5409 4362
2733 2156
691 8377
3702 6112
7732 3227
2805 8723
4391 131
7737 1826
2819 4982
67 6147
8641 187
3738 5894
2508 8858
6875 8345
523 317
248 6059
9526 5302
8117 2958
5710 6034
910 7731
2971 690
5501 9076
1166 6320
1385 3141
9965 7898
5896 1922
9785 7053
4461 9521
1236 6178
876 2998
8395 3693
8498 6028
3836 8759
6790 5384
570 8945
4025 3541
2000
66 18
38 86
53 34
82 100
47 63
2 34
10 6
88 78
71 63
19 71
77 70
59 42
67 36
70 59
5 3
68 41
43 19
69 28
38 69
87 40
15 57
99 9
79 23
4 78
2 97
38 10
23 67
18 78
15 51
1 82
17 18
24 5
58 56
90 59
28 24
58 75
85 89
27 55
96 56
64 14
86 49
51 80
86 47
31 61
26 98
8 81
36 62
52 84
56 59
21 48
30 62
25 98
93 46
46 91
70 81
45 39
78 65
86 98
92 40
53 40
80 77
93 21
43 34
65 24
79 37
81 38
77 39
51 71
89 49
78 96
62 100
13 95
64 97
72 84
19 35
72 55
2 98
48 2
13 83
61 23
81 99
70 59
87 74
28 7
63 21
97 67
83 80
15 72
76 10
56 19
38 99
50 40
72 32
20 93
36 27
27 94
29 34
82 69
71 36
56 79
29 14
48 71
24 47
5 69
26 76
3 12
4 33
52 47
39 3
38 86
51 70
88 32
95 93
11 20
33 86
10 76
59 81
6 36
50 79
80 80
34 57
48 41
95 100
33 42
5 34
53 53
38 53
45 84
49 45
82 59
77 10
5 23
65 7
42 3
36 66
72 26
1 91
67 41
20 61
76 46
24 22
14 81
81 84
44 15
90 16
60 42
67 75
75 86
39 71
80 86
2 87
39 89
12 31
66 65
73 93
99 81
57 36
44 62
52 30
76 33
87 83
7 27
71 77
12 47
24 3
12 50
57 62
9 16
46 34
36 62
79 3
66 68
51 59
48 33
14 96
27 89
60 11
67 3
40 55
31 45
7 55
9 41
33 55
46 90
48 15
44 18
43 68
94 30
52 18
66 28
8 98
94 9
5 41
50 37
10 92
78 1
95 60
98 30
70 91
92 81
44 33
59 7
61 8
4 57
74 95
54 10
26 100
100 89
13 81
94 81
51 59
51 4
100 64
37 54
77 63
65 97
25 5
86 87
43 21
72 99
52 16
1 71
79 25
65 63
98 78
93 77
84 69
46 32
13 63
37 82
71 98
90 80
71 12
5 32
71 49
78 15
58 88
30 47
92 30
26 18
45 90
15 52
3 21
45 13
37 89
80 11
63 27
74 67
27 87
4 54
57 12
4 11
36 2
82 7
10 33
29 17
25 49
89 20
90 70
58 27
36 44
59 57
89 23
55 52
36 35
50 67
61 67
18 59
94 16
77 91
9 50
35 92
22 59
37 99
24 29
10 19
69 44
10 100
58 24
31 9
47 14
96 62
77 42
97 22
14 87
96 11
20 83
37 23
21 67
40 69
94 95
64 59
28 54
32 35
84 86
7 81
33 8
52 69
19 20
16 57
50 82
25 99
3 39
87 58
94 81
99 90
57 80
86 60
11 74
27 93
20 36
93 37
47 97
68 59
34 34
47 20
67 16
52 78
23 43
96 90
62 88
47 57
70 93
23 96
12 83
15 25
20 48
53 11
2 76
49 56
4 16
49 50
80 26
85 27
62 90
51 50
57 92
26 43
52 75
73 26
27 87
60 27
19 73
45 75
68 87
54 67
81 73
16 88
47 34
49 1
34 53
23 31
49 2
70 96
36 35
4 51
6 96
84 62
19 9
27 60
30 87
13 91
15 73
6 71
5 57
57 64
10 12
57 93
42 54
36 93
61 65
49 68
18 96
42 49
95 83
7 49
33 35
48 42
99 73
85 69
55 32
97 14
24 40
69 95
82 57
60 100
20 24
41 42
65 17
86 27
81 70
55 15
60 34
28 49
12 5
27 80
49 76
66 73
30 7
28 9
65 32
70 76
82 93
23 62
89 33
97 98
54 6
39 23
69 6
75 68
58 95
8 21
6 98
10 93
69 62
97 99
44 38
85 30
75 48
55 5
2 61
88 94
97 1
22 13
66 85
39 68
53 91
83 14
33 30
71 37
28 8
46 10
16 97
73 93
72 3
74 60
66 4
7 46
2 21
42 54
49 41
2 53
82 5
97 31
34 61
94 94
64 15
27 60
65 65
18 90
39 57
30 65
69 50
58 2
44 89
59 86
100 26
29 24
89 21
79 80
54 5
50 78
22 97
13 50
90 9
70 93
93 25
8 59
6 99
9 38
82 29
67 30
68 76
27 95
32 91
2 3
10 68
57 72
84 90
36 90
39 82
68 14
58 15
60 62
100 33
52 33
27 38
45 81
80 32
93 60
100 66
31 69
45 28
66 27
87 88
59 72
26 61
44 36
5 99
94 27
2 44
14 95
91 33
14 71
4 17
84 91
46 27
11 21
70 97
61 11
31 76
51 64
39 40
24 12
84 30
6 53
24 79
4 52
57 63
100 85
49 95
13 40
84 17
59 74
16 3
32 60
15 64
44 12
94 73
11 53
76 17
91 59
97 99
29 42
79 15
40 11
33 59
58 33
25 64
21 59
95 38
67 33
8 88
63 32
35 35
54 65
26 47
59 41
64 64
97 62
98 29
11 16
88 60
60 64
64 94
27 47
21 85
76 74
25 69
31 70
21 86
15 87
16 99
90 57
15 38
62 40
64 64
81 32
34 97
75 73
22 31
69 81
15 33
16 21
45 39
62 93
6 61
33 18
14 57
9 18
12 15
15 58
80 27
88 21
7 36
47 31
15 52
6 96
74 23
45 88
2 58
2 4
93 86
20 31
96 46
37 40
52 66
89 17
85 58
11 89
2 68
13 32
89 94
91 35
4 80
30 85
81 39
17 35
66 71
21 63
94 74
32 77
58 96
20 24
16 77
28 2
59 49
53 3
29 59
99 70
75 89
92 35
72 2
26 14
95 80
3 77
24 2
93 44
38 61
97 100
30 17
68 30
5 73
94 78
67 66
20 78
27 64
5 29
19 2
59 26
60 28
98 47
92 99
82 31
24 50
12 33
92 17
18 89
70 73
35 58
73 11
51 76
81 76
19 77
45 83
31 5
62 36
70 76
89 48
54 64
94 85
62 63
50 79
23 72
58 21
55 79
83 94
14 8
4 15
13 66
2 16
83 5
86 47
20 59
66 42
51 92
24 90
19 4
54 47
23 31
11 41
100 43
52 92
1 74
76 87
33 63
19 86
26 69
46 12
29 40
55 59
96 89
48 10
44 84
58 18
95 52
84 11
34 3
20 29
53 53
84 86
66 47
83 25
62 91
83 23
73 68
21 96
13 5
32 65
48 1
98 26
12 100
25 84
3 14
70 87
38 26
88 48
54 15
69 84
72 62
92 30
79 17
59 70
11 66
62 10
75 26
39 27
72 26
45 34
85 10
30 20
30 16
93 63
10 33
34 76
25 68
54 35
9 74
73 56
34 84
26 34
40 38
63 96
14 94
41 48
31 39
3 49
94 66
99 40
95 60
32 29
48 83
18 99
33 79
21 7
89 2
77 4
21 94
11 63
59 66
64 95
83 43
58 70
92 66
74 39
95 64
56 6
48 16
24 74
41 61
4 64
10 72
19 6
34 70
2 80
88 62
52 31
100 29
95 72
33 33
71 5
90 53
43 93
10 77
96 14
37 2
16 74
87 75
10 44
54 44
70 74
48 76
21 50
4 27
55 26
89 1
12 13
30 12
24 22
90 89
76 100
58 17
20 29
57 65
63 33
25 75
51 98
59 33
100 63
98 16
31 8
28 44
97 24
88 10
2 25
50 99
36 96
17 1
30 44
55 24
31 45
72 56
37 65
15 58
14 33
67 26
10 43
60 21
6 84
26 18
27 45
44 8
97 26
65 93
53 77
31 17
54 46
72 96
26 53
53 4
42 5
42 60
84 88
8 29
60 48
8 73
93 41
98 7
26 3
52 94
94 95
55 63
79 14
15 45
96 8
61 23
65 91
41 73
54 63
34 36
38 22
56 5
49 3
9 51
19 64
22 89
34 35
11 26
57 25
45 24
63 67
92 24
54 68
56 100
46 47
66 10
60 81
38 32
16 11
49 15
75 48
38 83
53 63
67 26
51 50
66 76
54 74
16 50
86 8
2 65
74 69
5 12
19 66
11 49
63 78
77 28
13 21
42 68
40 3
19 20
49 63
26 38
26 9
1 10
46 40
69 74
63 3
68 12
86 97
17 53
48 39
50 28
10 22
64 67
80 10
82 24
100 50
67 67
60 61
100 74
34 9
33 14
76 50
56 6
87 84
39 79
56 78
57 76
8 38
88 50
45 62
55 10
19 19
98 85
80 54
93 69
66 13
2 1
92 45
57 26
92 14
26 61
67 51
53 92
88 81
44 47
98 65
25 9
54 69
99 48
40 14
76 22
59 64
72 35
35 23
20 16
41 66
20 82
67 25
50 5
45 62
22 89
45 11
75 5
33 79
99 80
49 44
41 36
97 21
93 22
94 90
37 34
71 66
14 51
23 50
89 44
97 65
58 84
45 66
81 58
28 44
14 19
52 96
50 77
80 56
37 8
32 36
93 52
84 12
16 73
45 43
17 28
60 12
42 70
79 75
59 15
83 4
36 38
62 41
20 19
15 96
36 21
39 65
81 31
59 70
6 83
38 4
40 55
73 12
52 82
77 96
13 74
79 96
16 23
15 65
42 32
56 1
37 97
45 69
12 81
60 79
32 53
53 78
2 46
64 3
97 61
100 31
45 69
17 41
87 62
55 38
31 55
41 86
15 90
36 29
35 83
52 16
92 18
86 86
87 100
64 11
20 11
46 90
12 79
15 44
87 22
22 58
32 4
36 88
50 6
46 23
52 33
97 58
22 31
46 61
6 1
34 40
78 36
21 95
100 86
47 48
61 60
60 18
6 24
37 74
21 27
17 42
80 89
71 17
75 45
77 57
30 38
25 82
3 72
45 49
76 52
88 53
57 83
66 1
40 27
24 16
3 19
18 3
59 79
56 38
86 1
68 71
82 69
4 44
53 99
43 14
1 89
34 100
64 74
75 87
31 94
37 25
18 43
26 63
45 66
30 13
54 92
33 9
21 10
98 46
76 2
61 90
58 99
71 94
65 54
9 58
93 34
22 98
63 45
52 33
63 11
16 66
29 38
71 26
27 100
8 81
69 91
85 11
36 6
14 87
75 61
91 85
71 1
89 24
36 87
51 53
5 35
69 52
84 34
44 18
87 61
15 87
32 69
34 55
49 66
45 98
2 16
51 10
88 7
6 20
28 19
51 96
36 19
75 28
35 1
38 2
47 4
46 79
39 5
81 35
42 52
34 42
28 2
34 67
69 23
3 14
37 3
35 23
53 93
28 76
1 97
24 53
7 93
53 43
86 73
14 50
6 52
33 10
73 94
62 45
25 41
83 23
60 41
13 27
94 48
83 54
99 76
48 36
21 41
99 19
80 36
26 51
5 58
22 13
29 13
60 53
96 58
18 84
89 49
24 70
13 98
15 34
58 21
18 15
7 76
45 77
30 30
37 67
89 54
73 11
31 84
89 42
58 12
64 23
77 28
27 74
41 7
90 32
14 8
88 17
22 71
41 66
68 78
82 11
14 38
61 39
29 49
15 36
70 56
70 71
56 9
82 23
91 82
99 27
86 79
27 90
8 30
55 56
37 71
64 78
90 99
64 72
13 64
66 63
57 73
22 83
72 83
83 53
59 24
53 25
31 15
100 28
38 4
35 39
33 77
94 30
65 80
76 35
95 83
92 78
45 39
63 87
31 29
73 97
20 8
74 77
34 87
66 33
62 64
54 95
58 85
97 27
43 89
52 77
6 87
6 55
19 58
3 6
99 100
59 97
51 68
5 23
73 86
8 5
66 18
91 97
7 11
21 63
83 74
1 48
94 73
77 14
21 75
100 48
52 22
48 55
90 49
63 72
8 61
6 36
13 50
87 48
16 23
81 56
35 45
72 96
73 13
40 98
46 67
22 97
67 84
96 31
55 43
90 25
22 94
33 66
77 6
85 15
67 49
41 52
53 63
99 70
99 6
60 36
34 36
29 18
31 12
98 29
53 86
59 43
49 38
97 76
68 43
17 54
87 99
32 93
46 24
35 32
51 71
53 98
27 87
57 10
86 68
94 1
51 26
58 4
34 31
11 97
44 64
44 10
71 22
42 74
34 83
71 82
31 84
68 83
40 95
11 26
56 5
72 14
65 54
37 65
38 86
97 77
27 28
89 2
83 14
24 90
98 63
52 58
8 37
51 39
42 40
7 3
3 51
59 32
70 87
57 84
82 49
77 1
20 4
84 70
50 40
48 1
3 70
82 72
91 3
27 41
41 62
40 59
56 45
83 56
89 77
2 80
72 87
88 45
97 6
52 23
77 28
39 38
79 33
92 25
47 5
40 74
24 14
95 79
64 28
31 59
72 55
58 23
56 56
53 10
95 92
67 70
87 82
72 16
81 55
26 96
5 9
22 72
16 90
81 81
58 1
21 23
19 96
62 54
34 51
9 20
44 55
100 80
34 60
48 44
65 76
52 10
60 41
40 63
3 61
91 47
9 95
77 24
99 69
33 99
36 100
15 90
7 69
63 20
85 15
80 26
90 34
98 98
30 100
33 90
40 55
97 77
79 40
1 84
87 11
27 87
14 12
22 2
86 26
3 69
6 88
29 58
65 27
2 54
38 74
27 82
84 96
13 30
57 41
54 52
41 50
78 76
31 44
30 43
84 76
23 88
72 8
52 25
23 100
19 32
34 72
88 29
36 55
92 42
21 49
77 82
65 49
86 42
64 40
27 98
35 7
43 42
66 17
16 12
47 39
32 44
4 78
96 54
55 76
56 22
31 13
15 53
11 66
30 86
82 49
47 3
94 81
22 88
42 26
43 98
9 76
94 74
84 41
63 55
69 57
12 83
22 82
62 3
95 19
85 1
97 70
17 32
5 77
83 83
21 69
78 99
33 65
97 96
53 95
98 82
98 70
20 28
80 7
40 90
12 89
9 97
1 65
35 54
97 91
74 2
58 67
50 99
1 24
64 11
27 79
81 8
5 24
4 8
58 65
25 27
1 6
47 70
42 86
87 3
54 100
85 18
75 68
82 15
71 66
55 92
18 98
8 21
19 81
98 82
82 91
33 17
37 73
50 9
15 55
47 48
57 30
100 50
47 93
100 72
49 16
23 67
49 85
26 41
13 39
66 62
73 31
8 43
53 92
55 49
85 96
38 47
19 37
83 82
46 93
43 67
43 26
32 67
89 80
15 51
86 79
22 11
92 13
100 47
90 37
19 100
13 90
67 54
54 27
45 50
66 39
55 19
76 28
77 72
52 6
8 47
89 90
98 74
97 20
49 61
93 52
82 7
13 37
100 30
13 78
49 30
45 25
90 9
14 49
83 3
98 30
62 85
44 93
50 81
37 6
54 44
9 90
96 9
8 43
60 14
3 14
86 27
92 83
58 23
74 41
59 97
86 44
54 89
10 50
91 52
55 73
38 100
38 63
15 27
86 11
60 6
67 90
19 26
68 2
77 56
80 95
6 69
92 100
5 86
54 44
42 40
89 79
68 77
12 80
92 69
80 95
20 58
69 57
35 73
19 15
64 97
95 47
87 95
42 18
21 93
73 96
7 47
87 46
39 29
64 60
7 25
32 75
9 35
38 18
84 100
58 11
10 85
47 66
17 33
11 48
53 67
18 99
39 87
36 37
41 49
30 69
46 65
51 73
61 28
41 1
78 53
86 40
1 46
78 57
93 17
12 99
26 22
74 29
80 91
46 70
7 72
34 94
26 50
54 16
8 24
53 57
13 37
71 95
18 54
85 50
67 42
93 72
19 38
40 51
35 86
50 30
94 74
8 64
66 6
2 87
43 88
28 64
98 29
93 14
80 83
13 5
31 75
41 31
97 29
41 61
75 9
72 99
16 62
80 7
38 27
59 92
10 41
16 39
17 10
49 61
69 74
62 89
100 61
36 4
77 32
70 67
32 72
69 77
17 69
62 14
84 47
35 78
75 57
100 55
49 45
65 5
35 81
39 86
35 50
33 19
36 91
75 77
20 69
82 18
8 62
6 97
34 31
97 5
2 75
76 59
36 18
64 40
92 52
48 25
15 89
73 91
61 50
4 32
52 30
27 19
45 53
19 72
62 96
5 5
59 99
35 17
85 37
91 44
6 85
10 84
77 48
7 64
12 96
28 50
44 1
65 43
98 91
35 24
92 92
56 51
31 25
16 15
99 81
12 90
71 79
59 93
28 85
63 91
74 62
31 26
29 71
37 42
58 78
13 47
92 84
24 25
53 97
32 98
74 17
31 36
36 41
76 77
93 87
97 4
4 62
83 41
66 42
37 64
51 84
88 86
41 58
49 58
67 35
30 27
48 90
37 12
26 46
32 38
93 18
39 66
26 9
72 5
63 69
93 87
32 82
10 78
66 9
2 52
88 27
10 13
80 33
68 76
13 27
17 59
88 57
70 69
3 44
31 15
75 90
3 57
83 36
16 97
46 37
97 91
94 94
79 61
74 44
64 44
92 31
53 88
10 54
72 35
46 21
96 78
8 30
92 57
53 60
26 24
40 98
12 73
19 44
23 75
94 46
77 17
75 45
87 80
53 3
22 2
30 80
78 44
71 24
22 27
75 37
90 62
92 66
53 74
94 85
17 68
64 52
48 34
95 55
14 14
86 24
98 16
48 40
85 74
61 31
26 81
5 98
97 99
29 62
19 25
90 93
76 36
71 78
38 53
93 74
37 75
66 6
93 56
24 4
85 82
82 26
38 71
55 96
76 41
72 31
99 86
75 91
67 88
60 14
3 3
99 90
7 56
58 25
49 38
56 45
41 23
69 95
34 76
37 100
39 7
86 40
56 17
18 69
55 58
39 17
4 39
64 11
28 98
46 15
96 12
24 51
25 79
61 51
2 16
40 20
100 86
44 81
49 72
42 8
5 70
45 75
18 69
50 53
62 11
53 42
69 65
74 35
4 24
24 92
47 60
31 7
40 44
36 41
50 44
6 77
17 18
73 87
47 42
99 76
74 9
80 4
14 85
100 7
80 42
57 59
59 22
36 65
78 48
63 35
93 74
14 51
21 20
