1000
9887 9621
8053 1885
8321 9681
3854 1697
2799 5374
7363 2576
1535 1533
3468 6789
5923 5240
1198 8303
6675 7183
5121 4575
113 1657
1355 7645
4140 4740
3110 2318
7019 1865
3095 9259
1548 3838
6864 9395
8123 6084
543 5205
8554 3516
3559 6080
2797 8248
8774 2816
9554 5472
2830 3085
1219 6061
7907 5896
8494 4437
8818 2766
7647 2223
6309 3965
5241 1991
2862 8834
551 8092
1830 6843
6394 59
2841 8131
1261 7135
1961 673
403 5532
612 6321
1938 8148
4678 5359
8968 9446
595 1091
3303 3738
9409 1081
6623 2929
9235 6752
6860 7668
8367 7894
1484 1086
5028 3469
2523 1254
1832 5747
4020 1519
9160 1438
9748 2925
8308 9787
7063 5452
6780 8924
1013 7673
5729 1357
6756 72
8972 3290
3257 7884
1655 1703
313 2582
2529 8200
6656 7661
177 7426
4066 4609
7123 3796
6812 8305
598 6197
9663 2226
8258 5274
206 7633
3869 4777
9546 4330
5388 5774
321 512
2543 3927
6552 846
4726 8023
8347 1056
7739 6688
5958 2853
1340 2725
6677 1933
2471 1802
3156 7696
3616 6823
7893 2439
4119 1429
6635 6278
9677 3650
8644 136
3049 650
488 9598
8018 2750
753 1119
7741 3398
3532 2790
6580 5394
1278 6231
9498 8059
7441 9167
9236 2971
6515 290
4080 9190
158 8493
3580 2766
4445 5348
1120 2604
2081 6663
5102 3223
4851 5492
1217 133
4169 9062
3820 857
2157 1566
510 7941
8192 4118
9834 7809
911 4548
6637 8849
2072 7650
3631 1305
5193 4133
2088 8741
8202 3525
1305 3400
9110 9367
3406 1130
60 4288
6593 5226
6828 3232
8647 1273
2838 4844
3832 2495
8134 8336
6751 1332
8186 8241
2509 484
9709 1427
2745 7670
7079 4068
7542 1363
3558 7254
735 7568
1737 6153
6644 4307
5553 5654
2841 6283
6164 7862
9445 1515
9361 6067
4270 8462
8998 9631
6679 7923
9001 3073
273 7360
5969 2930
6526 7672
197 542
8050 4613
652 1447
865 1095
835 9177
5166 5519
4512 3471
5749 2804
5789 9633
4422 7736
6078 3080
1177 1150
8284 256
9592 7501
9259 4521
8888 3138
4672 8930
7666 1301
7577 9252
8561 7929
8987 2208
5204 1604
7860 5458
2093 2230
996 9289
6485 8124
1439 4890
2527 8278
6104 3898
3517 3070
5950 7494
2463 9800
8349 4032
3725 3648
3262 3714
710 7989
2625 1462
8603 9034
3220 4020
6598 5852
956 6898
4145 4607
8119 7831
8487 9449
1560 278
1240 4400
8201 7057
2260 4479
9594 7464
482 2874
1082 884
1679 5703
8468 9334
4428 4910
5278 5454
3980 5964
1372 6561
4804 9505
1987 8892
7723 7875
762 8499
5372 8183
1186 3494
5392 2939
5418 6768
4861 9860
8062 7848
1294 992
2398 3442
6700 2279
7869 8862
2433 1499
441 6817
2359 3905
5125 8197
7289 7156
9365 2211
8377 7945
4961 5641
1629 2260
9804 6062
8537 9135
4687 5373
7045 8218
690 5596
1452 1481
2795 2798
1523 5968
868 7827
7351 7646
7385 6678
4971 5751
7582 5620
82 9968
8661 4147
1703 9774
8400 2611
974 3760
7551 3991
1478 1960
2435 2877
4464 3337
4832 4048
990 4989
8499 3370
8075 8756
6862 37
2731 2512
4025 205
7127 3939
3228 3331
374 8381
9905 5367
453 9823
7142 7449
7346 2504
3438 5672
373 4489
6100 1144
9294 8584
8895 5819
8049 4924
8859 8031
566 1117
6330 5442
2528 9447
3847 1286
7307 9060
6934 6541
3657 3714
7746 7233
3333 7592
7147 5793
4487 8942
7293 5467
4357 1030
5736 6581
3724 3420
2891 4523
8213 5743
3913 9715
5953 9719
2803 3120
7887 7644
8521 2702
3599 4693
6565 7299
5190 772
471 3353
6285 4476
4972 3779
5779 1842
7757 1634
2625 2506
8581 145
373 2532
6421 656
7370 5729
8489 5431
1023 2922
9636 4358
3364 2774
1806 3224
5646 6502
7173 9647
4079 3604
9265 3731
9639 4979
4569 1957
9209 4513
6111 3958
2199 4723
6522 2575
3425 6969
2893 4938
5572 2438
5411 5901
4275 2659
8227 1008
4153 216
4988 8372
1791 3714
2683 3818
2607 9180
6768 9902
2562 1363
5403 7806
8702 7178
4528 6586
7993 5615
2440 9124
3268 9982
8329 8923
7494 9807
8911 4481
4919 5374
3527 2397
8706 7093
3230 7879
6235 4030
4256 1903
7012 5955
7476 185
5364 4825
7074 2386
7057 1870
3829 5651
9807 3227
888 1422
5044 9529
8363 2982
165 5069
5772 2031
8957 5914
3286 2850
8080 600
8487 8217
7268 6810
1128 8642
3862 7243
3502 4118
3510 2790
9862 2576
6191 2704
3314 7912
2371 1758
5793 1841
8659 7547
8919 2447
2813 4866
1362 7893
717 6249
530 164
491 4771
196 9516
3391 7884
4887 3479
7586 1252
289 9465
1830 8904
2492 508
6932 542
9044 475
3115 1031
4327 7974
5836 6403
306 6858
3151 2717
3322 6742
1973 149
1423 9669
3771 6130
8744 6111
8511 1129
6671 29
8728 7290
2291 5944
3231 6380
3224 5195
1647 4784
795 4989
5214 8328
2288 4970
2489 4446
2865 9213
6555 2900
6698 3748
5013 4356
219 4694
9969 1934
2815 9422
2309 3396
4823 255
7293 2063
9232 3590
9661 7307
8298 423
5629 9180
7273 9482
69 7022
4109 2479
5281 3660
1492 6875
1093 7625
8539 839
355 6991
3142 4867
282 5251
9948 7598
2114 3172
819 5650
2784 1056
4091 4460
1984 850
9652 8728
5601 4328
6125 8538
2631 5536
8901 3539
3035 6671
5840 4859
9973 6379
616 1368
6422 485
1119 9206
1458 9605
1181 3424
1124 8252
4772 4527
2836 2167
3660 8180
3823 6988
7833 6809
9549 5908
9141 8788
6816 53
5072 7000
1537 774
2352 9323
7286 6369
6633 3082
7925 398
927 8940
5049 8268
6442 4209
8245 3941
4084 4744
5452 1031
6414 1126
5566 1341
2802 9287
4645 5448
3345 9755
5708 6646
2096 4196
5593 8397
9082 7553
4906 2033
1416 2989
4577 5023
9131 9337
3936 5918
7199 9454
5964 5766
6474 5511
9607 8265
2609 3247
3254 8258
8814 6323
8625 5844
7263 598
5027 7951
5201 3720
3925 8862
6585 1065
5319 4617
5668 5865
7668 3203
2520 2046
2558 6176
181 1693
7037 798
4188 8991
9186 8166
1575 4234
6575 908
3211 4423
3707 6179
9320 605
3353 5323
1172 2785
9054 5363
8315 6973
1825 6679
1200 199
88 8133
7593 7786
6853 4984
6695 8508
2944 8244
1399 1678
1520 5109
6658 3913
3870 7180
5198 2151
2862 3500
4894 7398
9661 7986
1196 3070
6016 1309
9350 4989
837 549
7586 133
7711 4427
667 8504
9095 6775
90 8797
7525 253
5271 7291
2575 4446
8849 3875
3656 328
6756 2169
7931 5596
1564 5565
3696 6208
9519 2869
4045 148
2229 3223
1666 2272
8377 9731
6481 1142
1108 584
7777 2016
1622 9736
7477 1729
7855 1220
8565 8774
5191 2725
3522 6197
4699 313
2627 6007
5364 5592
3015 4064
5265 9584
8944 4035
5902 6934
9621 3849
6135 4415
2290 3040
9177 1197
8622 4743
3271 6744
3237 9610
1607 9846
3569 5073
2265 4591
8175 4017
5923 6402
5104 3672
9657 3441
3654 8301
7707 9185
2306 8315
2982 7417
7241 701
5866 8860
9253 2296
7376 3269
6736 1674
9783 6163
5831 4078
6313 9182
4736 9089
703 1990
7271 7200
8561 1613
1473 4036
9383 3262
869 8527
791 882
3067 9695
3678 7372
887 6380
3326 5007
7024 9000
6435 2926
4012 7041
9141 4625
7007 8926
136 8954
5184 8505
7001 1374
7735 2502
7908 9336
1464 2442
5071 738
2225 2980
42 2889
958 2707
5493 5977
3958 2626
1766 8301
557 8664
5802 5295
3365 830
6265 8065
9078 9034
7826 4476
3587 5360
9937 2480
2166 3365
4236 3949
3579 7828
3908 3162
6781 2482
4589 8637
8211 4100
5112 3411
2210 9492
6760 1790
4907 7227
3217 6217
5096 141
9640 372
5669 1326
6389 9743
9596 9207
2802 5403
2936 2693
5412 4275
1293 1840
6836 7629
7286 3700
8569 9816
3250 8468
7716 1996
3618 7990
3316 1900
1981 5974
8930 4443
4401 7364
8175 5992
540 3242
7524 5518
326 9348
1930 5249
5373 7746
8843 9878
8978 9843
93 1336
679 5064
125 7047
3213 979
8906 7140
5724 7245
6704 163
1579 1855
9605 8321
1841 9156
9030 1084
4836 3413
3697 7998
857 604
149 4461
4061 2156
3570 5570
7445 1841
2270 7663
2147 4177
7512 1054
5306 7037
6940 4519
8382 7778
2829 5701
890 7254
7468 291
3461 3525
5321 4563
7715 7940
9670 4868
9504 7765
4873 3081
2492 5359
1497 2403
8955 8438
2039 612
6181 4963
8208 4350
7976 1708
698 9795
7321 7199
8698 9931
8616 3586
4007 2764
4490 188
8382 9777
3162 55
1152 7210
7803 914
1406 4507
8136 3869
609 3992
8931 9117
1703 6833
4228 4837
4659 6021
3088 2657
1694 6927
1921 2481
1725 8969
7143 9313
2702 2170
933 4032
8477 564
905 459
1133 4906
7765 1036
1167 9448
1096 7539
6834 2560
7696 8900
8888 126
6789 3220
9478 2914
3906 1357
1238 1514
2879 7102
2140 5975
1853 4788
8599 9272
1567 6819
5161 2597
6665 8930
8261 5257
803 1538
577 6389
1954 6094
3498 7583
3273 9220
461 4074
8654 3126
3364 1958
4141 5854
442 6822
1263 7160
1888 7005
3544 7498
8442 1822
7061 7750
2904 7136
8043 6401
6326 17
3425 2495
1274 8101
7792 1869
4112 31
7071 4367
3677 634
8285 7827
6167 6368
1082 7914
8474 1239
3947 5284
9739 8773
4673 20
9726 4989
8799 8457
9915 7388
5927 4941
4651 133
123 2009
5391 4589
2732 7434
1959 5329
1946 9521
4217 4387
9603 3421
5017 3142
6275 8987
9225 7732
8215 5845
1401 6998
9378 450
9128 4502
5413 3569
9554 2193
6496 1938
5812 3641
2965 1737
3838 5180
46 7743
8142 5791
4349 3340
2518 6088
9435 6377
4671 5787
4436 3967
327 3177
9995 5571
4354 6115
9201 5824
1255 1619
6638 2835
4368 9458
3254 7153
9877 1245
9855 3850
6930 3209
4764 7899
7478 5413
9268 4719
5695 1645
7746 2123
614 3960
3471 838
9934 1263
1384 774
4420 2495
8484 3310
2847 5166
7463 7969
5465 4976
6819 1403
8368 2342
6784 6383
1843 7374
8656 7838
5056 8985
6036 4584
3548 1789
2589 4792
4368 3040
5833 296
2036 2835
6370 4345
6721 4168
3274 5432
4760 3962
3085 1454
8658 1350
5624 1668
77 1953
2552 5634
3837 7242
6159 6348
9174 81
8806 8557
2978 327
4233 5335
4572 6546
8974 3614
9653 667
8222 2007
8216 8866
8326 9102
6429 3367
5219 5615
467 2014
3855 3552
1526 8018
5070 2533
5161 7393
7396 1907
3426 3544
3554 1103
5289 3195
5456 8899
8920 382
7157 1618
5132 8128
8745 7385
7052 8352
4722 3409
2292 5407
717 3999
3929 681
3379 6140
2065 9052
4760 3245
5156 5709
4993 6759
6739 7817
1900 5636
9936 2728
4357 4016
8031 6633
9021 6552
8562 7498
4202 2739
5750 3272
4623 1903
5637 1590
6027 4074
7205 4254
1882 4233
9122 2
1057 5723
1328 6280
6900 4243
7390 6666
6474 8249
4391 8240
5281 5413
1411 2909
6058 2066
9042 3501
6105 9512
792 9223
8046 7634
9009 4967
297 6577
852 3134
1989 2768
7249 2236
2541 3489
9542 6642
4654 1655
3695 6098
7414 9007
1632 4071
8746 6643
236 5344
7791 3260
2453 9202
1246 3173
2270 6717
8970 9789
8979 6103
8449 9058
5355 348
7007 5383
8573 4331
3911 5725
3369 5279
795 3473
7925 7985
758 7450
70 7622
8614 8269
6256 5344
9411 4966
9231 435
6892 9293
8493 3810
4959 764
9825 8144
3283 7516
7286 584
1427 2451
4729 6589
6631 4951
2000
37 21
35 14
92 26
15 94
11 82
19 72
83 5
42 54
28 100
54 36
53 84
57 62
3 75
22 50
25 79
67 34
27 21
22 14
19 86
33 90
46 3
26 82
8 34
41 22
71 26
9 44
97 34
75 72
30 69
36 4
67 27
94 63
47 72
73 67
82 23
60 79
7 17
72 75
40 42
24 82
23 77
2 76
7 48
11 23
81 54
19 13
12 40
3 20
10 95
32 18
23 66
11 57
59 76
41 94
98 100
2 14
71 93
10 26
98 55
49 6
89 62
88 90
45 64
28 3
31 49
53 34
90 62
17 66
47 9
32 20
11 99
57 81
11 10
8 90
97 99
6 57
13 75
57 25
18 96
41 93
32 88
25 61
90 83
5 84
75 42
60 5
72 89
2 10
74 96
10 44
29 35
17 52
50 60
44 41
28 6
14 93
100 30
33 27
95 85
44 91
87 72
3 39
36 95
49 76
22 59
96 40
71 19
97 88
79 36
53 72
85 50
41 10
50 64
47 17
65 9
29 21
85 66
33 64
15 3
9 100
53 56
94 44
55 13
74 73
65 48
95 89
99 23
30 8
95 9
88 78
48 97
64 56
91 84
38 10
67 87
95 13
86 75
26 81
61 58
19 32
68 78
66 94
73 92
34 24
75 94
79 2
64 21
75 9
21 91
77 75
34 43
82 25
55 48
47 71
78 61
21 44
15 90
80 29
57 61
65 39
30 54
94 50
19 51
98 81
23 44
59 74
31 21
7 7
43 97
40 53
92 72
62 63
99 21
30 46
72 30
2 77
29 36
37 2
75 44
64 30
62 68
87 49
27 36
41 86
36 47
96 22
90 90
52 86
92 16
73 96
24 73
14 20
40 32
57 33
41 41
84 79
77 21
28 57
68 56
34 34
52 76
81 56
75 17
56 30
2 32
53 5
25 75
72 1
72 52
60 76
29 4
92 20
62 33
29 86
24 71
46 66
63 38
20 55
12 45
38 21
83 75
80 40
82 80
13 31
1 61
23 61
58 89
26 63
4 27
13 37
77 5
73 70
6 93
10 77
39 86
23 27
55 50
4 56
44 15
88 19
31 18
46 64
13 9
55 96
50 14
91 53
69 27
46 65
40 34
52 13
4 69
81 42
35 91
13 89
29 56
36 96
97 32
88 42
74 31
61 81
67 85
70 95
66 56
36 51
92 85
12 8
15 51
31 24
74 53
4 42
20 59
47 30
55 90
98 68
94 11
84 67
56 95
81 75
45 39
20 9
70 90
80 92
59 29
90 66
100 32
25 12
54 4
20 22
13 100
56 60
16 25
63 100
25 90
6 54
94 50
98 6
93 12
56 97
96 39
52 68
50 63
2 37
11 88
30 13
27 89
27 31
59 43
54 99
63 75
38 37
4 73
58 38
53 91
92 75
81 98
37 14
20 65
69 20
65 76
72 57
55 9
49 23
26 85
84 62
4 43
2 28
72 93
93 19
9 66
49 69
7 91
27 81
20 95
76 92
1 94
32 18
16 71
91 91
52 33
90 93
84 72
45 70
4 93
40 35
51 55
75 36
94 79
62 30
91 15
91 50
32 23
4 7
7 91
28 1
78 67
98 58
38 35
37 6
19 84
55 100
1 98
34 47
54 36
42 35
32 65
42 69
15 68
30 65
49 6
22 8
87 63
17 81
56 96
61 90
67 94
27 53
63 37
76 32
52 9
11 92
20 49
90 85
57 70
67 85
57 32
63 87
90 12
13 92
76 74
84 54
51 55
35 60
35 63
22 72
19 47
49 22
13 35
88 36
93 66
47 29
13 61
10 23
43 14
89 73
11 34
57 30
29 1
24 55
34 42
22 63
36 20
24 12
37 61
48 42
65 34
99 11
7 34
56 92
21 69
93 40
70 15
61 8
28 22
60 68
99 88
94 4
62 86
18 83
49 9
21 26
60 14
30 87
80 71
47 35
50 38
76 10
29 30
39 66
73 100
8 43
1 81
56 95
81 97
16 95
6 37
90 50
88 93
33 30
13 18
57 94
93 13
73 20
19 96
75 18
23 11
40 74
80 100
34 83
12 45
87 17
46 15
15 46
63 1
21 10
29 66
48 82
27 35
35 11
44 54
51 44
16 74
97 77
11 40
38 32
23 75
92 3
74 94
84 94
84 45
22 98
74 94
85 60
83 89
54 11
87 83
21 90
86 10
34 49
94 45
67 32
40 92
93 21
23 70
70 97
13 84
84 53
88 74
69 86
51 69
68 65
57 10
91 41
7 76
36 88
68 33
68 44
48 7
96 82
80 79
53 67
52 50
68 81
42 74
68 67
62 100
53 62
35 88
14 65
15 94
53 12
37 86
31 37
7 56
97 52
69 72
22 90
21 49
25 50
80 56
19 59
36 21
49 8
5 7
8 75
45 70
63 11
12 15
23 80
61 32
33 86
19 7
37 51
43 38
39 46
66 73
58 28
10 18
44 70
74 28
55 53
54 35
18 51
27 32
60 95
50 64
40 7
69 14
40 17
9 57
54 80
86 35
5 7
20 68
17 51
33 3
54 38
43 81
37 91
5 100
24 42
28 77
97 27
25 6
61 81
83 70
75 41
93 51
29 51
15 93
86 57
23 56
53 55
54 26
70 19
82 75
54 6
37 91
90 72
38 61
97 87
70 89
86 50
63 33
66 49
88 3
64 20
61 19
99 83
73 58
63 41
14 21
17 73
98 82
48 35
86 21
25 21
99 5
5 55
89 87
87 20
73 42
54 92
54 72
41 97
7 67
87 30
61 98
17 44
65 70
50 43
90 13
21 46
63 71
95 93
52 20
66 16
50 97
30 62
70 85
38 31
41 33
77 68
21 9
17 41
83 48
66 46
33 39
33 21
46 27
82 99
76 72
86 59
10 36
27 82
49 48
52 80
73 8
77 64
43 18
82 83
5 2
73 56
75 47
43 57
86 43
24 30
33 79
86 30
5 88
71 52
44 35
1 92
59 30
43 12
67 82
9 50
45 97
37 85
58 21
42 67
20 58
4 20
45 94
82 52
36 44
88 74
56 66
8 13
26 58
90 92
28 30
68 69
76 78
19 74
52 56
51 54
61 81
16 62
94 56
18 77
91 67
15 81
14 54
70 35
83 15
82 91
29 58
75 26
6 73
47 32
69 13
25 19
35 50
60 11
22 24
22 14
96 71
61 37
31 2
4 13
34 81
91 67
40 40
81 77
28 14
83 43
59 50
72 5
42 66
46 70
7 70
6 76
31 23
18 70
10 80
86 99
85 11
42 45
28 1
67 58
34 74
83 78
41 70
91 30
69 89
10 91
92 85
87 61
96 71
94 83
27 78
16 25
8 78
13 30
90 82
36 96
99 33
73 23
76 36
18 23
25 33
83 10
63 64
54 85
58 56
37 77
89 82
64 4
9 100
53 37
40 91
86 14
16 32
12 84
20 64
67 17
9 33
70 7
33 95
68 7
33 20
7 56
21 43
95 53
89 10
18 82
92 97
64 93
98 15
31 99
58 46
45 93
7 22
40 68
58 76
12 26
15 97
3 29
5 36
55 98
100 21
89 21
16 94
78 92
18 7
85 66
60 82
28 58
56 57
99 98
23 77
49 55
58 22
52 5
41 63
50 10
67 92
6 82
52 89
93 100
24 38
45 62
30 91
77 83
16 26
22 24
83 54
44 17
33 77
69 25
45 49
44 22
17 3
25 95
59 35
23 51
38 8
16 22
73 42
32 3
29 22
91 89
90 21
26 68
28 57
10 7
91 99
100 84
18 47
90 61
34 90
16 26
58 86
51 31
99 80
33 57
78 47
62 5
1 39
29 41
92 46
70 21
27 27
40 91
3 1
80 67
35 52
3 6
4 71
14 33
57 15
97 84
98 33
83 21
99 84
66 38
68 74
66 48
75 62
73 89
9 86
67 70
64 20
27 66
54 22
12 88
91 5
41 96
75 2
45 2
64 46
45 19
84 88
70 81
100 38
89 42
20 30
2 32
85 81
70 85
4 58
76 49
41 100
30 95
7 72
16 17
27 39
26 96
68 35
79 83
6 28
9 100
10 97
90 77
37 76
28 84
13 16
58 5
18 98
5 57
71 35
52 58
23 94
11 62
19 90
3 88
70 41
73 84
71 47
15 76
66 50
44 86
1 46
10 30
45 19
91 86
11 74
74 87
5 61
65 33
18 20
75 100
57 22
10 4
73 29
34 25
77 75
65 33
19 14
97 35
89 59
98 59
12 66
72 75
78 72
75 56
51 90
75 26
43 67
47 2
25 81
86 37
68 100
62 87
63 65
21 15
96 6
50 52
58 100
36 89
21 20
79 44
63 49
52 26
26 4
87 35
67 57
69 71
44 88
47 72
27 72
39 1
3 71
82 77
30 2
50 70
61 46
37 39
38 86
70 59
94 45
60 5
51 88
30 48
99 76
65 39
64 15
61 61
4 65
67 30
60 78
92 20
35 40
12 63
67 22
40 62
84 67
1 1
25 94
1 35
65 21
36 15
75 18
29 61
31 16
95 25
23 79
74 1
51 36
53 77
79 79
84 58
71 13
81 100
43 71
4 46
1 90
61 21
69 62
11 78
97 57
14 23
33 3
60 37
51 3
52 46
20 45
100 1
74 58
36 80
13 28
16 6
25 80
19 54
82 99
13 64
78 33
12 67
68 71
12 16
18 84
20 34
30 26
63 46
73 14
42 17
73 10
4 64
28 30
12 39
16 18
92 74
36 54
71 12
37 26
96 8
79 84
100 89
99 15
20 77
81 92
62 61
16 1
8 1
53 31
40 55
100 47
38 40
8 45
32 82
67 20
38 11
82 29
96 28
18 44
75 49
41 4
92 98
38 35
38 44
87 94
60 39
70 33
9 57
92 65
98 38
51 14
39 4
1 93
55 42
81 17
33 47
11 65
97 12
46 73
40 4
67 66
52 52
73 28
33 65
74 66
25 50
85 78
6 2
92 53
19 34
75 31
68 87
48 17
77 53
12 36
2 33
88 66
83 84
88 83
23 64
11 18
44 12
7 82
82 40
13 2
69 22
11 25
98 43
32 60
32 10
33 31
2 27
3 96
8 41
15 99
9 10
56 63
79 93
94 65
69 33
39 13
42 18
41 40
21 77
59 14
47 41
93 83
78 69
86 34
60 2
5 99
20 71
69 58
82 87
47 28
62 48
81 81
54 55
100 30
66 44
69 18
45 69
76 9
99 69
17 77
85 89
39 50
49 65
69 25
64 59
79 38
20 79
87 42
28 49
66 6
96 79
23 98
50 32
93 14
23 40
78 4
35 8
31 75
19 16
27 24
12 28
73 83
6 67
12 14
46 89
41 35
75 87
8 77
57 37
8 10
29 28
58 72
62 19
87 38
88 86
16 81
57 8
81 3
71 72
100 45
19 48
92 9
100 25
64 50
81 50
86 54
71 50
51 75
53 32
96 53
59 35
21 68
57 81
54 95
11 3
87 72
84 89
71 5
29 44
11 30
3 66
20 35
64 79
92 86
48 19
53 54
24 80
2 64
97 16
17 52
54 85
58 88
16 25
13 79
16 89
91 19
23 47
11 70
45 60
51 3
74 53
21 83
10 26
61 87
36 58
16 61
59 2
15 5
71 29
33 88
23 86
62 69
92 99
67 31
29 57
4 93
76 85
2 67
86 29
44 59
94 51
20 53
12 4
62 31
48 71
98 68
50 31
55 77
7 73
25 20
68 40
60 64
11 66
56 24
47 30
3 49
25 74
14 56
70 50
27 38
58 20
79 82
44 18
85 63
92 30
41 43
71 98
62 48
28 97
21 100
22 79
50 35
84 92
30 12
54 38
59 30
42 52
85 47
14 49
91 20
77 29
54 73
22 6
6 97
47 65
67 97
24 38
30 78
60 37
10 81
6 38
24 13
9 59
72 5
29 11
75 75
66 9
31 21
84 73
89 82
100 34
33 20
87 97
28 42
69 3
79 9
23 61
4 34
64 70
61 31
71 59
6 28
96 53
44 71
72 44
46 85
32 12
7 78
99 33
73 50
72 100
80 32
21 13
89 41
40 5
19 75
68 2
59 81
69 67
6 9
8 51
92 59
92 37
25 95
36 53
17 84
73 79
41 4
25 12
97 72
9 43
44 78
37 38
96 53
20 28
3 22
23 13
91 83
21 50
44 21
36 11
11 50
90 70
100 10
87 5
3 44
23 48
48 42
31 83
78 8
55 91
28 64
65 32
98 35
31 12
84 14
64 96
37 37
20 93
14 61
93 43
5 31
37 80
70 82
89 89
53 88
34 38
71 86
1 34
84 77
75 58
24 17
81 44
18 14
53 27
81 64
90 77
94 74
44 51
46 84
80 69
70 3
58 97
48 37
66 81
83 99
36 73
14 87
66 8
96 11
20 37
69 42
25 91
70 78
36 15
13 1
65 6
78 71
81 13
63 65
74 99
27 60
98 43
1 84
87 34
3 91
100 46
5 79
62 42
43 25
22 50
64 46
30 4
82 69
89 57
50 8
47 46
1 71
1 59
5 19
79 70
67 41
78 45
34 98
16 91
56 23
48 38
53 97
43 8
12 65
64 29
11 51
1 24
3 74
36 19
18 100
36 79
33 93
83 6
77 51
30 27
60 3
68 51
55 51
10 88
91 92
29 40
91 93
93 43
30 96
10 56
64 73
57 3
97 61
5 86
43 83
90 56
39 12
41 16
31 2
27 13
99 59
69 22
1 35
99 64
23 6
93 36
86 72
21 42
95 39
67 97
72 49
33 69
53 50
98 67
69 5
45 25
18 96
90 15
72 36
47 88
8 13
94 12
40 40
17 67
45 51
100 59
16 81
36 59
89 92
49 4
25 33
59 53
86 9
9 76
34 15
13 58
49 5
5 58
3 17
28 46
70 44
100 56
59 20
96 100
92 88
8 86
96 19
39 56
33 70
56 43
55 87
91 82
71 78
2 20
61 6
51 39
41 32
80 37
34 40
100 12
14 29
69 86
52 86
56 41
45 98
84 76
25 97
22 9
49 33
100 98
97 20
60 65
40 59
65 82
27 83
59 57
17 73
56 43
7 57
76 70
11 95
13 42
75 76
19 63
60 44
39 39
44 80
68 70
70 53
15 13
90 87
70 35
95 63
38 92
58 24
66 97
11 62
37 38
66 60
81 10
46 8
71 100
87 79
2 23
61 20
41 45
78 48
15 1
24 31
61 5
88 53
6 56
42 79
75 22
69 74
11 11
95 2
4 13
4 9
75 3
92 35
5 41
78 5
60 29
98 64
18 71
19 23
58 73
22 92
71 9
4 30
85 6
70 80
25 80
87 86
72 64
68 3
32 22
8 89
100 15
76 86
64 68
16 36
38 53
5 39
84 57
36 49
65 13
54 67
71 73
6 25
95 22
65 60
13 80
14 56
74 97
90 4
78 98
61 40
63 68
46 67
85 36
47 98
7 86
59 11
54 22
28 74
14 55
26 19
68 21
41 57
91 5
75 95
13 9
1 9
73 88
22 47
3 26
97 56
79 21
91 62
94 71
68 80
80 57
71 66
3 72
90 35
47 15
59 25
78 14
20 93
53 44
25 5
11 17
40 46
69 96
65 40
63 76
55 41
79 1
13 97
36 85
33 29
4 44
39 22
22 47
71 67
49 54
31 53
58 30
13 59
50 6
23 10
36 32
75 4
55 58
47 58
88 73
17 18
98 85
51 97
86 12
64 33
94 78
75 94
5 77
85 69
14 32
46 28
58 1
40 51
23 55
49 95
51 12
10 29
28 43
63 5
10 36
93 49
60 89
79 58
62 43
97 14
20 66
65 49
88 32
55 91
76 59
12 61
54 58
91 53
43 9
86 60
65 91
75 9
90 27
53 41
83 82
83 76
55 37
50 64
92 99
88 66
52 89
16 4
20 55
41 57
15 72
56 97
39 80
64 14
31 75
83 24
74 53
63 14
60 92
11 18
100 1
90 30
18 80
67 13
59 11
64 61
44 71
88 43
45 88
82 62
50 36
67 81
96 77
59 98
42 42
39 35
3 5
19 37
46 57
71 81
94 90
32 34
8 54
57 9
71 39
88 48
91 22
18 71
74 26
8 25
64 3
5 69
29 1
100 49
20 13
1 39
8 64
39 36
69 42
73 73
51 52
93 10
18 32
15 52
23 41
42 24
36 42
1 84
75 27
47 87
72 98
54 5
49 97
91 22
83 59
96 6
96 40
83 71
98 62
10 66
36 16
73 59
15 7
17 97
4 84
8 96
43 32
12 3
99 34
15 53
25 91
47 9
93 60
67 35
14 61
4 18
15 24
4 48
52 79
67 53
25 77
79 15
68 80
27 27
18 99
95 37
94 42
46 74
39 92
45 28
60 57
70 75
74 84
91 97
44 10
99 99
51 29
22 62
51 33
16 96
53 19
68 10
64 89
6 46
42 38
93 8
57 79
68 67
2 28
72 79
50 41
35 95
88 33
15 43
60 22
32 73
68 8
66 29
48 10
65 95
88 80
3 96
32 57
12 81
1 37
91 48
18 74
56 56
100 78
20 89
41 12
42 25
10 15
32 51
66 32
49 53
90 64
45 35
51 56
23 93
18 94
51 31
52 57
3 38
79 11
91 79
94 50
3 24
62 49
18 10
58 28
27 40
89 59
65 55
4 90
95 81
99 40
8 49
19 39
74 83
35 4
23 77
51 52
78 99
93 18
14 43
73 48
19 22
51 22
68 75
86 60
11 68
6 67
93 14
81 51
5 81
37 36
65 61
62 52
38 66
66 82
41 41
67 50
3 41
64 48
97 7
50 52
84 51
13 71
11 45
70 67
64 35
40 53
3 81
13 37
45 86
50 32
38 45
26 50
61 64
70 60
9 64
26 94
19 89
61 46
23 12
12 51
23 80
71 97
15 68
42 61
4 82
32 1
18 15
77 67
59 24
72 5
65 74
61 97
54 74
47 24
99 5
2 65
89 44
37 43
66 81
29 87
88 77
77 12
16 21
93 97
