1000
1623 806
4254 2960
9937 6950
1940 4833
8748 5321
7243 6716
9736 5257
8366 3154
7991 4714
6252 8672
4624 3391
1409 5598
776 4728
8193 968
5296 1636
7526 3955
668 6121
8200 9820
319 4529
8790 1016
5020 3111
5980 2019
1894 5705
9323 7688
8862 7098
8593 8598
6968 8800
2731 7139
6394 9402
5193 7407
9343 8299
5433 7124
3548 1652
3402 7238
5585 3556
7069 8195
18 5601
8365 3561
5824 3203
693 5035
2265 6934
853 1205
256 1803
9616 5021
7486 6615
2976 2799
4308 483
2697 7006
5479 7516
9513 9745
5913 3900
3539 4770
9754 2462
6746 9564
8506 5215
4546 1044
308 88
9642 3128
8499 1458
3800 6356
4479 4104
9685 977
7772 8819
596 8166
1934 2222
7336 8154
5516 3612
5513 4455
6056 8236
7736 5398
2308 1558
1751 1122
6333 8145
9182 3051
872 4764
8024 2401
8470 7376
9561 8146
3634 4162
7909 2887
2883 3695
7036 8748
8022 1781
8998 7954
1511 2662
2501 3232
7256 4884
4262 5484
3885 7873
3042 7244
4618 5206
2104 7923
823 8570
6669 869
2704 5040
775 5482
5216 643
7814 8459
4252 2227
9017 739
2509 3050
8137 2748
6248 7169
7185 4694
6284 4706
1222 1741
8773 5269
5382 6212
5460 1107
2338 958
4386 8369
3073 145
341 9082
8020 7399
2294 9260
1591 4993
175 3382
4047 1253
7862 5946
8932 7504
4278 2791
7598 4342
6144 938
364 5453
5521 5455
6577 4338
8938 6862
4102 1545
7733 1853
5030 3672
7048 9726
5188 6763
9830 8642
435 1969
4098 3839
3750 7944
9085 4099
8500 5990
3140 4550
5521 1226
7426 9480
5191 3351
8338 9483
3109 1314
3362 608
1214 4417
6984 1798
568 409
9439 3804
9516 7021
9153 2444
7885 5604
5635 121
7875 6511
8393 5234
9421 9477
8239 1514
499 9168
4480 6614
3540 8188
4207 3560
4823 923
5444 2018
6082 3879
2878 530
9782 8389
2296 3100
8026 4900
5581 7476
7821 6609
590 1668
5837 7239
8685 8007
2492 7526
717 2762
2169 7743
145 6084
2871 9732
5258 9234
9397 9439
7360 6886
3496 264
2279 5917
7962 7591
6962 2890
1838 2084
517 4497
7403 3299
3928 5153
6971 6459
223 878
3047 9133
5319 4905
8625 2416
5309 2298
1572 9348
3192 4042
547 9978
8497 232
4301 1296
5138 9613
6488 2250
2542 8743
5986 4434
6447 1611
831 2926
6520 2309
6288 1765
7982 6641
9072 3899
3135 3748
6286 1417
37 5181
9207 8852
2119 3775
1257 8678
5867 2552
9657 7674
5329 7204
4760 3609
4413 768
2878 6387
1335 562
4584 5089
2478 5340
3479 382
381 9979
2434 9606
8288 3206
9628 6609
2112 1511
3191 6229
3617 7769
9326 2184
2096 1950
403 9486
1914 5769
3563 3455
7246 197
2258 2991
524 1620
5205 5448
4164 885
6898 4413
9079 9936
428 7028
4112 3949
1890 9900
4230 9739
6409 3100
4245 3713
3954 2667
9166 1511
7558 6931
5940 3895
9454 2576
5355 218
749 1330
318 6652
4942 7771
3584 6836
7397 9184
9820 9515
9496 7501
1937 9
2221 9020
4926 3386
4659 3553
2685 8220
6372 503
451 5108
912 5659
7803 4514
316 4649
1923 2644
4421 9119
7382 996
917 9602
4453 3648
9890 7142
7497 7607
4846 6857
2148 6637
4752 414
1834 2485
2438 3638
3304 1331
8021 5140
9579 1754
1385 7621
9684 5888
425 3135
5628 7454
661 8798
5377 1823
4719 2922
1174 6675
4104 6889
3002 5281
3663 7961
4419 1191
4549 6631
5447 2176
7374 4443
1945 7574
7739 4263
6842 5664
6056 523
2503 2518
8382 7509
988 1717
2828 107
5849 6255
6310 7580
3826 6923
8763 8497
9099 2227
3760 3600
4169 1011
7436 4200
5850 9608
7365 5001
6529 4488
7125 2111
8019 7245
6927 5135
701 8547
6621 3629
495 9850
5866 4040
6535 1410
3844 3576
906 2371
2543 6072
6125 9577
7508 4905
1157 2999
3215 1681
332 344
2362 3090
815 7699
8121 1821
932 1662
3134 1747
1855 3097
6375 1086
2032 4128
3702 4980
5908 3433
6152 102
7881 8510
8253 9370
7450 1549
7862 7698
92 223
399 6553
9294 6991
1196 6749
6821 9192
7465 4458
48 8338
6560 4026
7923 8533
4240 9068
21 7273
3847 6331
7045 7723
2140 1306
7879 6379
9913 8830
2431 9423
8912 7949
2310 1738
1900 51
5417 3295
8343 355
5388 2810
1962 9698
2626 2248
770 7343
2411 64
2330 8880
3892 2861
5949 5766
2383 9290
2946 3341
6840 449
1304 6452
5705 4429
8603 1720
3630 9238
3755 1387
9427 3584
2871 2928
4252 152
7820 7672
9940 9690
3644 8438
678 5653
2548 2898
2787 705
8759 4997
5687 7285
7503 550
3362 3104
5154 6024
6359 3818
963 4542
2828 8937
5991 2811
2723 8893
6958 6711
1129 7462
1778 428
4672 3756
6024 9606
5622 7985
3158 2261
6567 7005
4129 8190
6262 7873
2018 5434
2304 2631
7041 3367
8483 4027
5463 5260
9267 3867
4703 2626
6934 1632
6038 1439
859 119
7468 7093
1677 6682
9982 3656
4347 2153
9483 8995
9035 8457
3108 544
4073 8158
270 6692
7333 541
4807 9547
430 1448
1450 8130
4535 2820
1936 4203
7468 2251
7021 406
6666 3076
2675 547
7467 5178
2907 825
8590 9123
8418 1124
4283 9356
3720 2087
2514 476
711 2491
6712 9927
9170 9052
8394 3259
4721 9356
9464 170
3943 6531
8886 7168
4184 6212
207 2337
8638 3156
6193 3513
5061 6617
2373 5246
8936 8439
9255 2636
752 1480
3770 8336
707 7634
8805 5276
8732 4386
2495 807
7151 2535
952 6389
1029 6616
2227 5045
1383 6940
6158 4853
9697 1693
5675 8601
3937 3073
8447 1052
7727 5941
5071 7040
1335 6630
7657 3078
5183 3136
2116 7653
2860 7362
1584 3542
8179 6898
7469 93
1869 8877
7485 1520
4447 8941
8970 296
4117 7015
1020 9321
8914 2946
1456 1842
4485 319
4023 6275
7230 7481
5509 8094
6272 333
3697 9971
4811 3400
3616 4660
2219 2358
4127 3870
9442 5795
3082 7638
5214 3975
5294 788
6260 917
6195 1060
1692 6506
1423 2325
8378 9375
40 1112
5825 4495
6505 1567
5884 1360
7307 6650
3739 309
256 3724
3392 9857
7222 1048
9028 4865
7354 5981
8123 3133
2988 6815
8501 4974
4779 1927
8070 5736
5914 5385
4829 1932
1476 9244
7667 9708
870 7128
87 1336
4252 3477
8910 5256
2940 157
4163 1432
3373 8120
1981 2566
5342 3911
8258 2231
5733 3482
6161 4447
1506 7495
3876 280
8929 5843
6743 8375
9414 1508
6979 1503
3938 587
7748 9231
5980 2919
4840 3914
7608 3163
8556 7605
7298 7
4194 4596
6933 3643
1280 6149
6898 7598
4998 4792
8297 8138
7510 7450
4889 6279
7567 389
7575 8866
2170 7964
2268 9059
1106 5926
311 2364
5959 5386
3581 6887
4876 8874
4092 3859
7546 2395
2091 8984
7342 6055
7243 7398
165 6951
4872 6286
1120 8731
1881 7050
479 6640
4016 7760
8742 622
4512 9932
7526 5536
3483 1490
6870 2707
4801 5919
1047 2777
3785 4908
919 2720
3796 9101
7027 1171
6225 7913
7335 1158
2541 3246
2956 8474
2804 1457
5158 3989
8572 6688
4984 7722
7386 3952
210 6824
4427 299
3992 8751
730 9792
9850 2319
8554 7404
1958 8702
3119 5168
3046 552
2336 8777
9098 3337
3837 4965
7625 514
652 5682
4928 989
513 9133
3673 9114
3395 4063
6723 615
5761 5076
8613 9625
2244 2061
8912 1484
9499 3111
6023 822
1352 5699
4848 3941
5752 6305
3373 6862
9415 7866
5574 1292
7344 5158
4518 266
1019 7005
6664 8252
2272 4267
3910 5458
9700 3162
8597 6194
9532 5689
3374 6655
9487 610
4586 9911
8305 4279
8114 1233
8177 4455
4125 7189
6316 7318
7907 9267
4045 9952
8398 4760
2247 1830
9647 6493
8838 5823
6501 6883
4531 4019
6248 4266
7544 2377
5938 6766
338 7924
8327 9090
9160 8912
5069 9403
5167 8509
2840 664
5314 5578
1020 1030
1254 760
8318 8933
3524 2344
2339 3627
3555 5294
9302 1318
3870 1259
2035 7829
950 2065
5829 8444
1604 6822
1952 1767
565 9493
1866 983
3754 3337
5068 8802
3020 1254
8729 5710
2743 5998
488 2179
9176 6622
3398 1754
6887 8820
8837 7133
4248 6945
3673 725
4094 6626
8066 412
7505 8232
2519 2114
8057 4505
5505 7533
4533 4635
9825 2681
7405 7885
5061 4190
1159 4290
6793 5391
5061 3555
6826 4056
5949 9346
400 835
4962 4397
4708 4309
1678 8756
6924 9263
6334 4217
3463 1814
1818 6538
307 5903
7383 596
8822 5948
6782 8449
9550 1038
1711 1743
7863 5713
7554 9347
9818 5632
1494 2288
1287 9377
7494 5378
1523 1347
9809 2142
5558 1440
3748 716
9064 6295
651 10000
5999 8103
3363 3919
4711 5372
3176 521
2884 8576
1338 24
4216 3017
9247 472
4837 1499
9190 43
4255 2428
2617 4800
1828 4655
5745 450
3846 4340
7797 7422
1897 1046
3434 4882
6539 9839
3099 3518
4358 3438
576 6836
965 9483
2916 5890
3446 2492
7002 4869
3066 1422
3226 1790
3717 5219
4683 2823
9918 5218
3587 2031
4561 5620
4978 9711
9914 6796
5122 1858
5712 4088
4385 7868
2847 1400
8364 385
7312 123
7303 1471
1017 7287
5404 74
3398 5784
8721 8079
8314 5831
4564 662
3409 7456
4052 9403
860 7999
229 2005
7254 8593
4481 4546
9048 7177
1595 7330
8862 4862
7803 9583
4945 1460
3288 72
1570 2021
4385 9460
5709 3469
748 7343
7684 7540
5986 3420
2762 1415
6375 894
4741 9373
3984 5455
5187 405
7595 121
1310 785
7534 3798
188 2123
2689 4800
9878 1218
1548 5060
3750 359
6721 9317
1125 4295
8926 854
143 5699
1478 6740
6691 6356
1196 9567
1965 8906
7950 2042
4663 6431
5552 7773
4341 2421
4272 7722
8070 2603
7437 5635
4117 5936
6939 5136
9952 7062
5768 6072
3030 3378
1155 4363
6781 1398
5196 289
7742 1196
4646 294
5697 8740
6052 7192
3099 3034
402 5460
1258 1107
1641 6645
7428 4244
7580 3250
4543 7203
5721 7971
6663 2690
2803 2628
5258 2713
3801 5965
4701 4902
3422 3018
2815 4831
445 3935
9891 2746
8150 8591
5023 3214
9425 962
2787 482
419 2858
5479 898
5767 6056
9229 3931
2729 2800
3927 4116
2340 9852
792 3914
9800 9855
5057 7125
945 2068
817 1396
9029 7590
1647 2144
8089 975
4576 3833
1817 9514
1614 520
1908 2610
3987 512
5380 1865
6487 6479
3374 3196
7852 7331
446 4247
8687 5622
928 3775
1099 2323
6442 2316
4663 9489
7586 2503
1283 3
2132 5542
2985 8453
2430 7081
5820 3355
7570 5334
2314 6856
342 3046
9063 8047
4189 5946
3470 9366
3547 149
5534 2116
3835 3720
3709 1682
5472 9466
2782 596
879 500
890 5674
6588 364
9370 8109
5966 6171
1883 1330
3864 3589
4631 2161
1153 7022
8163 7517
2315 1374
5829 7507
410 3677
9838 3537
2617 4593
4724 3142
3906 2957
4520 8325
8743 9744
1688 494
8300 4734
5763 5958
1237 4160
8347 7477
3939 4800
1987 8248
5315 2882
3676 6920
4687 2785
6930 3364
3560 6033
3846 8052
789 9709
9913 5448
3570 3079
6519 9437
3352 7227
6577 2704
4085 4797
3241 8006
9249 5318
7827 9056
3955 9386
2591 2392
5687 129
2012 1795
1939 9723
7584 4480
7767 1687
2644 5332
7755 9989
8173 8070
8273 8617
7313 7162
2413 8243
4614 6003
8547 1392
5609 5323
6122 1608
2061 1393
3979 5435
7375 7104
2437 8884
7705 1895
3570 2424
7154 5567
7194 3414
7502 2185
8854 9126
4281 3422
4229 1670
5038 8064
2000
40 73
43 15
55 87
67 78
34 27
27 26
38 73
46 14
47 86
89 21
43 79
14 17
74 37
14 82
23 4
77 54
86 5
61 75
39 19
80 58
15 83
35 93
90 84
80 61
19 68
23 84
63 96
36 9
65 41
36 100
62 5
13 3
57 58
38 24
30 12
16 76
52 79
18 87
24 67
41 87
48 63
10 81
55 18
49 82
36 21
13 79
88 84
83 52
42 59
8 74
3 82
72 47
93 85
78 44
65 22
80 96
96 72
96 71
50 59
78 82
37 53
41 28
89 87
71 11
65 63
38 61
92 53
16 40
38 46
12 52
70 86
15 85
38 25
22 6
67 57
77 99
58 24
20 16
17 58
77 27
60 59
66 82
61 26
54 36
1 33
39 55
41 35
13 89
3 75
37 99
1 76
18 11
1 61
26 53
81 69
12 41
18 94
31 9
79 55
31 47
69 78
66 95
50 99
40 63
71 84
89 92
28 30
14 47
27 52
79 21
67 91
93 23
95 80
3 29
6 83
56 98
87 27
26 50
22 57
12 90
100 69
60 10
96 73
52 89
21 21
12 63
88 17
24 53
8 34
14 78
53 84
62 75
23 27
1 58
100 85
75 57
15 9
37 10
34 4
4 45
98 18
90 7
16 42
68 56
85 88
21 13
11 13
30 37
98 2
81 44
54 14
9 36
99 96
56 22
19 67
70 44
28 30
71 31
30 51
7 69
81 58
68 86
72 30
70 2
4 72
48 45
39 47
91 59
10 93
62 16
62 43
10 16
32 13
26 44
88 63
47 86
19 87
43 38
47 47
56 93
11 88
88 31
10 37
82 1
69 87
64 93
24 58
1 56
1 30
49 15
20 45
88 11
25 68
79 8
30 65
92 63
68 82
32 97
38 36
64 49
66 67
63 88
11 1
67 44
67 50
41 21
98 57
26 94
15 79
86 78
49 27
74 77
52 15
9 2
4 51
68 25
30 97
82 80
80 74
82 45
82 26
57 71
19 2
2 20
53 70
55 17
1 54
25 42
96 87
54 100
98 51
74 88
23 92
24 1
47 8
43 60
32 17
80 90
31 21
72 38
24 5
97 35
38 48
11 91
59 40
22 8
93 78
49 37
81 96
100 67
13 44
86 66
37 80
74 77
6 55
76 97
80 2
52 4
76 52
54 34
46 8
56 69
15 57
70 29
89 13
34 77
89 72
32 24
25 57
90 51
92 65
88 68
83 62
59 10
19 2
62 100
42 77
85 54
56 62
31 6
33 13
90 46
58 68
67 93
29 70
11 88
70 39
45 23
52 88
78 51
37 90
75 83
64 74
16 98
28 55
20 85
86 72
23 55
38 66
42 10
43 28
28 3
13 86
54 61
70 15
86 78
43 19
39 54
2 67
20 95
91 91
75 1
37 87
76 36
6 30
65 5
47 54
30 25
99 94
4 84
82 86
79 96
31 6
6 1
66 71
35 38
73 31
99 81
10 56
35 20
57 18
70 92
99 20
10 36
56 76
82 26
51 18
98 83
21 69
29 47
24 63
75 13
94 38
89 100
61 47
80 1
85 45
79 97
43 91
98 67
83 24
16 35
51 70
64 40
47 30
97 27
32 31
86 31
75 95
95 33
25 71
44 43
47 74
4 95
61 5
68 70
60 12
93 4
5 28
85 4
9 75
2 41
60 38
46 59
66 24
25 28
17 86
39 21
54 31
36 90
99 48
66 48
69 19
30 65
39 62
87 59
13 27
62 45
49 82
56 9
34 34
81 65
24 28
18 98
14 57
12 26
92 52
8 60
69 51
97 66
17 12
60 44
53 2
16 12
12 67
8 3
41 8
44 18
74 59
22 12
4 62
84 41
68 36
47 69
70 1
36 51
47 37
98 22
93 63
95 34
27 63
69 79
63 61
24 87
78 29
40 59
59 33
12 96
94 53
33 9
65 33
90 48
50 33
31 2
20 26
70 60
87 27
17 82
72 67
57 36
89 44
39 40
29 92
40 57
16 79
52 35
57 99
76 8
14 33
21 62
72 31
58 86
15 25
21 22
68 73
70 46
24 44
1 7
33 29
99 63
56 39
9 28
11 56
3 11
55 69
74 16
38 53
47 51
61 38
57 22
53 16
15 96
72 72
19 17
63 41
98 25
55 64
51 17
90 39
57 20
45 97
32 10
49 98
14 17
13 17
61 23
49 52
7 89
77 24
81 28
5 51
74 50
4 59
64 45
5 58
78 73
72 70
38 53
84 97
54 68
64 5
41 13
62 78
52 55
80 32
86 60
36 57
80 89
54 19
55 17
90 97
10 82
85 96
18 16
39 59
60 24
24 19
29 70
11 78
20 30
19 75
42 37
91 46
55 6
30 52
67 71
54 76
80 14
54 97
51 54
11 28
35 87
6 35
74 65
51 56
25 30
17 30
22 100
64 61
48 6
32 13
40 1
21 4
95 93
96 93
85 88
43 84
52 28
48 88
67 95
16 100
79 84
82 3
18 33
10 21
31 35
97 40
45 47
40 1
36 2
78 70
25 94
44 12
41 65
7 55
12 78
89 91
21 8
57 46
32 59
60 91
7 72
80 47
12 90
39 60
78 71
52 99
62 98
97 78
14 31
80 97
66 3
73 3
49 58
32 44
90 19
14 1
19 45
66 54
30 22
68 12
43 16
16 19
62 74
47 4
1 77
80 62
22 97
78 43
81 88
67 55
13 19
29 69
21 60
59 19
74 68
28 7
82 30
64 84
65 22
73 99
100 46
27 95
6 74
14 36
71 88
58 48
1 69
65 2
30 3
55 77
95 11
63 89
44 73
79 44
31 44
76 31
3 39
65 19
62 10
6 45
19 2
85 58
54 67
56 31
13 26
92 84
36 22
96 29
23 38
8 8
27 36
38 68
70 94
58 24
85 58
46 62
80 92
93 15
51 61
2 50
100 71
37 25
80 24
93 64
45 100
77 31
34 74
4 27
98 24
51 82
69 58
63 88
97 20
18 27
80 33
86 62
34 86
40 41
68 32
28 54
54 15
56 53
49 20
84 29
17 99
48 43
12 88
90 21
34 90
21 86
93 81
30 64
1 50
61 32
62 60
53 92
36 50
55 29
21 82
75 72
55 73
77 30
22 54
85 79
58 32
89 56
2 6
29 20
5 86
15 32
73 35
7 75
83 1
24 4
98 51
8 10
65 37
33 85
15 32
80 81
6 26
65 15
44 28
30 54
55 89
49 29
47 88
76 62
76 58
84 6
88 99
78 56
71 47
94 42
60 34
95 48
70 16
82 99
57 71
77 52
24 71
71 89
72 51
65 64
89 57
38 89
71 38
39 57
36 53
47 38
37 25
89 16
19 3
78 2
47 24
41 40
8 83
20 99
80 19
93 91
92 59
95 20
79 95
58 88
53 13
91 55
81 84
87 51
67 39
88 17
74 66
51 51
63 49
52 89
55 78
66 100
26 47
70 61
23 23
61 37
63 48
49 84
48 51
33 70
80 91
76 18
59 85
97 82
83 69
28 63
4 80
83 30
66 64
34 64
71 85
40 72
84 17
35 78
65 31
43 10
9 93
6 74
74 3
55 11
15 34
52 41
26 56
92 71
27 7
16 53
98 57
66 94
91 44
58 31
77 71
33 96
23 72
74 100
80 41
66 18
87 93
70 33
66 66
11 80
95 35
30 41
32 63
50 51
64 86
96 66
60 21
34 6
44 48
9 84
79 66
54 37
96 92
13 35
90 65
5 8
55 66
27 58
7 56
67 74
43 99
90 77
50 73
97 39
1 67
8 31
20 12
38 9
47 62
100 97
71 69
25 18
66 27
11 21
21 64
96 24
63 74
27 1
98 53
69 89
37 44
52 77
64 65
24 56
31 16
9 31
47 49
40 61
94 73
93 50
33 39
55 62
65 93
19 66
51 53
89 18
75 35
87 91
92 84
56 9
40 94
18 30
73 88
67 27
97 40
90 71
80 39
87 16
36 59
85 86
85 28
45 40
15 73
96 44
65 95
11 41
29 25
52 46
5 61
83 32
51 5
89 6
39 32
79 39
61 48
46 88
40 42
80 16
1 52
50 30
23 81
30 69
2 22
11 96
44 99
52 80
55 14
85 99
17 87
59 89
93 97
18 35
88 1
50 32
87 31
100 76
5 29
22 28
73 86
21 53
31 98
98 25
49 47
82 23
69 22
14 69
6 30
5 58
3 8
60 26
71 37
15 35
29 9
82 79
38 93
83 6
32 26
18 45
22 9
42 13
9 10
53 71
19 84
13 83
16 57
4 9
22 84
40 21
43 86
42 100
38 74
43 63
32 43
28 2
11 54
24 62
25 84
88 90
4 4
54 74
69 16
70 9
20 100
72 66
43 81
59 97
20 11
24 2
65 9
92 37
36 74
98 45
46 10
2 27
51 22
9 8
61 1
69 41
77 86
89 32
34 62
27 71
9 34
76 37
50 16
70 32
10 56
94 58
57 69
91 76
83 82
42 37
30 75
81 76
86 55
26 27
82 28
69 82
3 22
4 44
10 5
93 39
58 23
26 46
80 57
27 53
71 67
12 23
10 26
61 74
20 89
70 70
46 43
88 13
15 46
92 65
94 41
40 32
16 15
38 67
77 73
69 61
2 37
61 13
86 80
90 96
55 53
60 9
56 46
71 91
85 90
48 82
30 38
60 11
77 24
9 70
27 63
53 87
97 25
35 53
97 43
53 25
48 56
67 12
76 46
34 55
95 100
32 54
37 15
76 85
97 100
63 43
11 51
11 34
14 27
10 94
16 37
85 64
1 19
43 41
24 37
61 62
70 32
65 68
90 4
93 23
15 63
26 76
53 67
42 53
11 3
60 33
69 75
37 31
67 30
26 91
14 59
34 31
61 86
60 87
26 22
59 5
66 62
40 11
46 59
34 42
60 26
91 29
43 30
31 88
32 53
15 12
71 91
12 77
53 80
28 10
60 91
32 60
76 79
23 45
54 54
71 10
55 41
44 29
66 28
25 96
7 28
65 1
45 58
15 71
22 38
36 72
80 78
79 55
20 64
81 21
19 22
9 99
10 74
49 14
20 93
61 81
3 2
93 55
71 43
36 77
60 73
42 7
69 91
94 9
25 59
5 23
54 43
76 19
14 52
11 95
24 7
41 79
33 69
42 6
32 63
15 83
74 4
27 72
29 77
12 55
21 7
45 61
96 41
43 24
56 64
55 32
92 83
82 83
83 81
50 2
36 85
84 49
18 1
53 41
88 46
96 85
48 6
19 55
70 81
11 23
18 60
14 92
72 93
12 58
91 29
87 70
51 13
69 57
84 67
99 34
61 59
3 51
18 11
71 71
72 79
74 42
31 28
59 100
39 54
42 35
81 21
24 76
95 19
3 39
83 90
56 25
83 39
85 23
17 54
40 12
76 91
24 94
22 39
29 70
19 12
27 93
56 30
12 16
19 65
30 82
15 31
66 17
69 64
3 53
13 82
9 95
15 28
100 89
14 21
27 88
17 34
17 80
62 79
7 99
57 89
40 38
67 53
41 38
87 78
9 99
52 33
25 97
35 21
25 34
13 25
6 39
45 51
60 86
40 87
95 74
43 83
51 7
65 38
7 43
17 87
81 3
93 22
73 29
43 72
84 16
95 12
35 50
75 18
55 18
91 75
57 46
87 88
69 39
13 16
83 45
65 36
57 77
26 35
93 35
85 7
69 39
29 3
58 59
90 34
40 9
35 94
18 46
89 52
66 12
63 86
35 65
75 83
45 98
23 36
5 80
24 93
27 57
20 34
57 5
23 24
61 18
49 36
86 99
38 79
67 81
39 94
33 29
11 94
67 6
57 32
5 45
58 44
37 58
20 1
42 55
99 88
28 17
15 6
78 10
4 32
97 48
63 98
68 76
58 8
70 79
96 75
42 68
19 21
36 16
5 34
79 10
94 24
21 39
82 72
39 1
61 66
52 31
44 39
46 35
75 6
97 37
7 2
14 46
48 4
11 50
58 48
43 93
58 3
97 3
91 40
47 83
39 73
10 95
38 39
86 60
34 69
34 71
11 6
58 93
89 50
71 74
65 6
13 73
99 31
50 87
10 52
63 25
32 84
15 64
55 93
52 29
49 45
65 33
2 59
37 29
69 63
77 66
16 3
79 83
73 49
84 58
42 13
23 91
76 1
93 39
46 96
65 15
31 99
96 79
18 16
40 48
46 25
5 29
45 66
69 30
49 3
44 76
22 25
48 28
13 42
27 40
13 40
11 16
78 83
8 39
43 53
13 51
99 88
83 74
88 56
33 5
95 13
11 21
50 98
66 26
38 18
81 98
60 25
19 47
56 46
3 34
92 64
7 11
9 59
89 60
100 83
16 27
37 45
51 5
82 87
14 92
29 68
54 17
85 63
61 17
53 30
71 77
99 33
37 69
93 42
51 31
3 7
97 79
40 20
25 66
4 3
5 63
45 24
23 61
92 91
26 83
58 25
21 4
55 80
28 87
38 64
100 27
67 39
23 28
97 37
16 20
24 1
13 14
10 89
37 83
4 84
62 48
96 79
31 91
99 59
18 58
27 3
1 6
37 95
63 65
61 33
95 8
11 95
11 24
32 42
64 58
65 90
76 75
9 94
75 27
47 21
80 26
4 68
94 92
31 51
24 100
17 98
18 24
61 33
72 27
12 99
88 34
33 88
58 49
14 66
52 87
62 79
87 11
54 25
64 42
22 31
67 14
50 83
93 98
96 74
80 83
61 62
25 3
5 58
59 82
61 19
78 25
14 9
64 5
59 16
34 56
65 18
47 26
14 82
41 39
41 40
6 63
62 40
46 4
71 57
25 2
17 91
54 75
87 31
80 68
10 2
61 41
42 65
73 18
75 2
43 41
69 82
41 19
75 60
60 25
10 95
30 54
59 25
52 68
22 28
65 61
2 9
77 81
9 56
30 56
49 67
22 32
28 56
33 79
5 74
53 95
82 42
23 32
13 53
92 6
10 3
6 23
50 90
3 30
30 67
2 33
88 76
47 86
5 45
58 90
64 25
59 44
74 94
69 1
2 7
59 67
84 74
95 7
52 78
27 7
84 32
44 65
45 68
68 8
72 71
13 26
37 36
91 23
84 17
40 13
11 14
31 60
57 28
1 7
52 88
45 17
68 16
69 27
40 76
96 63
20 2
25 55
32 75
91 56
25 8
50 1
15 56
59 28
40 77
89 92
22 91
36 45
30 51
25 46
24 39
43 73
78 18
56 79
42 59
16 85
11 13
81 69
53 28
78 65
78 47
22 95
15 40
6 90
11 76
33 28
11 92
63 67
95 96
41 100
19 95
61 6
84 24
63 3
25 26
23 47
6 14
73 19
89 23
28 97
39 40
17 85
55 11
53 78
79 30
57 73
56 49
1 60
7 66
34 35
11 93
22 77
97 10
39 94
88 84
20 31
22 43
74 38
23 43
66 67
17 67
38 72
13 54
58 64
45 83
63 56
77 2
59 22
79 7
13 9
87 88
45 39
38 62
94 25
7 4
23 75
3 2
89 100
48 44
69 31
14 23
26 8
6 45
39 1
61 28
35 45
14 10
27 64
20 6
67 21
99 47
15 62
88 81
67 80
92 74
8 94
58 82
81 52
9 19
67 92
37 77
1 95
16 1
1 89
71 75
58 23
82 74
20 42
9 10
96 89
15 28
71 53
21 52
87 3
5 15
63 89
26 45
8 100
78 36
52 14
39 93
92 44
52 9
32 18
88 67
40 17
47 24
6 59
79 60
22 71
16 86
82 81
50 13
39 52
26 14
93 89
100 41
54 59
28 92
31 86
89 95
4 96
27 92
10 1
10 11
42 26
56 11
53 48
38 72
17 73
70 95
75 25
24 75
29 5
75 80
76 69
62 56
82 99
79 64
44 94
84 52
78 34
42 2
77 53
6 43
19 69
64 76
5 75
79 54
22 30
5 8
67 87
6 75
71 17
34 73
81 64
37 12
18 27
10 98
26 3
98 68
55 22
65 3
5 26
35 78
48 29
51 97
20 88
19 69
21 91
4 73
10 17
26 39
2 43
94 15
25 59
49 23
29 3
57 12
95 5
58 47
100 68
15 33
46 42
78 15
3 37
2 54
86 15
94 38
47 32
47 69
62 4
1 52
1 8
5 46
77 32
81 20
25 36
43 61
40 89
42 28
23 98
23 81
15 53
88 21
51 78
9 55
70 79
50 6
32 20
40 7
19 65
63 76
91 60
50 3
27 48
9 15
59 17
35 61
82 4
38 91
51 15
48 41
36 61
4 21
6 24
69 61
22 73
91 57
11 89
60 35
63 83
3 26
65 57
94 16
40 96
64 52
15 45
90 10
25 13
54 66
67 1
85 54
56 6
45 95
31 26
39 8
75 80
45 20
38 38
23 99
61 97
24 37
12 13
72 32
20 53
46 88
98 28
38 99
76 74
34 28
22 75
97 98
16 64
46 42
85 77
73 18
47 71
52 83
55 65
16 43
77 68
98 49
32 93
47 94
92 10
83 12
37 30
82 6
28 49
95 2
67 53
92 33
33 22
39 54
20 38
31 85
35 43
95 44
61 24
37 7
58 92
34 17
24 80
82 55
80 96
14 15
41 31
46 46
82 11
20 70
20 3
89 99
93 94
65 57
74 51
86 51
66 2
89 88
25 29
2 40
74 14
44 14
96 19
47 92
79 12
8 35
47 12
58 54
32 7
17 41
94 7
8 64
55 54
99 54
96 19
78 13
6 47
63 66
37 60
93 85
26 9
70 69
77 88
8 66
69 71
6 41
70 80
8 88
92 58
45 5
5 77
71 99
41 82
76 58
24 94
27 16
87 14
47 28
35 61
8 58
70 13
57 9
93 98
34 8
32 36
4 74
48 51
1 97
72 99
8 13
62 17
60 34
83 25
12 97
51 33
87 65
38 12
25 98
66 99
76 100
24 13
99 41
87 48
54 93
26 79
75 28
85 79
15 27
73 19
40 67
73 63
55 32
80 93
49 29
