100
10 92
34 81
68 49
87 14
8 28
89 31
59 4
49 89
71 29
71 44
26 15
27 63
84 8
79 36
35 6
38 100
1 36
93 23
85 21
92 27
12 82
6 11
81 56
14 81
27 37
20 76
44 26
100 95
68 79
15 88
80 94
75 64
28 52
93 14
47 95
93 59
26 56
60 9
26 31
32 15
79 18
98 20
29 61
21 23
79 61
69 2
78 81
8 47
83 80
45 71
38 81
52 31
26 50
69 52
46 95
14 2
79 85
32 43
63 29
68 100
77 11
38 23
88 7
44 13
94 65
13 58
52 69
71 72
94 44
68 64
86 3
8 60
58 65
21 72
80 80
99 46
13 16
33 9
86 88
97 11
44 26
82 60
61 69
92 49
5 62
45 34
51 58
79 67
93 33
87 31
73 47
34 39
78 95
9 70
87 36
85 31
3 65
11 100
3 20
7 93
200
53 9
52 64
60 65
22 59
82 62
1 43
60 72
46 11
23 44
8 50
83 68
80 28
95 49
24 71
13 20
45 95
78 40
96 71
87 80
81 44
89 86
4 92
41 53
68 79
2 38
74 57
61 59
88 64
26 97
83 97
59 40
21 13
37 63
43 16
24 61
100 95
77 99
54 26
87 50
88 4
62 26
99 28
56 59
55 90
68 28
91 63
35 34
80 90
31 68
17 68
50 53
39 50
45 82
39 65
31 40
33 6
44 46
44 10
42 29
37 93
70 12
12 69
23 63
52 62
29 82
96 15
61 90
16 74
75 19
99 69
30 6
25 14
77 32
82 85
18 15
7 68
19 40
57 96
33 60
36 86
47 28
19 87
25 91
91 27
39 34
30 47
80 2
79 5
15 35
87 68
99 28
3 66
51 20
79 28
39 16
92 97
21 71
8 30
59 42
8 92
53 61
24 48
1 26
49 12
27 70
28 47
13 28
60 23
41 73
91 65
40 15
84 88
44 71
80 78
74 100
81 62
47 4
31 8
86 98
54 41
85 1
66 79
38 61
90 53
69 74
62 85
89 80
20 96
80 51
47 80
79 12
66 40
46 95
25 85
88 47
86 67
65 50
8 77
24 92
9 65
9 75
50 59
16 34
77 5
16 70
15 50
29 53
97 11
78 85
65 60
11 57
75 23
40 57
84 5
23 78
60 30
84 52
13 90
88 9
76 31
11 99
72 71
42 72
94 89
32 85
4 90
19 90
30 76
42 86
71 40
8 94
10 65
42 32
72 22
83 52
24 87
46 11
94 36
63 39
17 77
71 64
100 12
13 11
62 65
94 92
30 13
73 71
34 21
93 81
9 54
72 28
36 31
82 99
67 47
24 26
41 77
90 87
83 74
32 72
23 13
