100
56 23
55 4
41 96
63 52
12 10
36 18
29 37
13 43
8 72
18 12
80 38
93 91
19 63
96 72
43 47
76 11
71 52
32 67
60 15
42 70
35 20
25 62
98 74
67 43
64 6
74 70
89 42
96 14
54 23
38 38
85 60
19 71
76 21
70 39
29 38
23 85
29 46
35 87
76 48
42 42
49 76
4 62
80 23
12 22
54 94
23 79
44 26
58 71
78 78
99 8
30 51
6 75
10 25
57 77
96 5
78 86
37 33
55 31
17 92
14 74
29 98
76 15
55 70
32 12
50 3
100 84
44 83
47 44
51 76
85 97
96 70
95 21
47 32
7 100
33 18
96 76
8 98
29 57
38 6
40 82
28 4
39 22
62 72
5 99
27 1
9 1
51 70
87 81
17 51
99 26
36 28
83 82
28 30
87 21
13 81
14 2
51 37
13 95
53 91
99 53
200
97 53
86 41
16 96
48 39
35 46
63 79
100 37
14 95
99 78
16 82
43 62
65 100
23 95
86 94
90 73
35 92
96 11
50 70
31 11
44 59
24 89
30 50
67 31
72 18
7 53
86 45
64 92
45 34
61 49
86 53
83 25
10 69
99 26
92 46
56 76
63 96
84 18
74 76
86 15
34 73
81 63
43 1
26 22
46 29
22 85
96 85
51 77
18 51
42 80
30 13
43 12
70 18
81 58
44 96
39 79
35 52
83 41
21 12
14 98
100 57
10 75
87 58
71 57
76 90
16 87
21 33
49 13
11 45
24 31
16 99
29 82
19 82
99 72
44 37
45 43
34 27
8 18
99 96
92 47
97 63
85 40
46 94
70 58
77 17
20 75
51 43
59 33
45 75
80 99
46 10
4 95
80 45
20 67
11 10
68 6
63 86
60 11
50 13
6 98
45 45
49 44
66 18
96 5
31 35
28 86
76 77
6 17
49 37
68 90
3 70
25 39
19 98
79 73
61 95
71 15
81 27
82 37
4 89
67 67
68 8
38 84
64 27
24 5
58 38
97 85
65 48
85 10
12 29
37 16
39 80
64 15
62 55
89 19
46 54
100 5
34 11
64 66
60 67
79 40
20 27
65 52
50 40
99 88
64 39
21 78
79 70
88 5
56 14
30 26
21 42
37 54
51 49
84 40
92 10
50 89
44 61
15 10
60 51
23 36
53 51
81 66
12 34
27 70
16 69
32 96
1 52
95 55
83 95
75 13
53 42
64 43
32 45
22 22
14 56
13 74
92 30
12 79
74 28
82 37
71 93
33 54
90 60
3 51
90 44
29 66
63 48
26 46
41 32
96 94
66 93
60 65
84 8
50 26
56 79
16 30
7 22
95 1
90 22
32 93
97 1
