100
51 90
48 69
95 72
3 10
36 83
13 16
2 39
71 17
91 95
17 34
19 100
6 78
54 6
94 5
57 41
13 14
97 77
6 97
14 78
16 75
92 33
93 70
71 77
73 8
14 73
96 92
49 90
16 70
11 52
73 34
51 94
90 65
10 76
40 30
26 87
75 95
68 45
4 66
45 53
45 70
42 5
54 28
59 94
49 47
49 39
45 34
41 23
69 4
90 70
14 10
43 48
27 5
67 11
25 15
32 79
74 36
25 28
95 73
9 34
45 95
24 94
53 39
55 22
42 84
11 47
94 8
57 60
50 35
17 50
63 16
56 53
77 82
15 32
15 80
28 50
37 100
83 75
76 91
19 37
97 75
28 74
55 75
63 45
34 95
64 41
57 87
6 88
95 23
30 17
70 53
1 31
6 83
4 42
18 9
39 99
30 18
42 62
89 90
82 78
98 89
200
31 78
77 39
86 76
67 82
26 25
97 55
94 17
10 37
4 18
29 26
92 81
15 42
19 78
100 96
7 66
95 45
28 8
51 59
10 3
44 6
45 67
45 7
12 1
27 19
80 98
57 92
93 54
24 33
67 14
78 12
11 74
5 20
88 66
84 47
28 33
39 47
98 15
9 62
59 91
72 72
43 24
16 33
97 24
8 93
65 54
75 81
7 32
98 99
62 21
13 59
36 35
29 100
78 70
73 100
68 51
78 8
47 92
56 52
73 56
24 20
89 26
2 30
72 16
93 79
12 43
47 10
93 6
3 6
83 58
84 29
34 2
68 66
2 95
16 53
23 99
34 5
17 8
95 92
93 52
51 62
11 84
68 35
90 99
31 74
79 23
48 49
51 57
82 10
99 73
99 45
43 5
50 94
79 70
63 83
39 72
74 36
65 71
32 43
40 77
50 3
36 95
65 6
10 46
16 57
66 14
71 23
42 17
45 87
70 93
66 22
68 23
4 1
78 25
12 94
16 52
43 84
38 12
67 26
90 70
2 90
53 80
75 16
12 86
24 92
37 94
57 15
57 90
16 63
80 10
5 33
82 60
3 23
75 12
13 53
37 15
25 84
77 36
81 65
71 32
33 85
12 34
7 6
66 55
52 4
53 32
32 56
26 95
13 97
66 11
81 57
45 31
30 62
28 24
36 73
98 81
56 2
23 13
41 63
53 23
34 52
49 88
50 91
12 34
69 60
55 91
9 42
19 58
62 63
12 2
29 95
11 70
56 23
36 7
38 38
21 3
97 49
19 6
9 47
98 86
87 5
32 65
6 10
37 63
7 67
58 23
17 88
75 73
19 48
4 66
7 52
89 87
9 98
93 57
78 27
45 42
76 30
42 57
78 49
6 49
87 12
