100
50 66
97 76
2 25
97 67
73 71
13 15
75 17
69 42
57 19
61 15
33 21
37 80
53 70
37 45
7 6
57 96
21 1
13 96
64 47
8 28
33 51
58 100
99 43
12 82
65 53
62 48
68 14
42 90
2 74
26 25
100 87
42 28
15 43
42 31
87 52
58 93
56 48
98 34
13 68
53 72
69 19
12 77
88 77
71 33
96 50
82 41
1 50
84 81
15 32
94 29
86 93
49 20
92 69
24 35
68 87
12 51
60 21
84 50
16 81
14 91
45 74
5 83
62 74
94 85
34 87
40 78
11 57
59 77
73 3
84 10
27 28
41 65
4 31
73 11
65 47
85 50
58 26
70 43
50 47
79 36
96 41
58 9
33 47
63 16
5 97
35 70
56 82
12 41
60 45
41 88
100 52
64 69
37 83
1 90
20 61
73 84
22 85
21 16
97 76
70 52
200
64 49
84 8
18 57
78 56
34 26
20 72
78 22
35 65
17 21
74 37
72 31
28 82
73 41
67 36
10 35
21 69
20 63
97 8
95 8
100 25
53 21
25 41
85 12
45 99
54 19
15 96
19 98
86 87
67 23
58 79
50 76
89 93
1 20
82 72
98 43
80 89
96 89
59 40
24 63
91 35
32 25
98 73
80 88
17 100
86 86
96 49
24 4
32 33
13 54
73 41
58 75
40 21
3 21
32 2
64 47
20 11
23 20
68 60
38 70
71 57
74 4
51 58
27 89
66 29
73 1
3 26
31 20
41 24
87 26
28 85
30 57
34 34
56 51
100 25
74 46
76 22
36 63
36 77
91 8
35 22
82 27
10 99
61 68
32 7
80 49
99 27
32 43
52 48
62 73
17 17
79 39
43 36
46 72
91 17
91 49
55 49
41 34
37 63
31 64
92 17
25 50
38 79
70 22
63 33
79 49
54 67
61 17
1 53
49 96
42 49
95 66
43 33
50 14
72 5
39 23
21 64
23 96
28 1
28 38
54 58
82 62
4 93
33 49
89 82
35 8
7 77
74 80
72 34
56 58
48 75
67 81
48 61
50 46
33 42
57 95
46 23
42 34
5 81
13 7
3 17
46 54
10 11
26 58
8 65
73 81
84 93
66 39
95 49
49 96
97 53
64 83
72 12
51 12
29 15
67 57
88 52
48 43
67 14
35 1
57 42
56 24
58 6
47 82
95 16
71 43
75 65
36 78
85 64
3 40
63 48
43 60
2 2
38 30
83 27
51 87
19 44
47 61
80 65
83 11
50 75
76 44
11 34
50 31
63 73
51 41
93 12
92 55
5 61
98 89
96 50
50 26
43 13
78 12
67 78
22 30
98 12
73 74
6 45
60 95
34 52
