1000
397511192
261510053
407820239
332299218
322809782
913697305
396805476
60100265
622024813
903730760
135436249
904354532
855497034
932699279
695972171
324444916
238539898
724090679
180610655
833526513
804426081
593020334
812716809
633727866
513507824
942768083
629216242
182382699
576470510
698494256
453396421
198530456
117358634
273155920
598545342
162668722
597250043
319200042
570106794
933552397
938205198
42512165
588142574
735186539
817268834
380799662
644671229
760670768
919647623
859909275
731051100
836775078
275549290
969368008
843040605
58785013
41243758
271830956
290127424
747652478
292748995
372781284
827608832
559319998
58652865
14592377
163137715
68878501
670313858
320943206
19470188
5971995
26422704
635360274
229485361
164287962
891111957
814755112
248113305
960086478
264550544
199117887
640586248
177517917
637283522
283248820
806034664
120226098
69173891
926216378
586821682
265508514
958614495
198961647
943777584
217515699
583697789
842085834
406218793
206071395
145195800
98400421
253280209
998006631
675494950
878466300
575752408
353633632
821094488
961983003
8146890
448727591
809707579
371604470
522102651
560951450
477860712
886376604
986253060
494726698
959853765
483433994
408418871
168046018
942928246
770054269
431838200
760149619
502523421
557784738
123576649
265459786
610940627
47740260
877792870
898439913
838233748
189103207
178715203
4745427
976871309
482303748
256885159
162325614
446315643
952254775
337031507
12132024
458640901
449541603
801160177
644447114
840678698
895213334
892097494
769487478
285566721
675886028
681007292
693669084
997134552
109049816
462220498
927472229
975449186
573543727
417103114
347908926
950460561
260319147
838831613
309144905
564200064
763467485
522077067
846256433
884892008
379240046
892640767
353602724
355707012
1884890
768076926
755505190
574484875
345843879
937548317
167398366
462545999
74163680
4884369
366329430
437474223
3863200
192412905
581159628
417016971
535750100
890103896
519589828
774080577
361573972
388291636
84656993
36226843
275973266
390241643
374457390
226821988
351358339
525582157
738706126
872616121
442823960
805561950
822731870
453555058
321009458
563166819
118001332
560110561
340184541
342716430
280550782
55008838
851862460
467102586
363732778
168904318
230412192
505144331
851082282
754914376
807577986
440236308
699793381
71134110
884657729
314776812
309904207
514278137
593825101
522140223
319977173
383387258
112582676
834622637
290378045
498024718
384812704
873985321
270012313
244214244
783318715
305878925
533418354
676175460
41018629
798059753
802654044
693719258
390298145
65142183
959115959
62515160
336849917
55617908
164748472
335992138
441848930
326374919
543935561
47978975
289423402
609539171
409882730
641262031
835991745
786720524
619983615
537075649
554323313
667548339
914491669
652632066
320375536
516077686
201571064
376834063
114923446
330927201
589218467
605137220
257233648
278321085
963183600
474062842
280107959
212604086
754558989
248390400
483727179
855637990
652054923
127592620
909233221
1370040
92968421
721755677
82441582
104129067
225826195
220245251
559351119
264469258
808672188
477085658
25063296
209332134
79069136
515393592
415388253
707304993
385827145
706238766
109347547
738577265
471944756
948273512
579401605
678178779
212749986
409119173
977101383
640658794
398534710
98750448
396701513
26917152
844048011
437632245
728545443
721851124
169339210
791931402
450706117
270458674
467656853
210437198
117370015
422031047
567676508
704076558
137675862
573122800
823522511
310914002
955637885
101406117
938885045
196837342
168576598
286593693
186504106
38779869
693523457
391323843
842484453
670714025
100093262
39909180
593302886
923907348
832598450
144183227
342179470
690939629
122027291
884346676
114314255
678511102
96494030
753559512
473909908
378616315
352454842
518043083
665478752
820818993
930289941
689554357
982865760
899011626
384586598
537346226
207378485
83419462
775692354
791434507
339451532
432528882
80364121
712945294
693614257
706193680
73210072
897807729
147933510
783894502
88071860
1817008
315883740
415072265
540960620
539856900
658583227
746833749
852116637
891214761
829354539
515434563
994311482
772723993
975896827
738180390
944945086
71210286
351631022
852183115
948603672
435696216
849284935
272433671
957178784
648693355
762805618
269096901
108397349
794175400
341997013
184630501
855674228
93069008
994147759
647834379
789352775
363433979
128052513
688012928
573541091
484577209
463256651
615369623
228571953
105173105
885595909
11969018
476682147
854040350
328815173
171187601
984609389
842886834
670525974
571159
533423502
359484821
43981463
266550799
165505003
713146808
778189351
590962166
495302271
546376734
885157765
574391504
317115876
190082589
386180206
55311259
508484956
194080981
322462592
97248694
292806661
848802207
463608454
567090577
511712051
989949452
647513196
308294901
93079000
221280659
106360736
31429207
81483541
833382632
297654551
849380152
161634636
620643206
232793501
487903321
450166965
704568164
808685903
917233161
185075030
602217468
312930094
186872216
379945236
517538044
882001806
856420696
494983476
765658312
417906260
697250097
144732760
605187181
25127380
277353746
335597016
830297947
406909857
558444083
746577973
975320687
440415909
924520372
780998357
596774282
308831466
673405136
608145422
76160203
2716190
507596818
539642547
398786573
342038255
25882602
978125676
203617975
290223019
443507852
2223234
979918855
315482249
131968673
42274264
954627330
627973122
670226669
312607175
309181977
143994318
63173935
917611879
993491743
989361229
799329530
734203335
816225308
497242944
822138660
219935114
916973157
828168280
857624691
648210522
507839763
289338907
868175771
990591125
223496213
719652220
666068456
470933027
740872950
779579791
129777924
226078750
856429819
867544857
55378573
840515010
176793865
758767352
462575332
277503689
39584708
208446211
24949428
847637559
775325910
668633193
303128441
5133292
447365603
827237367
285543943
897284824
495985467
192023521
162019912
390011276
770242172
380797014
44838600
780103465
190304862
718384829
818067239
324268937
682383347
424793420
593148056
102567806
773121387
402858419
115781620
110508658
954892665
161017324
61630124
769872833
416772639
294821626
103290439
569894678
117520028
915663745
416096433
346138728
869798719
412902894
455833686
995952874
634104818
829223929
253327020
177209496
814871110
8450583
478795335
605702013
514238340
390154777
497369359
683799372
798314859
468536631
22437577
415877239
243455892
254655128
301261706
491437846
936278350
627899362
378808773
610677720
468629351
390719183
733794074
148585536
850255582
746737147
984674761
408155643
644804200
140248850
914386891
520537096
426540777
476099523
358419901
830252069
613639677
783185690
247075303
507837326
589894498
778839575
471396887
451507201
264363693
795626903
606245339
66702293
89684589
350248056
680746623
407911395
696297902
822626214
67924283
639010482
470645725
543623999
399896350
174564727
77114408
323593848
761337343
826192391
990638647
904288161
682966922
20033390
331410836
701062684
245213170
929164901
669804828
726576431
286015201
763275137
110384235
386078802
758932879
935473654
357939588
228529880
907922261
268858656
210298592
722320091
112923873
569658819
646984332
901569823
78805968
842641141
972763858
711090544
509311951
293640265
720600368
177447343
329626235
300501366
317031554
479683700
320046172
999909760
699073152
575699566
107867128
42558983
338827393
369347921
379836026
596917583
609488562
692464845
921154719
156726022
1413342
640815004
815496607
410008635
718214809
471246755
180160229
311863751
179875034
416551946
170480791
625842291
936377331
866357903
777563056
955857167
49630051
986865790
145294466
371716715
141905741
943661414
968346691
472135880
717428660
737959138
619869608
366090206
420390627
438439842
87553119
184689615
565250849
917504323
113708109
304438407
692866461
593648230
308211909
118063005
540224963
575522824
927958871
160931849
968088097
860585218
823476134
925161273
894253867
263519838
52626629
96224504
94788419
379291070
632394567
373203210
286169249
752693278
866048397
832812630
626050221
763137530
78419659
970785456
72931430
408686553
404777946
419071459
232194843
24366862
689240497
14446248
92173227
22850758
399662442
719896913
816874575
917767637
993475199
312271558
669049903
606212195
831080142
889075302
584007621
629692980
878127066
945167951
922322264
564056892
665880256
953553353
11373405
24793033
679498570
809901134
317773499
411644430
329617622
180765316
526290675
340797763
155685493
689123304
325552885
229946495
358525049
580339366
882617913
319462714
917703038
781142022
405868273
189989802
556645731
390294098
198216102
811228187
774783037
528521232
123094320
345687851
704360362
989164854
914742144
3879315
263615239
601911945
361768533
770429770
480492806
510361625
864065224
782633349
147258031
198433526
423475536
697687968
328207967
713113577
702228847
822348086
698189619
819890548
132657447
278720491
694065179
847989537
111445785
903424392
485068032
168803459
69201226
262550327
250958070
623110887
39425902
800430547
165461989
684939005
512505525
742694785
772826858
976268142
135507405
892375613
96661125
332657843
691873976
49736397
827184286
278229804
745385352
597945922
323979
768401597
62013685
598595773
795462605
787887018
327560502
235126986
900317461
840763999
361144726
924201301
567893
37169753
170302771
516815382
774296337
772670206
911458639
976983000
196678407
203742797
220172793
706868701
271081123
527233357
153841783
76544162
966576613
646699408
962436248
209744427
403052882
669836692
592766522
115051400
708892105
282382609
632847005
590709838
935573416
313200733
687524599
686084133
446328002
502534550
393391515
218871942
64901741
44678252
627804859
578224152
747790080
676269066
197558976
571250442
932513999
17331741
60722247
347947128
23034091
541690742
289891144
288969583
