5000
471134859
856672017
381553148
51724098
80932810
234456296
97429798
790216306
123611719
743141323
957039399
252502400
675912287
221340353
820480583
745176517
121817810
234845166
711643859
507401559
586634145
314290649
846358683
451906654
407488003
55563792
320323608
151177124
332094139
211232823
733689115
904126743
475431871
496964616
10269427
863283021
99409283
806369104
659467537
198971826
155363647
933198854
938691151
309271129
110419666
845651998
82233787
552662762
812027497
598326718
474857658
772191625
85605980
58113939
28961616
913416431
204748690
483235627
104760343
2628865
889549313
547303615
342218917
587884004
498800300
961113899
771027389
745491729
818087575
445800633
236980247
214599335
828138796
492775719
177573449
743264285
866883867
629306449
437009843
472836819
424777502
105463626
622439246
560384747
256372585
407392681
313733807
333312545
271057869
211515507
195090704
15839576
108588372
48255885
564285552
639873556
888264517
363751738
933078154
697497691
167973258
697020510
788305282
111080535
101260742
832110206
874432827
748050238
994433065
654356950
729864024
536570044
617441629
199304151
747643424
936794882
784415936
444676058
767495690
603186124
167814885
118702463
625748077
587358309
832019979
475977609
830149466
564786170
737828344
324961758
849126569
203640891
280737726
870646253
78363117
568242389
372700253
57718887
478681048
604905692
634440658
891220469
214338708
663257653
265206778
991431775
354868635
223312467
718146552
484717470
255350860
514890014
31343324
292731496
263442135
332870046
747466446
851675284
77153198
349663458
347316500
557570523
355469324
955234446
341496697
531335079
847892252
613990553
846028309
383913875
999601547
365897812
732292261
16575324
720337343
81261142
849746324
156551874
180015799
328949274
939720010
889684912
974954699
531031908
248223106
378068096
373033975
723746725
188942143
960466325
874058457
207085239
592647281
890373575
585721768
892345853
373954486
929844398
892447782
406484298
301069789
66398474
254289880
680573580
553928712
17538573
868273507
854501690
688092729
431283337
734481593
839733995
55175182
522875905
580712214
660789792
311097882
713857387
71440428
976417371
752209059
757241891
44501998
493791752
269737353
44530467
931147957
982726865
217586058
108370328
582243984
161758563
897341941
511930032
2036910
977747364
783005283
764749149
477402552
596803855
650081184
446130396
576554612
115367967
867781598
578005106
557530089
973294317
163539404
499511961
329143675
59206010
105954779
342430645
90709007
729362785
600261960
295927515
226075255
552202453
893461349
634245227
746316016
477719056
66591020
583729199
890783031
744401705
435826666
826458190
756255133
695328890
172725920
81753496
465085455
757731695
663583551
854212277
361507967
589031932
297310831
288158013
10522598
539406795
171443138
69289821
756557798
611592855
416456301
285782854
786111600
707133174
713692360
1566529
881547368
496854472
660262426
495158666
242034433
119437865
325659905
511321240
954491139
206427276
661784222
357858146
379939179
639290591
776879144
139988185
585230598
188678660
973583481
334696112
559350155
350502365
821268980
620543748
174529837
543564974
417916624
184265507
69309425
942586995
590268673
481748070
258288005
314617382
249917639
313399588
758953595
68164894
946940041
809128515
95820288
402127281
185838105
413619631
646430734
330485951
883860416
695585137
676900754
771470992
104751102
790052732
431207181
948029479
8293325
994864647
301259478
465416317
979070525
187106388
855743390
716580509
599377505
867019241
567194796
358037616
966456554
63239082
10299111
570087525
380774893
551590140
156630737
452207107
183262918
709631803
450028248
648403515
999458395
793537571
119718154
689145312
204444990
128644884
866879599
405238033
486354813
368894250
994804192
340578710
622363592
261604393
582817326
683566316
786190663
415504607
953964249
821979879
484957954
638678741
333400160
149978051
47673106
228718805
131441999
550729001
657168658
212466665
714115308
577021319
71425349
247238339
463523543
695946583
388838479
52608281
569044222
475272952
641873184
321615864
295002151
783919763
744922637
824300542
51571109
952652684
1957514
284009126
726988073
499942136
201789490
362692620
645544101
646739242
610342521
321108437
757060522
987821142
113524402
505059878
207888476
238751954
155007936
955097662
986781496
783503789
929091980
977465911
627600213
26137395
659299494
362541096
393220798
381144550
228813768
623765723
49336227
206911818
443908841
727796286
36466742
905767267
303571170
231011323
671247702
997198260
452407610
711810057
685975824
794833405
884167886
748631139
250194369
908157802
155374810
594146233
78318949
864482178
429749441
282535497
802687802
803503091
364739003
490980885
773261449
386683770
982104985
362167157
964874313
664772670
130281342
197392772
934603035
961587500
820374909
634813355
960993325
98710488
967262234
499805238
372134452
683034345
649696182
974568852
113102827
286244616
434666767
846596149
748830671
33359512
200989673
760377790
934628693
410858676
293394169
114076155
109363157
208192485
526317132
450007846
643898696
265791927
434877990
986883819
243794474
663734572
877091409
791040111
738774735
201556496
801316
816113038
482042446
814037260
496191185
492999383
867073248
407462563
734520287
808435371
312865559
352618759
804013863
505877129
363270851
965286460
292649736
758555482
483187186
281951986
280080974
868624823
106116907
953199508
959346015
926747352
71711529
524259851
367702689
760665694
43696338
169960436
718884902
737071156
944172823
6613779
719274545
700383806
386821781
444595655
69016198
417376792
794859133
168545245
279426142
968851011
83905849
582579863
401703987
559405573
935443490
841875665
581989590
27513613
616492278
578597003
895147439
34640758
561999690
61362793
124320953
841943964
662854482
612140976
38830420
191589052
868573365
352243726
84845452
634259788
865983321
166631075
426125355
445783261
116241195
492524064
251790139
56019132
882434690
285817015
642026441
265795738
789507129
851444219
507574512
869433092
733461067
978847727
415534666
155731709
295330410
463022762
285514204
979115338
813843327
796694193
34446735
352887196
44845628
361111494
266680956
89044038
345713850
960192216
20459032
20013364
730459951
83878188
61558702
971389117
537328645
207800085
278953463
443089227
252138211
669708518
139891953
542060809
983703532
398438238
499255082
95518711
588172055
875173233
220157431
22209178
525838663
400295559
496282977
718473387
207746152
987089110
202373824
307528410
312542052
875157120
850500215
439210126
105244448
251540766
703341726
884371527
559882352
171550677
652165373
78896791
642468069
985980087
837639745
941823854
167426758
978423917
618386354
696236933
348926886
750739233
265405568
319530470
652513351
874444167
221487408
459121545
532910365
202941986
327677560
282733596
633716252
725376516
446686280
921356362
747522958
56948783
68654260
726105976
755146925
422729094
260828292
940097135
441067417
330707052
114295978
514894368
55167732
868289816
398657769
51785042
142149804
218349923
360435811
162272918
645972052
285836313
779730671
752893912
805220517
404062384
563541527
875633205
840437539
959869741
184390644
893673713
781470275
282200667
163481961
212478179
168391862
996273087
237853463
320022127
925453612
926544484
353832988
440259063
4424210
622527640
708070589
375047265
331172393
568851450
957402514
155053144
589484698
621042531
237877463
474490925
933481646
623906841
469309859
176042215
34813608
511053774
892070654
403311438
248405864
735643074
594460454
65973334
566656630
528869524
389288513
959404432
77507984
766995037
870526507
549465081
710389900
799048716
651203860
440932436
945633527
723133940
874929195
242612762
230852272
261434877
942551135
297498805
306442741
118169643
371355744
117185618
101316588
173151129
725132893
520359172
165170957
436941168
789175525
661594907
658058966
38781029
968353499
170521980
716161555
842151728
136433001
64462195
376779138
317558904
457270030
447251818
799300634
944386940
682748140
244265479
70642756
631727356
592488296
628858064
675943439
890283283
111885942
692131543
288709891
227074691
882069211
685239195
284223318
909975826
698100099
291071928
134095549
484811426
49504092
204560116
829347091
379137947
325630926
126281185
185833149
456375426
800916862
129720701
740537920
995549795
227264806
925632448
949041201
817308954
336839409
541949465
63527281
938407348
158227565
634827244
65427614
853070444
55992682
273151826
453373037
703586168
791060278
561214665
213579206
452266638
553678414
763222266
509719975
338162049
210569202
333613169
467525914
533275521
491216709
988045563
814640176
129623486
998644568
684636670
413878467
709475727
24763644
311764830
667998881
892647734
94382583
241703931
224961306
874269011
655643486
504876001
414166613
314689986
675773432
429583804
415129866
877428080
862242559
420824353
415213332
8694188
251870900
76757190
410395694
843393380
995425638
118578196
111553644
893442546
264283502
85351245
452976240
73985070
787443758
172058174
460864296
372496878
920598184
61442798
102020070
32145093
673076336
581423878
111810122
963784020
567318157
495429572
55561598
569450219
710373036
719754316
404857011
255902682
660099843
87477156
284812476
310842684
949415399
781992728
421999525
843222493
362286060
64491869
156511749
553520580
456040771
974621692
400054949
897981853
310808750
433488414
865067996
5636708
768410062
934985293
265604953
103169599
163114191
141217443
201147448
656279679
174509133
53792254
335854989
347307907
823566094
378859276
15793805
994747811
151688611
561314912
966721891
790583839
665682369
927667709
618168608
114254273
89897798
184374975
514862898
77769571
4426699
860797969
165951501
470801040
261705463
621596104
227869642
159324376
667631568
898627766
703473135
463359482
766690520
133014491
745126580
865609310
726154630
598220975
260063369
360775680
548603164
641890079
922061736
86495413
891006793
610674352
386899756
289578370
550089471
860418003
79171937
642541948
531844406
638796393
482327223
199906256
280638891
53652609
326368867
27105873
420823695
272238683
321574944
116878247
747590495
726013767
239203416
201652971
901202586
761230171
991692737
367597609
507028054
814462281
958506411
256262931
86289108
379948513
224913150
160544124
250823748
154164426
304197727
778569181
716398962
24699567
980660301
993783792
455014876
878140391
696178594
483688189
377102068
771734890
748897791
601284644
366437237
881134565
803257231
409840660
242028063
827766109
371956692
688635392
721746162
247620232
38403738
344302283
770317262
990473662
764019361
264898015
838150123
786251360
561965271
727494627
259244933
826942143
982182398
323240683
491458529
634814523
100227603
302353667
833210750
552692903
599714244
452693022
233213019
676769347
503203890
419405314
743600078
259807615
599543828
804372753
569349470
42342268
446939306
828181944
806379229
638941026
191712749
651319260
73736305
882653305
822343578
677850368
659048206
863490570
423941916
961366895
979193075
897976070
911376742
397026053
730122276
782324456
293492432
636253126
676659461
876589046
372415498
873129142
851068234
757324271
44069521
120827528
550703601
86047545
67518424
752969459
186977855
734751501
832851637
825478019
45141191
543435430
734956151
417075872
843092517
210950622
700586684
838448347
763742834
180753472
398112208
208819363
531651266
590226806
149183736
564286217
458625533
141777275
629076571
117943136
263127615
952011933
630047443
435286852
98743784
162876620
289467171
52982615
203391168
116082365
630792801
555073888
853610527
142359035
892647253
839214013
820694261
406164522
665408176
407596241
257237367
798059871
300507390
568510468
513418937
915319983
473960915
552702414
425314057
42122324
894449731
697006476
337136144
960316937
361131582
99009696
88421034
205526125
945546899
76112470
940745597
629307565
599234604
154674798
867375832
125555543
986862661
207883138
412481195
757265977
584745090
362358471
394515873
372103671
964389501
968742324
770278938
818267007
681320815
910974531
951199300
974013238
230403219
871300464
677714263
567507500
893699787
494492005
980167623
478229140
632023638
941978025
925908466
309126671
423084764
19885431
350413553
174881621
809256328
708078752
804271491
396882238
37714730
783374357
660949398
99288004
152693561
700889280
939835167
542497242
850836933
110355525
588160257
675917992
370243893
48269027
274695207
821410702
903435610
531427788
551270370
618086859
769669025
200910379
776037618
57962246
821599510
45460393
690980549
871219356
547478235
62639578
752844167
8899056
982237330
501572063
44580527
553334635
447846868
176517061
852189581
570715972
596554887
616687419
41990232
749333648
821549299
611803520
454946690
747565976
976738746
913113247
209074094
868756777
800995013
240343150
717837918
943553812
349046866
556330934
758976296
965737758
629264670
856650082
201916366
232617650
927668029
518641039
576669809
898057415
444910496
726831727
536323449
832787033
610028417
304745677
484763103
810305232
745765834
311976792
591531621
195905874
425292827
114231894
208671668
684711589
787892531
703424760
102539950
526381024
972562172
194455577
284877887
741588772
894615740
371261311
485549192
402497477
607539155
469107821
207042265
692759063
543233189
541839969
523739698
853824272
735799236
945553100
358000213
76105128
214747430
378715207
239357320
865102991
320691578
500348207
863664835
169461514
312366186
707686121
637055030
119470491
388293954
941402482
296109908
570591402
669988005
576321198
492581444
265548634
620069231
397987857
799810330
825616425
233917856
137958973
527526998
512309103
452259955
736080340
577007340
853317123
474779901
764342125
397525425
294176358
159877582
276271325
782452390
355969700
917802935
769277561
200599896
751454119
507131209
620307036
224895670
127906470
994057208
560263086
813870021
288136842
838766737
455806459
64183633
410148793
994716019
413685669
711075909
130564548
96580810
803827679
695551963
570763212
377111796
754870
727445786
213943963
895597958
647101563
330821402
178155300
464238239
258195717
27562261
373181838
232932038
110790447
484044879
673484859
154855642
177739410
407548262
266903454
82265939
186892811
27479556
35332237
466063549
462768924
543440776
309325194
573024035
619113422
942143685
941742997
995036852
831167711
442526722
423775565
144406205
496904993
354774921
895545534
935149651
912524926
470836524
796402687
350494235
522680540
149106535
25551037
411539098
53977851
174858904
140892895
94201252
218802118
929220871
652402041
329962935
957135804
502449391
464377388
472952520
953845254
782093911
654596932
498040059
907665726
437169974
469801524
845378495
67933749
393015578
410710185
116419741
741721361
403643611
720473280
317434861
267900868
180580442
917497397
513955794
135950677
117065813
770948374
367267474
412064793
542639383
229100493
15195707
377973060
480564762
528802234
178064389
523030192
989200676
523733465
319676075
492559479
552406575
816086224
23955198
40975295
240430106
708303635
194812500
577089273
451047591
826901849
502304366
728277517
234941290
696594855
724580452
525506113
734307688
590819395
557524078
359270712
272300890
24914166
364986751
710847682
250054011
73538677
139031729
886418236
229586838
753418177
880121608
852609589
28436157
801079828
415609684
647977408
803702385
949444742
414181535
687003476
516854528
93699811
143649959
574439914
943707982
9123285
354892914
934637749
270128909
849715742
368754025
84648376
991873887
613883601
117366432
148817783
375821327
128860481
98969647
77800687
375689784
141443149
283793537
653641411
212207935
469581116
106929664
177883891
327611089
905830408
689500573
855367987
970846053
409050079
382150764
622950996
825737118
150417317
403144458
290626366
289827318
879618513
789642376
559958310
899719440
210272675
6634589
991138561
139386824
221395190
148433799
177148881
463521581
863159746
257564410
74128294
236489530
626868216
87068601
86097119
873587185
604883444
299100175
916347907
948259770
750881575
641673987
517017247
924174270
83024523
236109864
515388428
866993536
20506933
786735470
334898305
791947681
27491156
189011309
114980088
263113265
128932884
813595673
658901425
810535778
855038781
648050192
614257198
681005229
225622897
734715678
863564176
368920921
306142922
806023754
786649793
21734926
592440580
113055893
49732185
553018812
97349350
899177964
138705033
68539012
468726236
384271546
196337861
304618643
801161977
52113935
332392099
838759666
950048960
314952975
111449900
316945632
195189778
112759395
889506664
177787731
824456810
563716500
569190198
948508650
11513980
761569610
938095077
940141999
845856650
283431771
404548251
583706447
342922186
237557586
110823885
963518774
782012055
259639140
865940278
903542608
341897565
497711068
96397582
662599703
791256126
81206033
146536318
144316215
368007532
59913142
613363180
661891982
534170943
203491483
442381826
613904802
654552285
247219015
115111344
348569801
223762389
331018325
460421885
385053134
922802415
85365474
679939795
575708609
916020790
666160470
506254749
743646402
422331239
62158598
472901631
604635871
518070875
529301552
633503155
386612739
571869425
441635026
786341139
733713268
562974981
390835438
537277627
168206180
840519838
672394057
728588091
479111168
206203498
390229123
721592425
518257595
21758651
371162380
855979775
880968075
174798475
528044134
95397797
322014330
439762162
221116553
164750852
746461857
752334756
28399727
644526226
819592316
805174904
215788342
942322306
299591783
829293476
960813440
654744757
366630512
217970171
713475916
646207092
741224211
664393771
582282757
345264064
335741071
40825508
724242490
710563951
884733302
981119728
502931758
251992017
236172899
303996712
474741554
867300027
270001013
217822844
666804594
207088350
426054253
156004976
897763804
899361994
503312387
113114080
689995157
749391984
595028591
580185350
397959990
544279390
418083801
336844567
951568023
142897927
537887662
557822059
362588922
760150269
965819981
948448734
380629150
612984395
955375619
775625691
171424896
655769014
168555989
337086445
360791660
126321593
547425865
519914418
60289026
417963279
364296911
431876163
575040171
622611623
460121404
871737620
861013889
160769858
986455970
671104061
427937553
454768013
887967761
593807346
177125848
782125372
780056996
421726444
324042650
693382560
33323300
304282635
483760378
778731933
902021548
131418234
468596845
460916215
973980381
249583259
345112080
223244752
470739584
67581712
704875758
910759953
879032119
388441613
259793973
295808055
890821558
450761898
103068914
609831076
938255756
373068313
39248478
241767357
766669043
33231820
278170973
391793108
50586190
255852823
538449744
733981283
923045735
745662034
80929644
624171634
771927727
630560378
237666585
406759515
129801842
385605296
600018565
689468854
50501483
200302775
855869900
501854194
135700035
936662933
872594305
731354048
872921134
641975226
640787682
662855671
974906062
335125722
584448634
182859719
973792328
851145033
605103307
443067913
741521967
99689538
822384142
614271128
590573554
333559271
336866932
660796502
976582939
613946027
699564220
718694472
755184925
496352622
775951574
890670764
672245473
550091569
229481212
438399378
213016803
724504220
126692249
671901050
118666914
102517811
583500974
236281265
416264715
588270894
439453306
982895846
285629847
815012573
12331862
671906623
458689378
121639380
276390041
882574557
468426539
941347020
648227590
665474510
431309941
343642345
984569017
434756958
383595403
108921170
232349344
748807638
805003667
740048054
743857868
9293707
347837207
626360614
117435113
426609318
460126382
322870407
755236805
893416754
443866635
605687950
635325325
614012159
22131260
783493269
699017858
549416392
779631999
867853266
460812781
460452920
998766247
599849623
25003740
772043069
904037822
52388072
548585767
213394251
729488968
964423423
25181479
963900246
235550601
584633822
660749981
660334251
239422043
584384461
679307991
119666094
240279320
624411631
190096384
162529796
486501056
46175581
590278771
169031895
501355231
733424189
786615754
306253660
202077220
630258070
553990718
997376925
200451704
213148821
45096505
265818857
504058757
893049888
511513679
511085391
693899603
822738700
339722679
289953640
972150910
258915888
959679607
209054815
125556191
578374788
205426417
284796820
110963157
93320383
325721528
468447046
483971721
841266166
629768669
169288825
851111338
895271621
183168657
606710566
785161866
442614034
119494736
977935982
62404054
915594635
625704495
41056473
163232941
755251102
478540400
240997319
227706263
711750799
704591376
61835969
739252922
92123784
688851659
689653433
483909542
902660542
193368349
674454909
998420485
263471750
467000687
639815212
814443613
443446507
143432452
33921532
812885769
650948225
815112870
580393581
923454879
305604109
612951861
630681293
988289773
102441951
247760041
642277872
505261661
808455008
885421523
808663494
60416753
386656482
66763108
234735778
197649712
427186209
415764952
674228237
311465769
489999267
275452703
61285545
678114391
215222947
477644758
295299219
837772449
719333670
287260667
458074189
483139741
395461118
328931008
306412842
415148487
58742020
985114012
669828457
897827446
36345105
50757977
931266496
435533617
483213428
578820055
918416569
28707509
801890294
427815399
657153080
720336901
459736304
341506410
628939763
417494562
916046819
253448465
756696707
354144436
637101265
868564129
121015553
548981926
968492699
657225736
857423827
330381793
565535793
215315564
811599564
229605566
297120401
30998921
462018630
238044628
71985246
583617051
38596951
832004558
139544897
695108054
999902117
490337967
559547173
147865235
184147143
331792295
990688097
480309106
76848191
377433473
633045863
786281738
456525155
56009498
28071362
87254596
361730433
691362833
639281427
489022140
139223789
791981082
671947796
189155621
354566095
623477623
129176827
699050742
739070543
128126486
27650323
300931644
253140953
305868724
636616426
352265021
309024791
16730550
261590263
693722657
691797668
239008213
917014793
435000632
359353486
594218418
99586152
975638834
743868428
503909163
263732012
961155721
424880643
485350323
650481395
226693413
798830218
932148118
813944981
405209415
949219831
968617818
345673890
956600983
174153232
803476895
112567939
713150848
387536327
221985247
676830631
7208280
618581163
224522651
851272911
536274178
793217929
665411177
890082420
338728905
825357196
190987794
185512772
588346767
738910829
798292398
768818698
562312736
235182587
665531517
766994980
840964136
233295912
265951152
116229729
343461414
757211181
884624047
184921626
579455783
376179247
632428829
199012856
495421804
380444975
49460534
599130724
577209009
711435179
848569136
44712796
515081368
637815207
507064820
955896511
461110248
83977183
51150662
659044675
687874310
910098738
174701350
114154582
846453126
110162327
921893718
76493683
289361920
806507351
759440499
535804442
315699925
237530339
215172498
979923201
587212657
316281859
690522302
980784634
733565145
134433337
972216327
789663326
10007355
706501394
995907350
910051400
284650243
910756814
547325225
998685132
592585563
990831444
168885621
747513535
952460342
905100898
12928622
889556926
541816451
380384710
527007227
687303052
706375747
715282243
978249543
469437657
37781079
378914575
788671872
430276281
934477851
143087917
845548520
147328189
594286391
968528983
191953768
640131219
670211129
452256910
936250810
572182945
249132488
543503422
102429376
850849036
657217858
360148943
770702877
842716413
752477746
668933925
1541633
139709569
706628439
503550020
915847110
372284738
495145123
964099165
799421756
128382503
337683655
998627479
18624653
602389542
307011532
65353310
171123329
944246655
329852419
76272360
123891703
271141142
759350139
341039405
736887584
889540397
452388006
298388555
883925521
934743357
454087497
51561760
217694622
358474824
715282354
157112226
147780266
333451793
144319731
931101377
346818364
873635342
829968705
793052997
821134624
425271957
457309481
837015925
212749445
595728747
710316883
312516988
490070235
159220910
869920618
148443109
284015603
724110997
644953518
632514683
61868630
377009027
898766150
601796152
259775547
464158677
584308162
506968578
8881168
563191150
455409563
564786522
656091391
115723817
604587
376220472
333380325
891420807
786244778
374602880
231585099
847099523
641067208
285050843
307679669
550408844
782695686
787221467
481147833
526846925
916844655
102850203
466979376
490518678
609244038
624214516
952425684
833333068
411600129
731689893
655436133
337359072
329946960
592742005
651274958
974430298
845390164
313294942
307649527
984123059
537360730
217184437
645830887
771921381
380246941
239813200
223848301
246111363
444725420
264225570
653181662
434179432
390633157
685961456
778207170
635909046
963863220
778911120
872123356
379636305
442829229
775673826
231783668
963265880
401049157
411368580
918482757
669078742
8402235
444587658
191808544
339611106
181762286
258295629
179862498
860263156
109174254
123514911
781634251
839517253
618683242
609750802
749129098
355978881
499265409
310584987
960094048
652665869
658893634
613128524
742945553
34178601
154088666
620959465
544309551
553595682
83313343
261924061
759397769
251116683
573622081
405922800
309365109
388002951
713904375
227793701
677094689
683155565
222846696
761108016
489689918
144453386
275004530
688453954
476119028
249005568
496853059
878978783
174389602
150506559
45278020
799139845
170430231
779856122
359702290
250179627
210981644
239328947
111653161
205515276
12785887
358175997
370710771
954641925
389912521
614287601
417360093
959054557
95596944
910521451
843364759
277246343
258108802
72299023
271944150
913015176
219794251
651409659
389291915
114032522
613703502
132009828
71490929
308164134
755710846
326731134
624200301
209263922
872692052
197615227
327982041
535402103
531645308
596050221
254482484
223413272
178020346
542290720
813343603
528697314
809587219
208920675
543721384
982250334
56922148
73801285
969237658
600670998
378170111
62124655
861123836
113858752
711535821
596192844
875454218
773884536
481296748
875365467
219088240
954690977
283425008
141866990
507906828
565415960
502715464
199524855
516850589
979294357
765446774
370595843
215170586
784696180
299369293
785726096
432544207
6668453
671216242
538710339
617369004
180931331
60812459
704560331
407778995
876751143
771765056
473598547
154749297
262873018
902703057
361149845
442208180
494893808
239870923
367559524
887499040
472711715
374764022
477710924
826650201
445573835
331518442
591803689
868215443
711732573
826659723
611070793
644840306
514242286
713919423
523775020
631222971
942537148
956863875
19136547
52578577
151677742
628133974
784378409
732431538
234895568
49457762
849590027
516958379
386765176
716807328
611709145
34628609
895268904
150358239
169970634
352266420
511872507
465682306
961951833
710967359
492030909
214192676
81549276
927838105
352849427
78095421
175073862
370623617
995250007
881786752
879071185
275431762
568621951
665657157
548262181
115505857
166344251
411291981
492586824
183878645
182555835
751010831
811119551
689264632
722998498
117481747
35092956
973200948
654012497
662220675
444025453
363927177
491563232
451424254
910915323
387496297
265817342
979083029
551180703
784258085
432391342
660541117
474219834
900467313
232127900
595523559
143797165
548250687
845758777
254479868
317716995
417499877
699942926
798784937
329415886
630199247
312482410
459616995
453068577
60521648
140053734
686304696
925235250
285440728
318886162
7564843
184913984
604751961
315544766
857597819
786127826
472676354
752135976
556381481
643099276
716704296
926120517
727850396
996673456
900010104
749532801
176638110
608941059
551391817
441133814
247716052
91654307
375289787
408349719
646797723
822504820
246104354
895818641
312377872
512552158
353537493
804429739
471264623
858612943
115597912
452494908
554173616
927964873
749201211
655120429
791212758
943773473
25028442
553602939
934751277
955677589
169010985
558199238
878997165
81638689
671262524
30290292
966751495
126376441
24742698
318084132
166024376
432015577
676990322
295751272
960003285
90218623
932141867
75136009
849132848
335646338
988048423
543961843
590003910
995678932
690604353
676113963
641702871
117705572
839516553
179349536
715854287
627769429
859764106
296018606
947440892
582131238
99927717
399911543
721925211
127224669
238958017
469605597
896815069
318617481
416705080
287848933
123107347
610025051
758359932
751986601
276734242
815337373
272386736
142603572
238858067
195924006
802379867
209790426
990652622
913191514
638555175
671209829
265007430
268161198
390984408
443363998
298896904
460536645
535314455
134654686
943663207
108947589
742969726
810775407
968175658
141055149
478143564
828572793
990222755
429379681
675950928
794571918
186303674
331363615
848483036
791658877
619131631
449704935
564155869
123177802
432150269
480572445
240105339
585313474
694082150
288450369
771403078
146306563
465986457
525780598
691489388
538530881
347506843
563036701
478972873
221947747
475554889
456808717
755935203
835603901
843578306
133250856
634948212
412909166
408899733
370810315
758091879
68329236
555751531
432485570
155021055
906611651
74761373
881878572
141321435
864371864
603958535
512351991
886982719
251124964
969826253
789630807
188824537
473832154
549496947
160679196
565573141
786798981
744635263
116004071
51984262
116053186
785078980
960968173
528787275
718770015
156663347
216790059
510528054
424149370
552473557
543775126
811602152
122478373
787379339
552179302
580899554
410023125
65911893
844350128
304572931
694843263
608331625
292104599
190731502
278599661
985219742
715860342
364475371
26311171
686899748
562828473
835129715
471215401
461725385
359449793
661400399
455660040
267763404
108339689
116964692
516006541
834496498
33805256
646861681
898996115
774510958
462593969
384553881
239423902
630557813
761825884
926450461
327472755
661238562
261936440
326626720
634342356
86165825
791751983
488832810
714444089
882737296
929459400
661478330
241801447
95115697
170056146
12430475
630237842
932386191
332044307
398373150
501703761
684042030
246043876
421171824
841906894
472072264
188488602
716789553
426834272
175083630
376745989
579086599
53107803
879799143
259391762
169893996
19053573
499681639
652369712
762128164
100022335
917977226
552797070
950517864
39382277
962146472
820598180
278126199
60291408
588639165
707976918
54266414
171101799
978669461
568504360
789645798
588838357
60340733
90620390
241353337
713510073
488302215
25850455
570247412
663509132
721095536
719364845
318127629
427797426
58875902
751077468
32953538
798231416
336527099
692729587
54447111
143142830
962504876
580134280
923969387
117298686
407374842
408532351
603828224
296965173
95540760
655221790
557722177
801746073
659009950
988247999
56056041
400698397
230231106
590144012
61235542
691853986
825546926
65498668
993394777
481099766
798117645
598853290
166736123
751166182
380908802
508330213
954630447
390066421
94669063
669462798
947909902
664262912
271250142
78965685
15563099
755484321
947793174
94144186
582452048
521939230
758412707
317754430
264108395
286507347
609356274
526862822
281001625
702047522
518102372
900148415
758717951
727915827
475892022
754294430
968149017
554911886
192409189
625545271
673815023
430583634
663603338
496377063
182559126
627293367
876343849
973946857
429791910
186309177
512166454
25377493
7908230
72080478
216851988
240417641
903814910
153519564
56001050
889924911
852659049
425677095
409568552
95166577
803901789
146009045
577904333
51622605
547896038
560960308
120128350
948787772
224152989
722975404
70336461
887685004
207549815
440841232
823366970
456271424
776558683
169515593
971077482
176847180
164948769
594043837
696059225
642513805
224671542
958059677
135670674
827249156
620664796
78205903
298658687
27180621
848789131
797908530
601275896
808476989
545010194
771713447
506309772
156061779
251739387
801481781
410316019
434468396
343444057
712181180
122508325
370448855
660006772
466103577
353530069
269117654
494681829
51762778
607866685
684558213
226680922
585165744
287643094
176686904
509288149
903207604
843593673
614050164
874274024
985923803
857370925
150985013
651351819
872576203
324421050
146272049
209607659
82375898
624948907
592643663
224805034
293547586
732224471
381408167
119266684
217148607
421180742
304561776
6087588
425391969
512796479
723256208
438764513
103335671
258362365
419496456
613051409
636660820
300475722
824705613
488207040
218316882
670335474
738104463
990891675
513101344
284361282
562874457
532936888
559810154
781455347
643135892
563326275
75193638
791464496
863524096
401708838
53709741
676608239
932982048
146354036
227464735
208986709
659119443
851190703
971808756
35297506
890077987
267363229
996583555
568949781
183026349
684667329
321786146
983996405
705806599
770239956
166875537
419239251
738705887
796134856
231880759
922533832
93725303
931901005
546620297
742625651
244636039
68562073
17232142
700749750
868526598
506798664
765676945
439803730
538876740
680698193
381689639
645526113
169314366
436183497
242706641
668185539
794478958
983042322
941073670
265094857
610197964
241746341
532956465
475665430
419605681
963650573
319140120
822428870
385738813
3588879
709572924
787256780
839043520
880687197
205467289
414613587
238342225
982287594
631660284
510734071
385805087
749184223
896083362
46261994
812568608
733832027
73123942
54279476
604767380
920949105
203517964
227158869
763361863
466990301
919227329
389646752
964479384
380011427
96270414
61432987
272862044
970283636
784269086
805397593
818848196
262023816
746014233
299853760
632522344
713757733
50326894
740522458
60028756
398393514
894936283
535761296
340289466
874290035
601994854
458335419
115685764
792825072
849880366
614499661
309344464
599272812
416915812
926341944
222299863
406145329
928792275
977563333
938041990
258417189
430758103
12566848
156619324
915747403
89914550
151199791
215568712
356857967
329730806
768230397
228268740
629509407
748784927
397746144
373977908
709151391
643939681
362680046
816317281
656822161
418319025
544616576
174275944
337957221
913026551
235363613
621321980
648234399
781892063
920501278
627545851
809460573
821401127
438795967
496074485
815876467
786605831
767169369
713767623
920328053
526298069
186126872
655642807
712904110
126093571
591537177
4711354
400973690
823413819
499964122
7010029
939782348
786004432
767326924
94595014
540174069
316150062
381240802
350952167
722431173
920824428
341167818
396803094
664357087
939987331
306571883
591186709
926411683
917478598
185534394
185966013
535176129
349268938
379997710
381276386
148008420
303157745
805888398
758048987
636682086
358205880
634329308
724732369
726958639
405929448
451853170
797239863
988912344
878782252
448557001
74297538
905221270
16401560
314754224
47522048
612301306
400503897
110590195
617914418
542904875
660485525
742501502
514292388
843601403
626830735
177373637
315985608
924204992
947358663
478608071
536640248
675014789
831930447
819501422
834064312
340797114
300597796
213305492
933644730
890861160
960142847
501980574
910473715
112665990
39739987
734332155
132330492
373604344
258156903
311637828
932714578
54033771
975801416
982279699
38624345
720120585
3545504
631061420
187323846
875003914
113257526
855876328
882125149
350583243
9975480
641750685
146610454
39142154
412264019
508608914
770301232
215258674
662462958
898928133
751938753
557826939
26573217
257997562
949400370
104634766
290890687
256696096
955317691
35600891
589074060
316568716
216473097
74734821
358729064
908597569
177225067
31234880
692943506
559095933
916445039
52778178
415079695
172014955
885007758
614879609
940149687
947187036
919536533
453821583
918193503
999310528
102077990
737414677
737105511
539830260
293276533
407325300
37851808
146388379
112202539
376387584
266541414
52077644
819491128
106170656
505844725
397220631
140036823
275429571
39198722
907347817
881867380
258629431
643332506
560895380
678605836
602434605
300264590
495005295
578464266
563511157
711037106
644934201
244370204
727113459
906574457
913408156
31046659
337907328
804226519
558261855
915225407
899299674
945060965
140972200
588370431
387225423
411261061
921106228
162484053
199472455
914135154
767045114
466125598
928408964
55471856
110072922
754037025
645768802
79706297
879135092
380819479
438448924
709788762
323340855
855599337
346220946
79797148
551070826
601756722
753423244
531928710
360500284
391879043
14161701
312698
742763021
145001452
527747323
148589778
89576189
903286139
864199947
503065250
768558920
814256884
429860010
357088858
576611769
567916220
547250549
720393089
350195906
695499064
839579200
194960117
306697342
605095614
554200649
911462453
924409905
76448211
619607889
303262600
944560736
335998757
208445917
469857003
771611503
739277078
593948059
188348676
901567632
477889752
293120690
957468177
900949465
393355651
268038492
338497753
853408996
252184033
694198056
215881546
32929942
814743544
88004642
56137656
393883843
460194642
362529323
563268920
452181459
375120828
407246670
566417798
16530071
755144146
185800264
437696414
282833552
976991405
510208343
803293291
916360671
880710357
760673625
438941785
387308573
91044595
828338322
840904863
289229961
626128214
874490304
810921246
538355143
883971452
865139593
704930385
824292373
1774533
238490400
766504685
273023159
374833477
398352552
311298251
221316721
784922743
859263639
372756785
855551808
602529555
814172438
693622211
263491654
503627394
850438052
715553011
109325990
351789913
568527841
310690131
393786353
883549738
428001034
748434506
214537564
939978457
296856089
363220671
104241926
363564245
379493269
602854523
646555269
303788184
137744394
535426221
452355270
276007479
684916383
594957424
506386243
237817707
114727280
425746089
164135231
318028373
827258243
46063955
182658091
183053843
373923520
301542457
966955706
938688007
549509178
166496833
944707435
211476747
27267249
644415260
365237912
217581895
888466328
31175064
929075247
395807906
978618193
492861651
948618168
811729771
576009319
660617057
526175341
313936550
770683800
922377988
453586639
890233997
515629456
962585762
814573681
263441268
517593690
14149284
438561605
546719096
676943511
250044129
954541842
670891998
971258641
481953982
903468331
417307528
45933143
642179181
697904559
537136017
99539966
384802887
931996182
75634657
310954639
749258881
330919512
169784460
322874764
296147854
973828365
167032557
598589719
629954266
996116536
207079458
816697565
661004409
179359290
648579934
553012024
242116916
819261597
581753027
176102093
279019808
826161175
694077173
251812449
959830346
792707172
118164546
864823658
710561550
992500795
811096233
164362290
968187642
964110269
577835204
934125923
514323733
296989036
767568454
10737284
480632959
32988097
491602258
730441238
999521647
814167472
928729246
916024963
334364917
381960050
41493230
863988858
737653033
745203759
957559570
336999472
643590851
630474727
51462673
145413353
397569488
282660702
909423239
140927798
758363084
801140640
887767058
489567236
808546820
406201791
445413451
109865202
381918513
204931597
917543380
869352250
590064309
36693784
260878427
155909886
494840677
407396177
100503017
268844552
937267179
992074519
249135324
116379739
727091216
187145313
288467999
389650760
200309787
545473133
67845897
883213581
913888124
170312351
290632304
39154224
420300483
793827761
191283925
983662464
728243553
637267500
39841695
408585930
400915605
234788264
806102316
981866670
621552526
477909042
138561543
7418154
842407310
97681594
744591433
561926918
493068048
979664727
851171055
712416213
194569667
276208796
513275209
217752580
995094810
835446316
571747742
507065252
754676525
858048032
521157907
372522158
558735200
314550498
595400061
71569640
535967454
812862037
452947496
179980201
745314800
660254684
395282302
740898411
298707677
917118076
282862744
796847484
605846813
575138963
183879778
979970793
429218034
581988413
499497043
632185286
988490476
741369597
724831093
23442287
694239057
607379254
398397070
249164277
52044756
395962822
354694650
405008690
640260902
47246342
494375607
915418225
184207708
911524269
818274501
544861247
355436676
979638426
876573445
217498021
65460691
620863846
446392089
228169351
250409521
105783620
669152841
219299598
173945272
715307799
212232589
847956572
40180083
920334811
768454257
845684572
367409399
817929538
761573613
9691122
645614188
6060510
906663361
718499609
960093254
545621018
333912707
137864854
155682408
700987288
306388353
651502167
234994153
907182416
443817081
539862627
95683618
890245643
375481374
964413636
118571737
300595466
629998275
731541552
172517942
259449935
870202404
409795543
474685545
716710684
650855495
23466845
32097138
510812800
324707490
788613773
472966624
159448856
545370649
657526607
320799835
646092828
724465115
111051173
309517005
693046206
571932188
578199753
897075124
230169945
971186538
678276708
611270311
82834645
190423915
663964857
477309855
68124278
681352994
110882941
22404113
21552805
771230329
517787590
909785895
177372282
423435047
775812193
441205135
876786675
451114775
399028227
355858044
849222723
632769659
632641342
530571626
320763858
925845849
798969274
575081351
434551380
500127033
38333950
323607549
749071708
816955001
446781136
621208917
98361877
993749534
204563509
654088362
714728691
761565677
998490808
851749221
962292123
779493675
662949890
63374268
758370537
895800682
170859743
611185283
181804896
452797870
700533441
692327650
958006989
184385059
383362994
536007827
94252761
255608463
936898827
693639316
825247098
181401432
140486236
253135592
654500420
439644630
8827610
297905177
148485796
409566069
957623378
30722256
310804562
745446867
283116895
57262028
263516289
141370555
597794796
196924464
699582253
744805344
646226326
547712141
120170206
499908695
5299773
280887297
727417893
915637017
292700372
992620900
112939025
946317499
148394690
13689158
302222805
62074312
163236589
410245868
658762710
95128400
685010445
686823580
173202222
751156142
39662601
864652217
276648063
956511922
733491781
149895692
300634739
220381505
752171156
963050430
289602644
538800245
674772873
338496725
962318619
826009970
932024002
832799817
406370870
529264147
842764122
647500736
144496143
861116231
797496268
106927278
516737695
133876000
789661088
5123472
289640858
153108512
923994232
145827945
842363945
903096878
115071537
291601640
90542516
131209681
255778928
685833537
281313559
360365610
548341494
559472749
163008733
388916752
520228182
31310025
473930171
148855856
503244259
70542541
411465964
117919175
887468275
310521302
399354026
882022565
303808409
990570718
168663409
777854026
465450811
982489409
824447514
925188393
373948375
420306892
649951227
862380770
350800813
549689227
827179128
943657929
41605980
615560153
806973530
847121121
238867134
60814159
560873924
565941021
292564793
479877457
820775953
992873216
476113096
100602173
367577907
845613291
310553105
540436742
287893363
552896544
176693179
31192240
442751260
718130535
982004755
97841207
480109906
521145013
509972414
30876312
850041253
733621062
224318131
806685042
408752319
634200934
67410309
712768089
267004021
46530458
712898478
411436450
168783480
528212458
455547596
197452157
314765518
330132635
284891109
945735188
847201061
583042266
813318878
986767508
4407539
48361432
576206860
644730465
61041948
750127889
201313226
523285170
703632136
353908360
842289702
240135880
736372784
432406558
348468022
44037864
352729545
655135030
265909872
928864664
100164121
911735501
372636883
379117043
494846459
685276135
761963435
90047122
649967237
491849559
689465002
395693754
122004242
608266036
713057143
872103961
78442798
342517441
109793819
890195410
414234286
985403444
794579843
256284643
846690935
243094625
116841929
766318425
505097499
911207572
106953033
575070852
155661264
824197628
516208344
706984713
146795478
205346644
72212921
28264220
652354587
952398686
313264299
960759264
533100712
596280096
10661111
19781857
17713456
427883599
799656247
981664245
376665238
445350756
472703283
110911202
313677380
203959914
615251260
752027048
456187858
705091661
680551990
592604256
166252716
521629323
190496654
222046277
224790598
300073716
939305012
648093767
176497646
984852919
943225213
267859854
233089886
854853931
914136192
931484803
331663115
625874385
429171964
123563031
854861762
488278566
681326089
203885415
563881020
778864040
925461452
895180208
964793674
714784042
288097750
900548240
862758329
356157921
417134226
640962434
702310352
328146470
649827245
308734185
846468114
216501477
409945137
821897937
19505536
700142210
644021185
409107816
433402178
146961083
308912425
789311203
755018541
478583836
37427112
684284382
782492752
199360036
176276175
72252559
59007245
797703786
894960768
606042193
683618658
57102096
385977747
907940309
650117009
724922545
680042106
921956290
435815248
942461080
824215407
262511534
488862304
860103619
252484467
424236258
783535461
941577568
402961374
465624060
509898594
611647238
175664960
37438199
73491459
179386524
94921872
690684031
498884658
315394792
298423159
973933247
111957966
874363290
708497861
739619675
611185513
369319956
465835290
767888706
380379326
732273919
159205771
488393458
606720586
501519728
166144463
429815749
623610828
935922726
925025788
553639464
255189057
194520110
386471899
925533635
203038258
503540297
303662850
820128021
969827869
450868451
689396762
492068184
546709637
206841152
683466852
253298095
683574339
501105322
340410818
10012182
475821692
588816735
189296041
567962790
439905726
688059196
508510118
946087160
114803217
42363046
98537812
891541153
769399318
786599808
566227059
566808402
899316778
811277191
970622167
62870160
657769357
945238532
990155080
288660832
496810697
768315290
916485609
355749036
225246340
618699297
468228207
716311936
862584331
64716413
865423092
473504155
294099065
972372097
12423696
325696477
493690998
354192295
256342547
830772252
567098465
497629963
135532219
944616704
180543299
252376195
233570684
830826913
789819489
229705842
317465528
265210173
225924206
460695100
831392895
593550130
959280486
34524039
956034817
118421904
632184076
886587170
526588614
792687865
723794223
63095730
175513446
782079695
46833509
945076414
213125779
770122639
889429713
179775589
243622324
652040881
765810539
580895594
955353506
31766541
592413883
257302617
224370894
790763684
133437957
318238748
267969408
39127955
817709242
702098460
425143609
12758014
862865427
350284460
845185936
80179744
119676864
212548620
655018714
387157327
357225395
883527624
703851831
563691393
366399904
295386042
375628948
470245176
194246698
753911028
801781218
727885947
803031762
908173896
446586951
567972332
652466387
820507948
708915653
149907257
513983457
930281475
266889163
226546113
616335974
627829417
531673946
151166908
118900750
560278925
972562837
972537779
468964581
386191163
555308373
425640358
427886624
304712205
347621688
177411272
358431381
638361540
597088036
336263467
561394540
59152883
800150000
183542751
50678623
555790503
678904417
363353471
947707008
497765522
770700453
705778065
836792433
217802015
599376383
519831831
331363628
541176870
219106634
720283272
114585240
427847858
446330718
73645751
475899384
510202915
84630666
726562739
791297133
519760619
237154436
59709966
673092402
940183817
558941911
258381494
94959105
409028027
168648373
936652607
74592226
42137650
972577032
668282572
769550410
795853823
197535186
943872372
330702570
208833138
439519294
475492910
228657773
97982185
452938435
44822165
208879829
374649250
89377457
921821613
796895914
488642500
691828789
522869133
576688248
694379185
599631038
256465961
88386513
313592969
368509155
243043703
286640231
129888782
534642270
683878235
214090204
500817807
100373859
798263417
451896427
873562662
255924659
864199761
945494080
425163289
573716369
487468308
181807778
593994445
707615917
20892939
113640752
939183530
911748218
521772430
736804429
683043876
354912790
405896823
415313147
684868430
705018638
244974792
721205978
634209028
877776815
546261717
591754213
841199212
731746880
203948460
506248664
550268208
54519402
750089374
701103842
377406676
801163101
697318216
431225989
802171103
891445292
37645495
643704325
222390773
743042824
511539838
726015564
638115223
225767772
922597374
787330013
59052702
403279637
492001328
731970001
273101937
612446797
118321452
634553875
213024762
385359707
524278296
32276894
799918272
562462900
560427317
335138348
3559672
741995112
27098275
627859053
932699954
320739762
28798099
240306810
448986035
168054892
369795700
514826580
517105001
438001446
132400600
784191285
951278815
885254327
632899322
191075476
153987290
96287980
743665659
660326877
84884990
849786784
17492528
809225482
808967231
762334418
300950784
9930187
583951503
359302268
714135493
777494683
621090365
851313274
402957084
312888274
862118718
632070787
126411621
316875986
218439567
633332351
312675297
162319949
520349282
557189619
813939932
934011859
174594780
936697242
127637362
282541382
736930025
901758791
801673063
266235888
954242803
798987224
918314621
696542349
124861100
664074895
895762856
368950250
383157976
987572736
386981529
552701639
917920138
643010030
101634290
18507261
61394401
660059996
966824067
679039586
954508768
20610920
260814795
6572783
571417762
883942339
8938821
337212540
643364694
982503469
496326915
518502407
143813379
143030147
341417858
927872200
87563086
181991474
520158971
410460301
572919007
90785696
477337716
751616791
858139058
806018871
349952198
993379040
150659579
450063433
253876549
93747123
533383115
47431638
368336921
540946842
921239031
422506306
883570645
343947696
795627428
987169017
95505754
189104721
911689833
492288484
672062527
