192
1
76616825376
2
38308412688
3
25538941792
4
19154206344
6
12769470896
7
10945260768
8
9577103172
12
6384735448
13
5893601952
14
5472630384
16
4788551586
21
3648420256
24
3192367724
26
2946800976
28
2736315192
31
2471510496
32
2394275793
39
1964533984
42
1824210128
48
1596183862
52
1473400488
56
1368157596
62
1235755248
78
982266992
84
912105064
91
841943136
93
823836832
96
798091931
104
736700244
112
684078798
124
617877624
156
491133496
168
456052532
182
420971568
186
411918416
208
368350122
217
353072928
224
342039399
248
308938812
273
280647712
312
245566748
336
228026266
364
210485784
372
205959208
403
190116192
416
184175061
434
176536464
496
154469406
546
140323856
624
122783374
651
117690976
672
114013133
728
105242892
744
102979604
806
95058096
868
88268232
992
77234703
1092
70161928
1209
63372064
1248
61391687
1302
58845488
1456
52621446
1488
51489802
1612
47529048
1736
44134116
2184
35080964
2418
31686032
2604
29422744
2821
27159456
2912
26310723
2976
25744901
3224
23764524
3472
22067058
4368
17540482
4836
15843016
5208
14711372
5642
13579728
6448
11882262
6944
11033529
8463
9053152
8736
8770241
9672
7921508
10416
7355686
11284
6789864
12896
5941131
16926
4526576
19344
3960754
20832
3677843
22568
3394932
33852
2263288
38688
1980377
45136
1697466
67704
1131644
90272
848733
135408
565822
270816
282911
