72
1
82610316032
2
41305158016
4
20652579008
8
10326289504
16
5163144752
32
2581572376
59
1400174848
64
1290786188
118
700087424
128
645393094
236
350043712
256
322696547
472
175021856
719
114896128
944
87510928
1438
57448064
1888
43755464
2876
28724032
3776
21877732
5752
14362016
7552
10938866
7607
10859776
11504
7181008
15104
5469433
15214
5429888
23008
3590504
30428
2714944
42421
1947392
46016
1795252
60856
1357472
84842
973696
92032
897626
121712
678736
169684
486848
184064
448813
243424
339368
