320
1
89460500080
2
44730250040
4
22365125020
5
17892100016
7
12780071440
8
11182562510
10
8946050008
14
6390035720
16
5591281255
20
4473025004
23
3889586960
28
3195017860
35
2556014288
40
2236512502
46
1944793480
56
1597508930
70
1278007144
80
1118256251
92
972396740
107
836079440
112
798754465
115
777917392
139
643600720
140
639003572
161
555655280
184
486198370
214
418039720
230
388958696
278
321800360
280
319501786
322
277827640
368
243099185
428
209019860
460
194479348
467
191564240
535
167215888
556
160900180
560
159750893
644
138913820
695
128720144
749
119439920
805
111131056
856
104509930
920
97239674
934
95782120
973
91942960
1070
83607944
1112
80450090
1288
69456910
1390
64360072
1498
59719960
1610
55565528
1712
52254965
1840
48619837
1868
47891060
1946
45971480
2140
41803972
2224
40225045
2335
38312848
2461
36351280
2576
34728455
2780
32180036
2996
29859980
3197
27982640
3220
27782764
3269
27366320
3736
23945530
3745
23887984
3892
22985740
4280
20901986
4670
19156424
4865
18388592
4922
18175640
5560
16090018
5992
14929990
6394
13991320
6440
13891382
6538
13683160
7472
11972765
7490
11943992
7784
11492870
8560
10450993
9340
9578212
9730
9194296
9844
9087820
10741
8328880
11120
8045009
11984
7464995
12305
7270256
12788
6995660
12880
6945691
13076
6841580
14873
6014960
14980
5971996
15568
5746435
15985
5596528
16345
5473264
17227
5193040
18680
4789106
19460
4597148
19688
4543910
21482
4164440
22379
3997520
24610
3635128
25576
3497830
26152
3420790
29746
3007480
29960
2985998
31970
2798264
32690
2736632
34454
2596520
37360
2394553
38920
2298574
39376
2271955
42964
2082220
44758
1998760
49220
1817564
49969
1790320
51152
1748915
52304
1710395
53705
1665776
59492
1503740
59920
1492999
63940
1399132
64913
1378160
65380
1368316
68908
1298260
74365
1202992
75187
1189840
77840
1149287
85928
1041110
86135
1038608
89516
999380
98440
908782
99938
895160
104111
859280
107410
832888
111895
799504
118984
751870
127880
699566
129826
689080
130760
684158
137816
649130
148730
601496
150374
594920
171856
520555
172270
519304
179032
499690
196880
454391
199876
447580
208222
429640
214820
416444
223790
399752
237968
375935
249845
358064
255760
349783
259652
344540
261520
342079
275632
324565
297460
300748
